100
2.899456721347641 6.38817617270481
2.48100857853725 7.49816784241679
3.3582045482948906 6.198957805067653
3.3000445880120415 7.917515646527211
3.4112439017365634 7.949081037821189
2.834998240270357 7.061300953858371
3.5954584491463155 6.119644931435728
2.282700871217805 7.78724095024595
2.4596222470107207 7.442678836082292
3.682760885404021 6.4709009797545205
3.690579554292696 6.80664406301972
3.516186014917669 6.448112064855312
2.6911395734831034 6.096072158707709
2.0701134317555305 7.497751245178955
3.5335064752290695 6.071775158345992
2.671244807263747 6.1288640081191135
2.8032952833169595 6.227499685994298
2.863772923704815 6.120290943780999
2.765309269054509 7.410870913990562
3.8577109253048607 7.4965210080977664
2.3918677638020363 6.376028282101608
2.1964294902773505 6.519675608644578
2.91570608274707 6.629220808844412
2.10558870939351 7.1959839021207
3.4976766307746505 7.762785988921864
2.951632117712259 7.500574984439906
3.0128269706349973 6.170956019385181
3.2854795939997237 7.07022698763903
2.74836885234533 7.590935257848372
3.6205699248636343 6.863947776505642
2.080888668465153 7.687565304428557
3.935946586575655 6.252831413459306
3.7476723101266085 7.557870439983451
2.0658601680325344 7.15760001625191
3.7645687605061675 6.05840080931682
3.443991668459732 7.201996537827419
3.6904766588613382 6.53462025372057
2.2107201907551577 6.207024260428566
2.4412521289375912 7.161989062541366
2.4104205803983483 6.838240003766465
2.9446404234523507 6.103917191772508
2.7811875845311325 6.734824009056501
3.9685512827591856 6.237743420827045
2.505910509705506 6.48287513762568
3.3785326329353413 7.602619075009098
3.9656810866846044 7.8964250548761745
3.165927293791659 6.686225350996458
3.3454488390813104 7.4747212498985505
3.4340530491924213 7.080224841719169
2.512036990803974 7.929606199147348
2.909882700126318 6.813181592624443
3.7848213643264916 7.706700172302398
3.7626671900014625 6.425701608037504
2.0584167258186463 7.560157528226483
3.425522221559887 6.569407448857291
2.944643866922803 6.699871429419488
3.1838880307024073 7.624282319944951
3.973121113040622 7.929111601209138
2.083665435244697 7.56180603347378
3.5310429156430905 6.198965473929659
2.5825834502701825 6.4705358632210155
2.7073153324304755 7.500992381535564
3.459346250572908 6.597928821832524
2.962486345591493 7.995339135915763
3.8923400995662085 7.779136631145852
3.7793074770294854 6.042138086403245
3.146110214686285 6.550362098417678
2.7411982958962264 6.486592774400504
3.0505913629392563 7.323774800609182
2.382289921936543 7.301142739223541
3.918718157631578 6.777419356645274
3.7435650280269614 7.2153138718898315
3.666674133791423 6.231516783214982
3.638826298483613 6.472237876091621
3.2629469371592292 7.5729372358532645
2.729541781154482 6.111455386373633
3.360591522561304 6.251931628353468
3.457224107593862 6.377337286271136
3.0525202217408296 6.359714029703387
3.1409739122431257 6.648312653064986
2.497467597469293 6.680768893799587
3.599293491299356 7.888508392322503
2.0016003023783715 6.7821876446237015
3.6126735623687045 7.8395459246803485
2.8510955009533245 6.588769070561393
3.7838757530117073 7.57398940146935
3.2539968137149997 6.44574921480031
2.9111889131743993 7.334762441431549
2.3146950706107168 6.110383309906742
2.7668543709998072 7.905233674542138
2.017469502672805 7.387783836698655
2.539530228826623 6.444637369456689
3.4042465141422493 7.184826909411772
2.592013358517163 6.850012287730144
3.3955381635364272 6.150530160464827
3.781048333219788 6.347208854536376
2.7295589753264338 6.9568511986010755
3.999876667139702 6.6903964294062375
3.8946603155378456 6.3606799936384935
2.1645025914071923 6.007626439217139
