100
9.138 4.494
8.632 5.209
8.527 5.622
9.745 4.960
9.960 5.585
9.984 4.433
9.900 5.712
9.951 4.503
9.907 5.913
9.193 4.869
9.615 4.371
8.204 4.632
9.982 4.475
8.977 5.438
9.613 4.463
9.954 5.499
9.138 4.073
9.108 5.174
8.941 5.348
9.050 5.005
9.620 4.310
8.927 4.724
8.223 4.165
8.889 5.904
9.722 5.557
9.676 4.155
8.823 5.457
8.750 5.829
9.761 5.668
9.565 5.516
9.809 4.865
9.622 4.873
8.854 4.366
8.947 5.968
9.940 4.550
9.152 5.947
8.895 4.713
9.826 5.430
9.838 4.620
9.199 4.425
9.558 4.833
9.410 4.561
9.980 5.715
9.256 5.376
9.327 4.471
9.013 5.213
9.557 4.614
9.979 4.171
9.536 5.653
8.702 5.456
9.473 4.402
9.801 4.501
9.095 5.408
9.334 4.811
9.933 5.853
8.204 5.406
8.953 4.080
8.354 4.817
9.919 4.986
8.859 5.474
9.307 4.382
9.769 5.786
9.034 5.626
8.582 5.546
9.460 4.083
9.844 4.963
9.827 5.907
8.549 4.880
9.563 5.755
9.922 5.859
8.264 4.636
9.662 5.684
9.035 4.757
8.737 5.325
9.861 5.175
9.895 5.025
9.904 4.371
9.739 4.389
9.775 4.136
8.664 5.090
9.527 5.603
9.824 5.449
9.612 4.235
8.995 5.282
9.740 4.623
9.517 4.867
9.174 5.897
9.040 5.214
9.125 4.937
8.707 4.247
8.622 5.813
9.295 5.153
9.494 4.108
9.193 5.596
9.990 5.954
8.914 5.998
9.403 4.590
9.982 4.735
9.141 4.316
9.640 4.148
