2223 2
0 core 0.426 2.301 
1 core 10.949 6.093 
2 core 0.920 4.669 
3 core 5.740 8.424 
4 core 1.190 4.811 
5 core 10.693 4.505 
6 core 9.362 6.014 
7 core 0.075 4.296 
8 core 2.222 4.189 
9 core 6.160 10.391 
10 core 11.182 4.328 
11 core 10.186 6.289 
12 core 4.618 9.538 
13 core 0.991 4.384 
14 core 9.983 3.538 
15 core 10.161 3.266 
16 core 5.051 10.534 
17 core 9.273 6.030 
18 core -0.950 3.675 
19 core 4.021 10.423 
20 core -0.083 5.263 
21 core 10.809 4.562 
22 core 9.984 2.926 
23 core 10.044 4.459 
24 core 6.510 10.981 
25 core 3.646 4.600 
26 core 0.334 4.763 
27 core 0.455 6.761 
28 core 1.487 4.776 
29 core 6.617 8.536 
30 core 5.648 10.452 
31 core 1.179 6.815 
32 core 1.359 5.778 
33 border 3.337 12.517 
34 core 0.442 4.097 
35 core 0.822 4.153 
36 border 8.075 10.656 
37 core -0.652 3.259 
38 core 4.909 9.160 
39 core 9.715 7.217 
40 core 1.354 3.944 
41 core 1.405 4.452 
42 core 10.476 3.046 
43 core 4.929 9.723 
44 core 2.489 4.844 
45 core 4.895 9.700 
46 core 11.552 6.640 
47 core 1.817 5.242 
48 core 8.988 3.443 
49 core 4.687 9.391 
50 core 1.284 4.265 
51 core 1.224 5.565 
52 core 3.610 10.564 
53 core 0.603 6.435 
54 core 9.636 3.177 
55 core 4.755 11.794 
56 core 1.938 3.775 
57 core 3.188 8.263 
58 core 1.150 3.637 
59 core 1.898 5.870 
60 core 5.205 8.527 
61 core 10.867 6.183 
62 core 7.788 4.721 
63 core 2.642 5.019 
64 core 1.344 4.080 
65 core 4.140 10.733 
66 core 0.409 4.389 
67 core 10.746 3.679 
68 core -0.333 6.111 
69 core 5.001 10.339 
70 core 1.090 3.169 
71 core 4.559 10.825 
72 core 0.780 5.831 
73 core 1.740 4.025 
74 core 10.021 4.504 
75 core 6.494 10.327 
76 core 8.015 3.869 
77 core 10.193 4.458 
78 core 3.453 8.303 
79 core 4.778 10.287 
80 core 11.094 4.127 
81 core 3.765 4.737 
82 core 4.391 9.908 
83 core 2.477 8.904 
84 core 4.097 9.715 
85 core 11.111 6.034 
86 core 10.534 4.473 
87 core 1.144 4.715 
88 core -0.060 5.602 
89 core 4.846 10.642 
90 core 10.724 3.472 
91 core 4.799 10.766 
92 core 9.794 3.553 
93 core 0.606 6.104 
94 core 9.582 5.148 
95 core 6.073 9.966 
96 core 1.672 5.573 
97 core 5.552 9.093 
98 core 10.008 6.264 
99 core 4.166 10.801 
100 core 5.715 9.560 
101 core 10.092 4.780 
102 core 9.556 2.523 
103 core 5.373 9.426 
104 core 6.072 11.332 
105 core 1.018 4.418 
106 core 10.404 5.347 
107 core 0.463 3.997 
108 core 0.613 5.442 
109 core 2.032 5.580 
110 core -0.019 5.484 
111 core 5.733 10.015 
112 core 1.780 4.876 
113 core 10.057 3.751 
114 core 3.268 10.307 
115 core 4.101 9.871 
116 core 0.033 5.498 
117 core 4.681 9.321 
118 core 0.096 5.556 
119 core 4.728 9.273 
120 core 10.510 5.944 
121 core 11.259 4.800 
122 core 0.808 4.643 
123 core 10.292 4.870 
124 core 4.964 8.424 
125 core 0.912 3.406 
126 core 11.093 5.217 
127 core 8.983 2.595 
128 core 10.486 4.007 
129 core 4.254 9.700 
130 core 11.014 4.556 
131 core 10.102 2.974 
132 core 6.040 9.730 
133 core 5.466 9.376 
134 core 1.666 4.861 
135 core 10.180 6.519 
136 core 10.005 5.475 
137 core 4.517 11.261 
138 core 4.666 8.566 
139 core 5.836 8.511 
140 core 0.967 5.690 
141 core 10.258 5.091 
142 core 5.001 9.109 
143 core 3.781 10.348 
144 core 0.095 3.404 
145 core 0.233 3.565 
146 core 11.442 3.675 
147 core 3.385 10.504 
148 core -0.465 5.470 
149 core 11.018 5.833 
150 core 2.428 3.708 
151 core 9.955 5.824 
152 core 4.992 10.258 
153 core 11.164 6.549 
154 core 0.493 5.473 
155 core 4.461 8.396 
156 core 3.106 8.712 
157 core 1.129 5.708 
158 core 4.506 8.470 
159 core 9.934 3.464 
160 core 10.394 4.849 
161 core 0.526 3.523 
162 core 5.553 10.307 
163 core 10.197 3.934 
164 core 4.164 10.383 
165 core 4.565 8.737 
166 core 2.125 5.346 
167 core 10.347 5.874 
168 core 5.007 10.367 
169 core 4.880 9.393 
170 core 5.761 11.103 
171 core 10.179 2.198 
172 core 11.523 3.218 
173 core 6.364 9.233 
174 core 5.975 10.046 
175 core 1.351 5.514 
176 core 0.106 4.609 
177 core 11.220 3.999 
178 core -0.952 4.300 
179 core 8.938 3.949 
180 core 5.304 10.600 
181 core 5.228 11.285 
182 core 1.615 5.151 
183 core 1.080 3.935 
184 core 2.356 6.213 
185 core 1.816 5.212 
186 core 10.896 4.408 
187 core 1.195 5.298 
188 core -0.283 5.415 
189 core 10.249 3.967 
190 core 0.737 4.500 
191 core 5.831 9.426 
192 core 2.069 4.280 
193 border 3.336 3.018 
194 core 0.885 2.390 
195 core 10.666 4.692 
196 core 3.690 9.636 
197 core 2.394 5.845 
198 core 1.003 6.012 
199 core 10.457 4.077 
200 core 0.009 5.901 
201 core 0.724 4.988 
202 core 4.499 8.917 
203 core 6.447 10.399 
204 core 0.904 4.461 
205 core 0.863 6.156 
206 core 2.095 3.974 
207 core 4.580 10.839 
208 core 1.232 4.154 
209 core 3.856 9.434 
210 core 5.928 8.243 
211 core 9.416 3.810 
212 core 6.416 11.746 
213 core 4.806 10.628 
214 core 2.158 4.050 
215 core -0.153 4.060 
216 core 6.105 11.056 
217 core 8.874 3.488 
218 core 1.260 6.972 
219 core 11.159 4.319 
220 core 0.665 6.255 
221 core 5.384 10.163 
222 core 5.903 9.408 
223 core 0.469 5.322 
224 core 10.866 4.658 
225 core 2.721 4.324 
226 core 2.205 3.519 
227 core 10.405 3.856 
228 core 0.495 3.378 
229 core 10.303 4.691 
230 core 5.614 7.880 
231 core 1.991 5.539 
232 core 1.812 5.395 
233 core 5.538 8.145 
234 core 3.612 11.215 
235 core 1.904 3.826 
236 core 4.093 9.926 
237 core 6.388 10.945 
238 core 5.304 9.745 
239 core 0.406 5.235 
240 core 6.704 11.184 
241 core 9.975 6.337 
242 border 10.554 7.633 
243 core 10.154 5.158 
244 core 2.172 5.613 
245 core 5.314 11.480 
246 core -0.221 3.388 
247 core 4.042 9.474 
248 core 2.118 4.006 
249 border 11.771 2.652 
250 core 5.339 10.027 
251 core 5.440 9.683 
252 core 4.330 9.347 
253 core 5.106 8.847 
254 core 1.583 4.137 
255 core 1.592 5.236 
256 core 9.875 3.159 
257 core 4.824 11.005 
258 core 0.559 5.382 
259 core 10.805 5.542 
260 core 2.218 4.676 
261 core 7.329 9.989 
262 core 6.856 9.298 
263 core 9.849 6.632 
264 core 11.580 5.539 
265 core 10.711 4.930 
266 core 6.427 7.826 
267 core 11.266 4.863 
268 core 9.523 5.580 
269 core 0.411 3.082 
270 core 5.869 10.120 
271 core 4.892 10.098 
272 core 3.626 10.905 
273 core 2.585 4.749 
274 core 9.912 3.790 
275 core 0.920 5.924 
276 core -0.147 4.839 
277 core 2.480 5.125 
278 core 4.912 10.847 
279 core 1.319 5.630 
280 core 0.316 2.501 
281 core 10.146 3.773 
282 core 1.444 4.232 
283 core 1.657 5.843 
284 core 3.877 8.886 
285 core 3.603 10.537 
286 core 4.253 9.517 
287 core 10.136 3.565 
288 core 3.371 11.589 
289 core 10.532 4.173 
290 core 3.208 10.125 
291 core 10.375 2.680 
292 core 1.573 4.669 
293 core 0.565 4.645 
294 core 7.973 5.817 
295 core 10.015 4.165 
296 core 10.714 5.653 
297 core 1.662 4.194 
298 core 5.464 9.548 
299 core 1.443 4.684 
300 core 0.221 5.379 
301 core 4.716 10.647 
302 core 8.906 6.038 
303 core 10.079 3.474 
304 core 10.553 5.149 
305 core 10.369 5.711 
306 core 4.619 10.357 
307 core 6.505 10.505 
308 core 0.345 4.265 
309 core 4.572 8.001 
310 core 0.724 3.722 
311 core 5.205 12.135 
312 core 0.535 6.270 
313 core 7.037 11.673 
314 core 5.549 11.137 
315 core -0.211 5.714 
316 core 5.333 11.703 
317 core -0.640 6.078 
318 core 3.776 9.892 
319 core 0.364 4.820 
320 core 0.667 5.492 
321 core 7.666 5.712 
322 core 0.609 4.670 
323 core 9.905 3.777 
324 core 10.099 5.269 
325 core 1.449 4.643 
326 core 5.899 9.166 
327 core 1.869 5.434 
328 core 2.066 4.104 
329 core 10.235 4.934 
330 core 0.321 6.941 
331 core 0.091 3.851 
332 core 4.737 10.533 
333 core 4.531 8.977 
334 core 0.604 4.146 
335 core 1.916 4.296 
336 core 4.961 9.643 
337 core 0.408 5.820 
338 core 2.975 6.067 
339 core 5.274 9.944 
340 core 10.396 6.117 
341 core 10.427 4.413 
342 core 6.270 9.940 
343 core 4.506 10.104 
344 core 4.462 10.046 
345 core 5.906 8.140 
346 core 0.614 4.368 
347 core 1.797 5.629 
348 core 5.943 10.481 
349 core -0.456 4.984 
350 core -0.674 5.398 
351 core 9.300 6.128 
352 core 2.427 5.453 
353 core 4.582 10.690 
354 core 1.729 4.707 
355 core 4.084 8.055 
356 core 8.945 6.225 
357 core 3.452 10.347 
358 core 4.414 11.893 
359 core 10.030 5.630 
360 core 10.367 6.480 
361 core -0.488 4.696 
362 core 5.529 11.721 
363 core 9.909 4.576 
364 core 10.566 5.247 
365 core 9.585 6.257 
366 core 1.563 4.716 
367 core 0.445 3.933 
368 core 2.424 4.590 
369 core 10.383 5.376 
370 core 0.586 5.177 
371 core 1.765 4.198 
372 core 0.445 4.288 
373 core 0.383 4.555 
374 core 9.613 6.373 
375 core -0.220 5.177 
376 core 1.738 4.692 
377 core 0.654 5.238 
378 core 4.207 9.444 
379 core 0.639 4.293 
380 core 4.250 9.660 
381 core 10.938 5.274 
382 core 4.040 9.437 
383 core 1.064 4.854 
384 core 4.900 9.763 
385 core 7.350 9.761 
386 core 5.069 9.919 
387 core 2.761 4.759 
388 core 10.086 4.860 
389 core 4.697 11.189 
390 core 5.900 11.137 
391 core 1.781 6.894 
392 core 3.230 10.507 
393 core 9.269 7.327 
394 core 10.238 6.591 
395 core 1.652 5.659 
396 core 5.389 9.815 
397 core 9.365 6.551 
398 core 0.406 3.640 
399 core 2.845 11.082 
400 core 11.244 5.783 
401 core 1.352 3.024 
402 border -1.853 5.866 
403 core 5.435 8.332 
404 core 9.858 4.234 
405 core 10.146 6.602 
406 core 3.174 5.144 
407 core -0.065 4.487 
408 core 2.595 6.572 
409 core 5.995 9.515 
410 core 4.384 10.191 
411 core 4.317 9.818 
412 core 12.420 4.719 
413 core 10.490 6.600 
414 core 2.923 4.244 
415 core 10.739 4.492 
416 core 2.477 4.381 
417 core 4.919 10.561 
418 core 10.740 4.800 
419 core 10.146 4.891 
420 core 0.181 5.968 
421 core 10.912 7.266 
422 core 10.158 6.183 
423 core 5.975 7.736 
424 core 9.668 6.109 
425 core 10.115 4.878 
426 core -0.286 5.722 
427 core 4.440 8.028 
428 core 4.789 9.946 
429 core 3.807 9.205 
430 core 10.889 4.004 
431 core 4.104 8.870 
432 core 1.289 4.014 
433 core 1.862 6.014 
434 core 1.350 3.665 
435 core 6.835 10.211 
436 core 5.126 9.859 
437 core 10.027 4.580 
438 core 10.356 3.409 
439 core 0.090 5.978 
440 core 5.168 9.767 
441 core 6.215 10.847 
442 core 3.695 8.330 
443 core 1.062 5.308 
444 core 10.100 5.154 
445 core 4.565 9.505 
446 core 3.074 9.832 
447 core -0.285 4.141 
448 core 4.060 10.401 
449 core 1.237 4.676 
450 core 1.078 5.316 
451 core 6.955 9.659 
452 core 6.616 9.507 
453 core 5.480 10.563 
454 core 5.718 8.831 
455 core 1.997 5.686 
456 core 7.942 5.090 
457 core 0.443 3.196 
458 core -0.698 5.853 
459 core 1.222 5.869 
460 core 10.235 5.092 
461 core 4.600 9.964 
462 core 5.444 8.568 
463 core 10.849 4.936 
464 core 5.943 7.720 
465 core 11.171 4.673 
466 core 10.822 4.137 
467 core 8.302 3.718 
468 core 10.933 5.325 
469 core 4.300 12.019 
470 core 5.762 10.420 
471 core 1.774 4.524 
472 core 0.191 4.438 
473 core 5.348 9.659 
474 core 3.285 4.791 
475 core 5.379 11.599 
476 core 11.283 5.097 
477 core 9.878 3.367 
478 core 1.670 6.525 
479 core 4.040 11.674 
480 core 4.753 11.392 
481 core 5.653 10.539 
482 core 0.215 4.342 
483 core 11.346 4.085 
484 core 5.315 9.412 
485 core 0.369 5.018 
486 core 0.312 5.903 
487 core 3.770 9.723 
488 core 5.717 10.510 
489 core 1.741 5.064 
490 core -0.562 5.309 
491 core 4.585 10.028 
492 core 4.344 9.900 
493 border 1.985 2.610 
494 core 5.312 10.365 
495 core 10.111 5.463 
496 core 10.589 6.331 
497 core 10.604 5.420 
498 core 10.564 4.758 
499 core 1.852 5.368 
500 core 1.460 6.734 
501 core 5.338 11.840 
502 core 5.763 10.807 
503 core 10.642 6.332 
504 core 0.785 6.747 
505 core 1.144 5.696 
506 core 0.836 5.238 
507 core 0.586 6.284 
508 core 10.250 5.247 
509 core 1.751 3.993 
510 core -0.375 4.815 
511 core 1.691 3.987 
512 core 1.567 4.480 
513 core 5.349 10.631 
514 core 1.804 4.263 
515 core 8.672 6.313 
516 core 0.177 5.677 
517 core 4.856 9.751 
518 core 4.691 12.399 
519 core 0.186 4.737 
520 core 10.687 4.356 
521 noise 5.860 14.169 
522 core 0.333 5.002 
523 core 6.068 8.172 
524 core 1.123 5.780 
525 core 4.857 8.413 
526 core 5.148 9.043 
527 core 0.320 4.995 
528 core -0.416 5.201 
529 core 5.435 9.459 
530 core 4.985 7.891 
531 border 12.043 2.826 
532 core 4.161 9.572 
533 core 3.573 8.321 
534 core 1.611 4.760 
535 core 7.802 5.726 
536 core 0.712 5.425 
537 core 3.791 11.369 
538 core 4.384 7.675 
539 core 5.000 8.495 
540 core 10.162 5.785 
541 core 10.458 5.303 
542 border 12.971 3.947 
543 core 1.241 4.097 
544 core 0.973 5.179 
545 core 12.182 5.052 
546 core 2.009 7.268 
547 core 10.265 4.821 
548 core 0.873 5.394 
549 core 5.386 9.195 
550 core -0.230 5.279 
551 core 5.099 10.802 
552 core 10.361 7.141 
553 core 4.711 11.056 
554 border 1.927 9.871 
555 core 4.583 8.605 
556 core 5.104 9.961 
557 core 10.445 5.217 
558 core 5.417 10.725 
559 core 3.482 11.307 
560 core 5.680 8.820 
561 core 1.098 5.198 
562 core 0.862 4.891 
563 core 4.803 9.343 
564 core 1.090 6.424 
565 core 0.420 5.549 
566 core 6.339 11.214 
567 core 5.439 10.629 
568 core 1.715 4.913 
569 core 1.585 5.434 
570 core 4.797 8.675 
571 core 10.107 3.828 
572 core 4.812 9.590 
573 core 1.102 4.787 
574 core 3.721 8.055 
575 core 6.064 9.485 
576 core 0.115 4.373 
577 core 4.263 9.597 
578 core 10.098 5.164 
579 core 0.224 6.204 
580 core 10.328 3.242 
581 core 1.308 3.874 
582 core 2.253 4.726 
583 core 9.684 3.685 
584 core 2.289 5.101 
585 core 5.339 10.068 
586 core 5.668 10.295 
587 core 0.595 4.761 
588 core 1.969 4.491 
589 core 4.910 9.435 
590 core 3.611 9.155 
591 core 1.156 5.789 
592 core 11.052 5.037 
593 core 10.878 6.533 
594 core 1.606 5.980 
595 core 5.555 11.674 
596 core 4.707 9.396 
597 core 3.857 9.813 
598 core 4.050 9.735 
599 core 11.065 3.100 
600 core 1.797 4.414 
601 core 4.590 9.255 
602 core 5.674 9.163 
603 core 1.828 4.874 
604 core 11.677 5.000 
605 core 3.194 8.909 
606 core 2.435 4.385 
607 core 10.101 2.764 
608 core 10.297 5.342 
609 core 10.338 6.157 
610 border 7.858 7.112 
611 core 9.175 3.767 
612 core 4.209 10.309 
613 core 11.077 4.901 
614 core 5.037 9.126 
615 core 2.214 4.205 
616 core 1.094 4.276 
617 core 4.723 11.548 
618 core 9.762 6.274 
619 border 10.523 7.674 
620 core 6.431 9.891 
621 core 0.321 5.265 
622 core -0.312 4.485 
623 core 0.805 4.528 
624 core 5.755 9.919 
625 core 4.255 10.013 
626 core -0.822 4.098 
627 core 4.708 8.674 
628 core 4.922 9.518 
629 core 4.139 12.496 
630 core 0.410 6.242 
631 core 4.545 10.886 
632 core 11.012 5.297 
633 core -0.316 5.613 
634 core 5.333 11.253 
635 core 1.469 5.252 
636 core 1.921 3.048 
637 border 7.626 9.397 
638 core 1.095 5.695 
639 core 3.313 10.939 
640 core 3.420 8.268 
641 core 3.343 9.735 
642 core 1.276 4.212 
643 core 11.185 6.203 
644 core 11.729 4.746 
645 core 5.262 10.257 
646 core 5.770 10.223 
647 core 2.532 3.854 
648 core 2.398 5.160 
649 core -0.424 5.457 
650 core 9.814 6.068 
651 border 7.382 3.500 
652 core 10.124 3.440 
653 core 5.494 9.296 
654 core 1.675 5.212 
655 core 3.920 9.676 
656 core 4.425 8.189 
657 core -0.010 3.094 
658 core 1.473 6.502 
659 core 1.002 4.214 
660 core 5.695 9.799 
661 core 5.613 11.130 
662 core 4.443 10.947 
663 core 5.720 10.610 
664 core 5.538 10.035 
665 core 5.057 9.709 
666 core 5.682 10.908 
667 core 6.583 10.513 
668 core 4.223 9.396 
669 border 10.972 2.019 
670 core 1.168 4.673 
671 core 3.341 6.644 
672 core 10.332 5.726 
673 core 0.160 5.653 
674 core 10.785 5.230 
675 core 1.863 5.215 
676 core 10.708 4.805 
677 core 2.639 9.174 
678 core 4.281 11.083 
679 core 0.878 5.465 
680 core 0.881 3.434 
681 core 4.688 10.241 
682 core 8.399 7.033 
683 core 10.396 5.521 
684 core 0.792 5.105 
685 core 11.075 5.245 
686 border 4.263 12.816 
687 border 7.559 11.153 
688 core 5.546 10.118 
689 core 5.116 11.280 
690 core 3.819 10.659 
691 core 5.482 11.476 
692 core 0.685 4.610 
693 core -0.962 4.695 
694 core 9.852 6.390 
695 core 12.036 4.427 
696 core 0.442 5.993 
697 core 10.623 4.592 
698 core 1.197 5.139 
699 core 10.527 5.303 
700 core 0.228 4.776 
701 core 4.852 12.133 
702 core 1.534 4.626 
703 core 0.637 6.768 
704 core -0.128 5.396 
705 core 10.639 5.483 
706 core 9.974 3.853 
707 core 3.867 11.292 
708 core 9.088 3.636 
709 core 5.219 10.040 
710 core 5.511 10.520 
711 core 3.032 4.365 
712 core -0.705 5.435 
713 core 1.808 6.565 
714 core 11.255 4.264 
715 core 0.707 3.228 
716 core 1.623 5.649 
717 core 10.532 3.529 
718 core 3.923 8.545 
719 core 5.039 9.685 
720 core 0.324 6.745 
721 core -0.914 5.443 
722 core 5.406 10.357 
723 core 0.001 5.923 
724 core 5.691 11.630 
725 core 2.041 4.523 
726 core 2.981 4.475 
727 core 4.126 10.278 
728 core 2.254 5.337 
729 core 2.981 6.047 
730 core 6.136 9.077 
731 core 9.937 4.714 
732 core 10.644 5.647 
733 core -0.685 5.140 
734 core 7.964 4.918 
735 core 10.293 5.121 
736 core 6.281 9.626 
737 core 6.578 10.058 
738 core 7.579 3.769 
739 core 9.708 6.645 
740 core 4.839 10.504 
741 core 1.641 4.161 
742 core 10.966 4.203 
743 core 0.590 4.862 
744 core 10.548 4.593 
745 core 8.671 3.937 
746 core 8.901 3.146 
747 core 10.367 4.733 
748 core 1.723 5.426 
749 core 5.477 9.719 
750 core 4.022 9.266 
751 core 1.710 4.639 
752 core 10.309 6.343 
753 core 1.338 3.379 
754 core 0.922 4.568 
755 core 5.615 9.162 
756 core 7.285 9.432 
757 core 10.448 4.249 
758 border 13.019 5.911 
759 core 2.454 5.161 
760 core 0.068 5.460 
761 core 4.593 8.987 
762 core 10.316 4.697 
763 core 4.667 8.529 
764 core 0.531 5.318 
765 core 1.981 6.396 
766 core 1.352 5.639 
767 core 6.352 10.322 
768 core 0.456 4.645 
769 core 10.024 3.870 
770 core -0.859 4.778 
771 core 4.133 10.335 
772 core 4.991 11.540 
773 core 9.622 6.430 
774 core 10.290 3.886 
775 core 1.151 4.917 
776 core 10.376 3.866 
777 border -1.587 5.214 
778 core 10.008 3.621 
779 core 5.828 11.052 
780 core 4.485 11.288 
781 core 10.488 4.681 
782 core 11.049 4.881 
783 border 13.348 4.647 
784 core -1.212 6.545 
785 core 11.361 4.675 
786 core 5.802 8.621 
787 core 4.577 9.259 
788 core 8.713 6.578 
789 core 10.395 4.947 
790 core 0.510 4.085 
791 core 0.920 6.697 
792 core 0.313 6.656 
793 core 3.320 5.536 
794 core 5.620 8.989 
795 core 5.583 9.836 
796 core 1.899 4.397 
797 core 2.518 6.001 
798 core 11.182 3.830 
799 core 0.126 4.950 
800 core 10.545 4.806 
801 border 4.030 5.071 
802 core 2.224 5.465 
803 core 4.245 10.462 
804 core 2.135 5.275 
805 core 1.640 4.106 
806 core 11.155 4.975 
807 core 5.386 10.007 
808 border 0.982 2.100 
809 core 1.847 2.776 
810 core 5.547 11.097 
811 core 5.770 10.513 
812 core 6.062 9.820 
813 core 10.178 6.366 
814 core 10.813 4.044 
815 core 11.393 5.597 
816 core 4.703 11.877 
817 core 4.325 10.260 
818 core 10.153 4.870 
819 core 0.944 3.123 
820 core 5.131 9.219 
821 core 1.405 3.918 
822 core 9.287 6.898 
823 core 0.795 4.858 
824 core 0.892 6.203 
825 core 0.956 4.986 
826 core 2.663 5.428 
827 core 4.233 9.815 
828 core 6.231 11.084 
829 core 4.461 9.819 
830 core -0.446 6.158 
831 core 1.140 4.557 
832 core 5.392 9.079 
833 core 5.569 9.707 
834 core 1.369 6.081 
835 border 3.425 3.074 
836 core 0.912 5.745 
837 core 11.003 4.407 
838 core 0.144 4.135 
839 core 0.056 6.064 
840 noise 4.725 13.499 
841 core 1.762 5.133 
842 core 10.522 5.307 
843 core 1.309 5.141 
844 core 10.713 5.018 
845 core 5.279 9.396 
846 core 10.123 5.286 
847 core 10.703 4.621 
848 border -1.536 2.985 
849 core 1.420 6.108 
850 core 4.037 9.626 
851 core 6.287 9.263 
852 core 4.378 10.494 
853 core 5.954 10.793 
854 core 3.124 8.469 
855 core 5.723 8.203 
856 core 5.974 11.094 
857 core 3.168 9.683 
858 core 1.899 5.007 
859 core 5.280 9.838 
860 core 4.142 9.788 
861 core 6.131 8.276 
862 core 10.659 4.321 
863 core 2.245 4.442 
864 core 4.858 8.643 
865 core 0.689 6.190 
866 core 0.902 4.267 
867 core 10.760 4.974 
868 core 1.431 5.488 
869 core 10.470 4.401 
870 core 0.139 4.030 
871 core 1.663 3.695 
872 core 0.488 4.884 
873 core 4.828 10.085 
874 core 10.482 4.769 
875 core 0.959 4.249 
876 core -0.322 5.744 
877 core 10.028 5.474 
878 core 10.017 4.746 
879 core 5.298 10.613 
880 core 0.950 4.497 
881 core 2.772 10.850 
882 core 7.067 9.265 
883 core 4.586 10.132 
884 core 0.975 4.954 
885 core 0.649 4.411 
886 core 5.360 10.243 
887 core 9.471 3.296 
888 core 11.878 5.543 
889 core 3.485 9.966 
890 border -0.764 6.870 
891 core 4.133 9.602 
892 border 0.866 2.251 
893 core 1.005 3.693 
894 core 10.586 5.400 
895 core 10.766 5.939 
896 core 4.136 10.361 
897 core 4.403 9.840 
898 core 3.946 9.531 
899 core 8.859 3.354 
900 core 11.522 4.843 
901 core 12.288 5.507 
902 core 2.406 3.412 
903 core 10.289 4.686 
904 core 1.657 6.021 
905 border 11.354 2.579 
906 core 4.622 9.563 
907 core 9.490 6.496 
908 core 0.822 5.487 
909 core 4.638 9.652 
910 core 2.440 6.302 
911 core 0.716 4.720 
912 core 4.734 11.264 
913 core 5.026 9.613 
914 core -0.496 3.109 
915 core 0.962 5.001 
916 core 4.652 9.667 
917 core 1.599 6.425 
918 core 3.729 8.904 
919 noise 6.263 5.837 
920 core 4.686 11.051 
921 core 2.756 5.836 
922 core 10.882 4.820 
923 core 4.724 9.718 
924 core 9.397 3.273 
925 core 1.431 5.249 
926 core 10.387 4.830 
927 core 4.479 10.154 
928 core 9.042 6.354 
929 core 4.859 8.968 
930 core 5.249 10.567 
931 core 5.003 9.426 
932 core 8.322 3.623 
933 core 5.950 9.983 
934 core 4.635 8.289 
935 core -1.054 5.185 
936 core 6.092 9.248 
937 core 4.308 8.288 
938 core 1.592 4.970 
939 core 0.534 4.766 
940 core 10.406 6.084 
941 core 4.410 11.391 
942 core 6.659 9.665 
943 core 10.484 5.133 
944 core 3.939 10.771 
945 core 0.553 4.312 
946 core 1.618 3.973 
947 core 11.504 5.026 
948 core 4.052 8.442 
949 core 9.283 6.022 
950 core 10.369 4.201 
951 core 4.078 10.430 
952 core 5.585 8.422 
953 core 1.231 4.743 
954 core 5.407 9.730 
955 core 5.902 8.088 
956 core 6.167 9.413 
957 core 9.937 6.123 
958 core 1.884 5.510 
959 core 6.048 9.556 
960 core 3.109 9.867 
961 core 9.365 7.041 
962 core 4.080 9.474 
963 core 11.628 4.671 
964 core 1.721 4.988 
965 core -0.128 5.342 
966 core 10.294 6.713 
967 core 11.716 4.983 
968 core 8.591 6.128 
969 core 0.917 4.115 
970 core 1.060 5.699 
971 core 4.420 11.691 
972 core 1.189 4.343 
973 core 10.265 6.265 
974 core 1.401 5.856 
975 core 9.995 7.263 
976 core 0.949 4.214 
977 core 6.359 10.029 
978 core 3.010 4.938 
979 core 1.782 3.865 
980 core 5.313 10.089 
981 core 5.618 9.096 
982 core 1.549 3.947 
983 core 4.407 11.035 
984 core 4.023 9.219 
985 core 10.737 4.111 
986 core 0.526 5.655 
987 core 11.760 3.996 
988 core 0.734 2.986 
989 core 8.264 6.263 
990 core 1.670 2.613 
991 core 10.321 3.758 
992 core 0.371 3.711 
993 core 6.748 11.025 
994 core 9.533 3.776 
995 core 9.951 2.665 
996 core 3.509 9.963 
997 core 1.547 5.063 
998 core 1.924 6.646 
999 core 10.175 3.873 
1000 core 2.364 4.790 
1001 core 2.877 10.938 
1002 core 3.550 11.204 
1003 core 4.173 9.571 
1004 core 3.246 11.128 
1005 core 7.771 4.433 
1006 core 5.553 10.023 
1007 core 4.762 9.798 
1008 core 10.826 6.087 
1009 core 5.814 9.327 
1010 border 6.873 12.228 
1011 core 4.831 8.832 
1012 core 1.693 5.080 
1013 core 2.065 5.700 
1014 core 8.958 3.040 
1015 core 10.589 4.900 
1016 core 0.579 4.055 
1017 core 4.406 10.313 
1018 core 0.896 5.175 
1019 core 1.522 4.666 
1020 border 11.528 6.960 
1021 core 1.561 6.083 
1022 core 9.517 2.977 
1023 core -0.332 5.424 
1024 core 5.175 9.933 
1025 core 6.241 8.735 
1026 core 4.831 9.373 
1027 core 11.463 5.006 
1028 core 10.181 4.491 
1029 core 0.724 4.745 
1030 core 4.554 9.553 
1031 core 7.108 8.836 
1032 core 10.562 5.585 
1033 core 0.335 6.079 
1034 core 4.188 10.378 
1035 border 13.193 4.819 
1036 core 9.998 2.405 
1037 core 4.362 9.028 
1038 core 1.883 4.963 
1039 core 5.773 10.939 
1040 core 6.134 9.794 
1041 core 5.056 9.449 
1042 core 4.745 8.556 
1043 core 1.044 5.759 
1044 core 10.581 4.577 
1045 core 4.953 11.053 
1046 core 1.315 6.584 
1047 core 9.477 5.044 
1048 core 4.517 12.346 
1049 core 5.557 10.401 
1050 core 0.348 4.778 
1051 core 4.389 10.243 
1052 core 1.687 6.476 
1053 core 7.464 10.831 
1054 core 9.627 2.726 
1055 core 5.336 9.642 
1056 core -0.125 5.084 
1057 core 2.547 3.924 
1058 core 0.136 4.095 
1059 core 4.158 8.602 
1060 core 1.498 5.365 
1061 core 11.051 6.997 
1062 core 10.285 4.569 
1063 core 2.549 3.216 
1064 core 3.070 10.002 
1065 core 4.129 9.313 
1066 core 5.745 9.680 
1067 core 10.071 4.653 
1068 core 2.693 4.638 
1069 core 0.130 4.729 
1070 core 8.799 5.757 
1071 core 10.733 4.187 
1072 core 4.867 8.517 
1073 core 10.224 4.846 
1074 core 0.951 5.205 
1075 core 4.678 9.484 
1076 core 5.642 9.404 
1077 core 8.217 3.668 
1078 core 5.509 9.669 
1079 core 0.882 4.920 
1080 core 1.882 3.510 
1081 core 0.758 5.680 
1082 core 4.852 8.847 
1083 core 9.041 6.137 
1084 core 1.420 6.827 
1085 core 10.695 3.322 
1086 core 4.286 10.002 
1087 core -1.617 5.850 
1088 core 4.575 9.327 
1089 core 5.939 10.986 
1090 core 2.435 5.788 
1091 core 3.956 10.371 
1092 core 0.794 3.844 
1093 core 8.348 6.379 
1094 core 0.219 4.493 
1095 core 1.672 5.772 
1096 core 0.750 3.537 
1097 core 10.287 4.724 
1098 noise 0.003 8.178 
1099 core 0.196 3.642 
1100 core 10.109 6.248 
1101 core 0.582 5.967 
1102 core 8.003 5.893 
1103 core 4.141 8.603 
1104 core 0.950 3.192 
1105 core 4.463 11.153 
1106 core 9.327 5.531 
1107 border -1.412 6.684 
1108 border 6.508 12.071 
1109 core 5.176 9.310 
1110 core 4.566 10.469 
1111 core 0.254 4.933 
1112 core 10.348 5.838 
1113 core 9.324 6.141 
1114 core 0.880 5.937 
1115 core 5.393 9.176 
1116 border 2.765 12.234 
1117 core 4.255 10.211 
1118 core 5.955 10.167 
1119 core 11.131 3.870 
1120 core 0.850 4.058 
1121 core 0.042 5.342 
1122 core 5.929 8.674 
1123 core 6.883 9.053 
1124 core 0.570 4.876 
1125 core 5.625 10.164 
1126 core 1.827 4.824 
1127 core 7.902 6.209 
1128 core 0.384 5.769 
1129 core 10.122 5.414 
1130 core 8.166 3.901 
1131 core 5.962 10.893 
1132 core 6.777 8.958 
1133 core 10.045 5.114 
1134 core 5.693 8.578 
1135 core 9.911 3.217 
1136 core 1.443 5.542 
1137 core 12.009 5.960 
1138 core 2.121 6.566 
1139 core 5.895 11.062 
1140 core 9.484 2.442 
1141 core 9.438 4.322 
1142 core 4.396 10.633 
1143 core 9.771 6.113 
1144 core 5.215 11.757 
1145 core 1.102 4.880 
1146 core 3.695 9.823 
1147 core 4.566 9.624 
1148 core 5.069 9.110 
1149 core 10.738 6.003 
1150 core 10.038 6.131 
1151 core 2.084 5.378 
1152 core 5.545 10.484 
1153 core 10.555 4.444 
1154 core 9.533 5.738 
1155 core -0.465 5.384 
1156 core 1.653 4.046 
1157 core 1.386 5.797 
1158 core 5.799 9.593 
1159 core 9.325 6.024 
1160 core 6.068 9.240 
1161 core 0.140 5.844 
1162 core 4.765 10.498 
1163 core 1.426 5.605 
1164 core 8.965 6.059 
1165 core -0.019 5.465 
1166 core 5.717 11.296 
1167 core 7.571 4.905 
1168 core 3.798 9.425 
1169 core 0.621 4.230 
1170 core 10.195 5.067 
1171 core 1.361 4.203 
1172 core 11.109 4.802 
1173 core 2.715 5.994 
1174 core 11.302 4.308 
1175 core 2.497 4.540 
1176 core 1.084 5.253 
1177 core 10.061 4.155 
1178 core 10.375 3.317 
1179 core 4.669 9.519 
1180 core 5.561 10.164 
1181 core 6.365 10.571 
1182 core 0.457 5.443 
1183 core 0.622 4.749 
1184 core 10.033 4.941 
1185 core 9.740 3.305 
1186 core 10.666 4.966 
1187 core 5.124 9.918 
1188 core 2.164 5.466 
1189 core 10.179 4.762 
1190 core 6.001 9.995 
1191 core 0.541 4.653 
1192 core 6.224 10.746 
1193 core 10.245 6.066 
1194 core 5.020 9.375 
1195 core -0.007 3.968 
1196 core 5.067 9.661 
1197 core 5.359 9.771 
1198 core 12.077 5.892 
1199 border 3.309 3.678 
1200 core 4.865 10.040 
1201 core 9.200 3.228 
1202 core 4.955 7.446 
1203 core 8.479 6.182 
1204 core 1.508 5.540 
1205 core 6.958 8.004 
1206 core 10.724 5.156 
1207 core 9.814 3.992 
1208 core 9.916 3.848 
1209 core 5.352 9.616 
1210 core 4.293 9.193 
1211 core 1.752 6.416 
1212 core 10.256 5.508 
1213 core 6.046 7.883 
1214 core 10.915 4.457 
1215 core 5.756 11.712 
1216 core 1.987 6.166 
1217 core 0.283 3.887 
1218 core 1.194 4.048 
1219 core 4.266 9.728 
1220 core 1.394 4.392 
1221 core 4.286 11.079 
1222 core 9.282 6.049 
1223 core 1.140 3.400 
1224 core 1.242 4.161 
1225 core 8.550 5.295 
1226 core 1.801 5.684 
1227 core 4.845 8.941 
1228 core 1.832 6.517 
1229 core 0.866 4.482 
1230 core 1.410 4.752 
1231 core 0.404 5.383 
1232 core 4.555 10.621 
1233 core 5.027 9.356 
1234 core 1.874 4.253 
1235 core 10.099 4.613 
1236 core 5.104 9.260 
1237 core 0.340 5.928 
1238 border 3.122 11.934 
1239 core 0.534 4.115 
1240 core 5.636 9.697 
1241 core 0.778 5.990 
1242 core 5.967 9.992 
1243 core 0.900 4.492 
1244 core 0.866 5.515 
1245 core 11.138 3.603 
1246 core 4.910 9.580 
1247 core 4.919 9.131 
1248 core 4.965 10.417 
1249 core 5.197 8.659 
1250 core 2.378 5.774 
1251 core 1.947 6.600 
1252 core 0.295 5.258 
1253 core 2.065 4.670 
1254 core 9.882 6.031 
1255 core 5.762 9.314 
1256 core 0.989 5.028 
1257 core 10.071 5.245 
1258 core 2.336 4.466 
1259 core 0.514 2.866 
1260 core 2.431 4.773 
1261 core 5.676 9.479 
1262 core 2.098 6.383 
1263 core 0.651 4.368 
1264 core 4.321 10.854 
1265 core 2.822 9.977 
1266 core 1.249 4.137 
1267 core 3.574 9.650 
1268 core -0.018 3.947 
1269 core 2.474 5.438 
1270 core 1.914 3.637 
1271 core 3.402 5.649 
1272 core 0.956 5.721 
1273 core 4.509 9.758 
1274 core 1.938 5.716 
1275 core 1.467 5.961 
1276 core 3.328 9.947 
1277 core 4.191 11.331 
1278 core 10.596 5.978 
1279 core 12.573 5.095 
1280 core 8.544 7.133 
1281 core 8.732 6.376 
1282 border -0.510 2.777 
1283 core 6.266 9.569 
1284 core 9.434 6.519 
1285 core 11.542 4.647 
1286 core 10.208 5.755 
1287 core 1.045 5.840 
1288 core 11.172 4.783 
1289 core 10.484 5.685 
1290 core 1.385 5.843 
1291 core 3.699 10.471 
1292 core 6.002 11.153 
1293 core 2.038 5.364 
1294 core 0.780 4.958 
1295 core 5.603 9.430 
1296 core 4.575 9.873 
1297 core 1.503 3.929 
1298 core 1.487 5.195 
1299 core 10.186 6.026 
1300 core 10.808 6.078 
1301 core 1.384 4.708 
1302 core 4.850 9.531 
1303 core -0.082 5.579 
1304 border 6.888 7.176 
1305 core 5.548 10.263 
1306 core 4.886 12.473 
1307 core 5.106 10.117 
1308 core 11.331 5.277 
1309 core 10.252 5.102 
1310 core 5.330 10.524 
1311 core 1.705 5.831 
1312 core 4.854 8.713 
1313 core 10.823 5.478 
1314 core 9.982 6.582 
1315 core 1.055 5.916 
1316 core 8.647 3.489 
1317 core 10.430 6.426 
1318 core 4.531 10.839 
1319 core 0.792 6.164 
1320 core 1.768 5.682 
1321 core 2.653 6.190 
1322 core 5.540 10.482 
1323 core 0.361 6.120 
1324 core 7.734 10.057 
1325 core 10.670 4.751 
1326 core 1.038 4.478 
1327 core 10.427 5.535 
1328 core 1.842 5.073 
1329 core 9.886 6.303 
1330 core 6.224 10.780 
1331 core 0.520 5.047 
1332 core 2.105 5.798 
1333 core 2.826 5.095 
1334 core 5.357 11.797 
1335 core 4.957 9.718 
1336 core 10.126 4.330 
1337 core 5.466 10.173 
1338 core 1.008 4.868 
1339 core 5.904 10.665 
1340 core -0.569 6.567 
1341 core 4.671 9.861 
1342 core 0.906 4.627 
1343 core 1.816 6.942 
1344 core 9.687 6.584 
1345 core 5.444 11.027 
1346 core 6.443 9.720 
1347 core 10.297 5.932 
1348 core 0.628 4.226 
1349 core 5.089 10.657 
1350 core 3.972 9.749 
1351 core 4.884 11.420 
1352 core 10.570 5.862 
1353 core 11.245 5.238 
1354 core 11.568 5.562 
1355 core 11.397 4.898 
1356 core 0.716 5.912 
1357 core 1.183 5.493 
1358 core 2.010 6.947 
1359 core 10.437 4.746 
1360 core 5.336 11.020 
1361 core 4.019 10.386 
1362 core 0.993 5.764 
1363 core 4.995 9.324 
1364 core 1.249 5.828 
1365 core 11.569 6.602 
1366 core 8.741 6.090 
1367 core 8.470 6.670 
1368 core 4.037 8.667 
1369 core 5.150 9.508 
1370 core 4.774 8.647 
1371 core 9.270 3.621 
1372 core 11.040 5.893 
1373 core 7.861 3.855 
1374 core 7.935 4.925 
1375 core 10.271 5.164 
1376 core 3.866 10.243 
1377 core 0.348 4.762 
1378 core 0.569 6.760 
1379 core 0.291 6.300 
1380 core 11.913 5.457 
1381 core 11.092 4.906 
1382 core 4.644 9.753 
1383 core 5.313 10.715 
1384 core 2.422 7.027 
1385 core 9.981 2.930 
1386 core 5.790 8.748 
1387 core 2.606 5.380 
1388 core 11.638 5.602 
1389 core 10.870 3.875 
1390 core 6.444 10.916 
1391 core 11.232 5.071 
1392 core 6.087 10.244 
1393 core 4.583 11.768 
1394 core 1.157 5.991 
1395 core 1.281 4.678 
1396 core -0.112 4.957 
1397 core 3.684 9.204 
1398 core -0.182 4.632 
1399 core 3.962 8.106 
1400 core 6.455 10.432 
1401 core 5.542 9.815 
1402 core 9.268 5.842 
1403 border 7.052 4.817 
1404 core 10.261 4.320 
1405 core 4.083 9.054 
1406 core 3.500 9.849 
1407 core 5.187 9.396 
1408 core 1.493 6.569 
1409 core 10.271 4.385 
1410 core -0.591 5.475 
1411 core 9.597 6.392 
1412 core 5.809 10.409 
1413 core -0.237 5.058 
1414 core 8.484 4.957 
1415 core 10.710 5.217 
1416 core 10.640 5.816 
1417 core 4.163 11.131 
1418 core 10.396 4.705 
1419 core 5.770 10.346 
1420 core 11.593 3.738 
1421 core 10.115 4.487 
1422 core 5.625 8.754 
1423 core 5.922 9.617 
1424 core 11.292 6.459 
1425 core 3.023 4.613 
1426 core 10.359 4.556 
1427 core 11.130 4.974 
1428 core 4.628 8.902 
1429 border -1.586 6.351 
1430 core 4.440 11.066 
1431 core 12.390 4.531 
1432 core 5.896 10.513 
1433 core 11.486 5.610 
1434 core 9.436 5.743 
1435 core -1.102 4.971 
1436 core 0.020 5.301 
1437 core 4.398 8.279 
1438 core 11.965 4.884 
1439 core 1.537 5.502 
1440 core 9.403 3.187 
1441 core 9.637 4.202 
1442 core -0.160 4.318 
1443 core 4.606 10.367 
1444 core 0.187 4.175 
1445 core 6.438 10.742 
1446 core 2.809 8.242 
1447 core 6.668 10.675 
1448 core 10.649 6.669 
1449 core 0.699 4.449 
1450 core 4.669 9.149 
1451 core 3.491 9.308 
1452 core 0.364 6.041 
1453 core 4.910 10.975 
1454 core 5.691 10.340 
1455 core 1.091 4.740 
1456 core -0.236 4.497 
1457 core 2.922 8.834 
1458 core 10.320 5.683 
1459 core 8.562 5.341 
1460 core 10.632 4.554 
1461 core 0.964 5.564 
1462 core 6.089 10.132 
1463 core 1.095 4.445 
1464 core 5.549 11.150 
1465 core 1.020 4.828 
1466 core 1.412 5.415 
1467 core 2.689 4.504 
1468 core -0.317 6.009 
1469 core -0.241 3.931 
1470 core 2.469 4.961 
1471 core 5.612 10.676 
1472 core 1.481 6.111 
1473 core 10.124 5.081 
1474 core 4.977 11.558 
1475 core 4.850 10.666 
1476 core 4.325 10.267 
1477 core 9.461 6.492 
1478 core 5.058 7.035 
1479 core 5.104 9.267 
1480 core 6.498 10.316 
1481 noise -0.026 8.175 
1482 core -0.174 4.257 
1483 core 0.764 4.973 
1484 core 9.998 4.693 
1485 core 6.576 10.150 
1486 core 2.020 4.935 
1487 core 5.272 8.510 
1488 core 2.805 10.619 
1489 core 5.382 11.159 
1490 core 5.303 9.817 
1491 core 9.255 2.855 
1492 core 11.873 6.125 
1493 core -0.089 4.263 
1494 core 1.740 5.794 
1495 core 8.422 5.048 
1496 core 10.472 4.030 
1497 core 5.386 11.054 
1498 core 10.639 4.564 
1499 core 0.463 4.131 
1500 core 0.912 5.121 
1501 core 5.538 9.559 
1502 core 10.598 4.403 
1503 core 0.379 4.287 
1504 core 3.639 9.506 
1505 core 11.291 6.223 
1506 core 4.274 10.069 
1507 core 0.310 3.506 
1508 core 5.531 9.945 
1509 core 10.048 6.318 
1510 core 10.490 6.354 
1511 core 7.477 5.190 
1512 core 5.074 8.606 
1513 core 2.058 4.581 
1514 core 2.877 4.669 
1515 core 0.705 6.765 
1516 core 10.677 4.609 
1517 core 4.961 8.155 
1518 core 10.527 5.594 
1519 core 2.435 4.531 
1520 core 4.257 10.187 
1521 core 6.564 9.754 
1522 core 0.836 4.375 
1523 core 10.291 5.614 
1524 core 10.302 3.925 
1525 core 10.619 3.589 
1526 core 9.425 4.741 
1527 core 1.569 6.709 
1528 core 1.398 5.375 
1529 core 2.758 9.081 
1530 core 5.798 11.248 
1531 core 0.960 4.864 
1532 core 5.541 9.275 
1533 border 7.068 11.674 
1534 core 3.241 10.045 
1535 core 10.091 6.126 
1536 core 4.641 11.648 
1537 core 0.291 6.318 
1538 core 10.355 5.974 
1539 core 1.288 4.663 
1540 core -0.214 3.188 
1541 core -0.006 5.246 
1542 core 2.031 4.028 
1543 core 3.887 9.539 
1544 core 0.638 6.058 
1545 core 4.415 9.103 
1546 core 2.076 4.447 
1547 core 1.732 3.183 
1548 core 10.249 3.862 
1549 core 5.085 11.791 
1550 core 0.512 3.498 
1551 core 11.725 5.559 
1552 core 1.784 4.311 
1553 core 10.270 5.285 
1554 core 2.439 4.170 
1555 core 5.324 11.589 
1556 core 1.041 4.751 
1557 core 5.134 10.065 
1558 core 2.090 5.729 
1559 core 4.683 9.250 
1560 core 4.419 9.415 
1561 core 10.648 3.884 
1562 core 1.196 5.006 
1563 core 2.228 4.190 
1564 core -1.424 5.645 
1565 core 1.769 5.727 
1566 core 5.385 8.527 
1567 core 10.266 4.947 
1568 core 0.601 5.653 
1569 core 6.444 7.874 
1570 core 10.792 4.048 
1571 core 10.201 4.734 
1572 core 0.382 3.675 
1573 core 5.625 9.992 
1574 core 0.930 5.614 
1575 core 11.703 3.730 
1576 core 4.226 10.478 
1577 core 0.144 5.245 
1578 core 4.959 9.097 
1579 core 1.659 5.010 
1580 core 6.405 8.847 
1581 core 9.993 3.297 
1582 core 0.303 5.920 
1583 core 5.550 9.130 
1584 core 10.377 4.906 
1585 core 5.283 10.117 
1586 core 1.957 6.441 
1587 core -0.252 5.762 
1588 core 0.596 3.618 
1589 core 10.891 3.823 
1590 core 3.799 9.432 
1591 core 1.803 5.871 
1592 core 10.424 5.173 
1593 core 2.437 6.488 
1594 core 2.067 4.615 
1595 core 3.286 4.140 
1596 core 11.229 4.721 
1597 core 10.309 4.850 
1598 core 2.257 5.931 
1599 core 0.058 4.769 
1600 core 7.033 10.482 
1601 core 0.760 6.099 
1602 core 1.401 5.217 
1603 core 1.193 5.753 
1604 core -0.110 6.479 
1605 core 0.222 4.047 
1606 core 1.063 4.334 
1607 core 6.502 9.156 
1608 core 9.744 6.214 
1609 core 4.895 8.604 
1610 core 1.022 4.496 
1611 core 5.715 10.351 
1612 core 5.919 11.415 
1613 core 3.658 10.778 
1614 core 11.169 5.461 
1615 core 2.657 4.938 
1616 core 1.943 4.866 
1617 core 0.439 3.674 
1618 core 4.523 8.284 
1619 core 11.260 5.188 
1620 core 0.014 6.065 
1621 core 6.295 9.395 
1622 core 5.079 8.698 
1623 core 1.837 7.799 
1624 core 4.164 10.342 
1625 core 0.262 4.187 
1626 core 11.041 4.478 
1627 core 10.336 4.177 
1628 core 11.767 6.548 
1629 core 0.199 4.323 
1630 core 5.041 9.004 
1631 core 10.077 5.453 
1632 core 2.065 5.313 
1633 core 4.926 10.591 
1634 core 5.996 8.823 
1635 core 1.921 3.714 
1636 core 4.746 9.657 
1637 core 2.384 5.614 
1638 core 4.353 8.414 
1639 core 11.601 4.535 
1640 core 4.424 11.811 
1641 core 0.891 4.198 
1642 core 4.830 10.613 
1643 core 0.347 4.238 
1644 core 2.010 5.308 
1645 core 5.586 11.644 
1646 core 1.392 4.102 
1647 core 5.947 10.322 
1648 core 8.828 6.348 
1649 core 6.565 10.310 
1650 core 4.892 8.174 
1651 core 0.429 4.940 
1652 core 11.715 4.504 
1653 core 6.798 8.921 
1654 core 5.055 9.207 
1655 core 4.653 10.585 
1656 core 2.045 7.655 
1657 core 1.847 4.979 
1658 core 6.372 9.529 
1659 core 0.162 5.753 
1660 core 1.646 3.975 
1661 core 0.736 5.527 
1662 core 5.331 11.070 
1663 core 3.655 10.595 
1664 core 10.739 3.704 
1665 core 0.846 4.721 
1666 core 11.330 4.370 
1667 core 10.360 5.693 
1668 core 0.607 5.233 
1669 core 10.590 4.636 
1670 core 4.323 10.555 
1671 core 9.168 6.176 
1672 core 11.083 5.818 
1673 core 0.161 5.071 
1674 core 1.383 5.256 
1675 core 10.113 7.144 
1676 core 1.513 4.610 
1677 core 0.368 3.660 
1678 core -0.436 4.155 
1679 core 4.859 9.760 
1680 core 11.120 4.627 
1681 core 7.240 9.528 
1682 core 7.045 9.890 
1683 core -0.073 4.867 
1684 core 0.239 5.555 
1685 core 5.770 10.109 
1686 core 6.185 10.131 
1687 core 3.768 8.100 
1688 core 10.962 5.369 
1689 core 4.582 8.813 
1690 core 1.885 5.631 
1691 core 11.449 5.406 
1692 core 2.193 5.589 
1693 core 0.374 4.856 
1694 core 10.381 4.794 
1695 core 5.167 9.605 
1696 core 10.217 2.716 
1697 core 0.832 5.289 
1698 core 0.386 4.111 
1699 core 1.929 6.924 
1700 core 0.379 6.107 
1701 core 5.516 11.606 
1702 core 5.819 10.244 
1703 core 11.357 4.048 
1704 core 7.859 5.263 
1705 core 4.848 10.047 
1706 core 0.696 5.062 
1707 core 6.628 9.198 
1708 core 5.377 11.011 
1709 core 5.017 9.854 
1710 core 4.819 8.376 
1711 core -0.238 5.701 
1712 core 5.704 10.108 
1713 core 0.453 6.810 
1714 core 10.422 3.867 
1715 core 4.851 9.046 
1716 core 4.658 9.700 
1717 core 10.284 4.229 
1718 border 12.501 6.557 
1719 core 11.450 4.473 
1720 core 1.316 4.309 
1721 core 5.779 10.060 
1722 core 1.654 4.168 
1723 core 6.104 10.635 
1724 core 4.769 8.642 
1725 core 5.477 11.952 
1726 core 6.340 10.708 
1727 core 4.440 9.781 
1728 core 5.415 9.896 
1729 core 2.518 5.185 
1730 border 12.496 3.565 
1731 core 0.642 5.559 
1732 core 1.426 3.745 
1733 core 1.864 4.916 
1734 core 5.276 8.130 
1735 core 0.571 5.258 
1736 core 0.426 4.370 
1737 core 1.731 4.843 
1738 core 4.180 9.949 
1739 core 1.186 5.791 
1740 core 8.816 4.067 
1741 core 10.287 5.115 
1742 core 5.445 8.132 
1743 core 0.680 6.117 
1744 core 1.300 4.643 
1745 core 4.544 9.428 
1746 core 5.689 10.154 
1747 core 0.492 2.961 
1748 core 5.448 10.169 
1749 core 4.789 9.768 
1750 core 3.734 10.882 
1751 core 2.133 6.560 
1752 core 10.965 5.838 
1753 core 2.087 4.825 
1754 core 10.532 5.584 
1755 core 5.496 9.899 
1756 core 10.826 4.973 
1757 core 2.797 6.167 
1758 core 6.878 9.246 
1759 core 1.816 4.014 
1760 core 0.540 4.669 
1761 core -0.336 3.856 
1762 core 10.310 5.170 
1763 core 6.236 9.375 
1764 core 10.321 2.868 
1765 core 4.854 10.582 
1766 core 4.969 10.203 
1767 core 4.270 9.789 
1768 core 6.814 8.701 
1769 core 3.864 9.795 
1770 core 4.601 11.242 
1771 core 4.375 8.521 
1772 core 6.216 9.389 
1773 core 6.533 8.613 
1774 core 5.706 10.816 
1775 core 10.254 5.395 
1776 core 1.426 4.910 
1777 core 11.502 4.559 
1778 core 0.578 2.813 
1779 core 10.563 4.864 
1780 core 9.578 3.983 
1781 core 6.301 9.976 
1782 core 0.870 3.932 
1783 core 3.814 11.466 
1784 core -0.078 5.518 
1785 core 8.701 4.441 
1786 core 1.352 7.457 
1787 core 11.164 5.457 
1788 core 1.166 3.449 
1789 core 5.867 10.996 
1790 core 5.240 8.621 
1791 core 1.684 5.433 
1792 core 4.431 10.506 
1793 core 5.131 10.259 
1794 core 1.401 4.767 
1795 core 4.678 9.618 
1796 core 4.877 8.309 
1797 core 3.217 5.115 
1798 core 5.040 10.671 
1799 core 4.427 8.956 
1800 core 12.337 6.118 
1801 core 4.703 9.885 
1802 core 10.742 4.617 
1803 core 5.415 10.793 
1804 core 10.235 6.695 
1805 core 6.081 10.412 
1806 core 0.002 5.404 
1807 core 5.717 8.990 
1808 core 1.428 5.192 
1809 core 1.606 3.881 
1810 core 6.700 8.865 
1811 core 5.448 8.695 
1812 core 10.124 5.909 
1813 core 5.421 8.597 
1814 core 0.553 5.582 
1815 core 1.734 4.702 
1816 core 5.151 10.223 
1817 core 1.565 4.930 
1818 core 1.245 4.234 
1819 core 4.997 9.464 
1820 border -0.665 3.005 
1821 core 0.540 4.577 
1822 core 5.681 9.507 
1823 core 2.021 6.073 
1824 core 2.023 6.233 
1825 core 2.034 6.897 
1826 core 2.050 8.692 
1827 core 2.052 7.728 
1828 core 2.064 8.751 
1829 core 2.069 7.785 
1830 core 2.074 7.868 
1831 core 2.081 7.626 
1832 core 2.082 6.984 
1833 core 2.090 8.619 
1834 core 2.106 6.913 
1835 core 2.119 6.993 
1836 core 2.131 8.278 
1837 core 2.132 8.078 
1838 core 2.144 7.228 
1839 core 2.147 6.136 
1840 core 2.147 7.251 
1841 core 2.166 7.427 
1842 core 2.172 7.245 
1843 core 2.173 6.576 
1844 core 2.178 7.039 
1845 core 2.179 6.780 
1846 core 2.182 7.579 
1847 core 2.185 6.485 
1848 core 2.186 6.006 
1849 core 2.190 7.057 
1850 core 2.194 6.753 
1851 core 2.194 7.262 
1852 core 2.195 8.229 
1853 core 2.201 8.754 
1854 core 2.208 6.413 
1855 core 2.222 8.539 
1856 core 2.250 6.854 
1857 core 2.260 8.474 
1858 core 2.280 8.689 
1859 core 2.283 6.262 
1860 core 2.284 8.989 
1861 core 2.306 8.252 
1862 core 2.307 7.970 
1863 core 2.308 6.543 
1864 core 2.315 6.752 
1865 core 2.315 7.017 
1866 core 2.315 7.807 
1867 core 2.333 7.830 
1868 core 2.336 7.707 
1869 core 2.379 8.161 
1870 core 2.380 8.615 
1871 core 2.410 6.019 
1872 core 2.418 8.619 
1873 core 2.421 8.906 
1874 core 2.439 7.758 
1875 core 2.439 8.522 
1876 core 2.445 7.017 
1877 core 2.450 8.827 
1878 core 2.455 7.570 
1879 core 2.460 6.730 
1880 core 2.463 8.574 
1881 core 2.485 7.052 
1882 core 2.490 7.811 
1883 core 2.502 6.225 
1884 core 2.516 7.557 
1885 core 2.530 7.740 
1886 core 2.544 7.669 
1887 core 2.549 6.954 
1888 core 2.565 6.603 
1889 core 2.566 6.601 
1890 core 2.571 6.453 
1891 core 2.573 8.741 
1892 core 2.576 6.647 
1893 core 2.585 6.543 
1894 core 2.602 8.604 
1895 core 2.630 6.200 
1896 core 2.633 8.419 
1897 core 2.636 8.691 
1898 core 2.638 7.281 
1899 core 2.652 8.690 
1900 core 2.658 8.117 
1901 core 2.661 7.595 
1902 core 2.664 6.414 
1903 core 2.668 8.751 
1904 core 2.670 6.336 
1905 core 2.679 6.662 
1906 core 2.691 6.252 
1907 core 2.691 6.577 
1908 core 2.696 6.242 
1909 core 2.699 8.420 
1910 core 2.705 8.505 
1911 core 2.710 6.993 
1912 core 2.726 8.919 
1913 core 2.730 8.883 
1914 core 2.731 6.886 
1915 core 2.743 6.839 
1916 core 2.744 7.194 
1917 core 2.752 6.615 
1918 core 2.752 7.671 
1919 core 2.794 8.971 
1920 core 2.797 7.804 
1921 core 2.799 6.622 
1922 core 2.814 8.211 
1923 core 2.821 6.226 
1924 core 2.827 6.250 
1925 core 2.832 6.688 
1926 core 2.851 6.310 
1927 core 2.869 8.078 
1928 core 2.871 6.101 
1929 core 2.876 8.089 
1930 core 2.887 8.263 
1931 core 2.888 6.196 
1932 core 2.900 6.760 
1933 core 2.908 7.834 
1934 core 2.915 8.911 
1935 core 2.916 6.623 
1936 core 2.930 7.158 
1937 core 2.942 7.580 
1938 core 2.947 6.901 
1939 core 2.948 8.851 
1940 core 2.950 6.174 
1941 core 2.953 6.747 
1942 core 2.958 7.850 
1943 core 2.974 8.819 
1944 core 2.984 8.994 
1945 core 2.986 7.305 
1946 core 3.010 6.691 
1947 core 3.013 7.666 
1948 core 3.015 7.586 
1949 core 3.017 6.472 
1950 core 3.024 7.183 
1951 core 3.033 8.817 
1952 core 3.046 7.977 
1953 core 3.052 6.273 
1954 core 3.066 8.458 
1955 core 3.067 7.063 
1956 core 3.068 6.443 
1957 core 3.068 8.362 
1958 core 3.082 7.953 
1959 core 3.090 7.430 
1960 core 3.098 7.055 
1961 core 3.106 7.976 
1962 core 3.109 6.116 
1963 core 3.109 8.734 
1964 core 3.120 8.684 
1965 core 3.126 7.016 
1966 core 3.132 6.178 
1967 core 3.138 8.557 
1968 core 3.142 8.058 
1969 core 3.147 8.779 
1970 core 3.179 8.099 
1971 core 3.180 6.788 
1972 core 3.181 8.416 
1973 core 3.187 8.824 
1974 core 3.189 8.455 
1975 core 3.208 7.150 
1976 core 3.210 8.438 
1977 core 3.213 8.340 
1978 core 3.215 8.185 
1979 core 3.226 8.584 
1980 core 3.230 8.824 
1981 core 3.233 6.158 
1982 core 3.236 6.522 
1983 core 3.247 6.215 
1984 core 3.247 7.947 
1985 core 3.250 6.680 
1986 core 3.260 6.598 
1987 core 3.266 6.038 
1988 core 3.267 7.873 
1989 core 3.268 6.595 
1990 core 3.272 7.846 
1991 core 3.285 7.586 
1992 core 3.290 8.178 
1993 core 3.291 6.914 
1994 core 3.312 7.084 
1995 core 3.320 6.536 
1996 core 3.326 6.972 
1997 core 3.330 7.232 
1998 core 3.340 7.577 
1999 core 3.348 7.208 
2000 core 3.353 6.524 
2001 core 3.378 6.344 
2002 core 3.380 7.354 
2003 core 3.396 6.516 
2004 core 3.399 7.815 
2005 core 3.412 8.702 
2006 core 3.418 8.761 
2007 core 3.428 6.567 
2008 core 3.429 8.908 
2009 core 3.439 7.507 
2010 core 3.442 7.319 
2011 core 3.443 6.822 
2012 core 3.445 6.978 
2013 core 3.452 6.975 
2014 core 3.459 6.670 
2015 core 3.464 7.527 
2016 core 3.466 8.441 
2017 core 3.474 6.943 
2018 core 3.487 6.235 
2019 core 3.499 7.493 
2020 core 3.504 8.849 
2021 core 3.506 8.954 
2022 core 3.511 6.424 
2023 core 3.514 8.073 
2024 core 3.525 6.432 
2025 core 3.535 6.632 
2026 core 3.539 7.215 
2027 core 3.539 7.740 
2028 core 3.539 7.892 
2029 core 3.544 8.874 
2030 core 3.551 7.469 
2031 core 3.554 7.569 
2032 core 3.559 6.689 
2033 core 3.563 8.171 
2034 core 3.568 6.164 
2035 core 3.579 7.803 
2036 core 3.583 6.170 
2037 core 3.587 8.413 
2038 core 3.602 7.229 
2039 core 3.616 6.651 
2040 core 3.639 7.529 
2041 core 3.639 8.362 
2042 core 3.639 8.972 
2043 core 3.656 8.697 
2044 core 3.678 6.402 
2045 core 3.685 7.885 
2046 core 3.689 8.640 
2047 core 3.690 6.708 
2048 core 3.694 6.580 
2049 core 3.710 8.584 
2050 core 3.722 7.372 
2051 core 3.735 7.225 
2052 core 3.737 7.337 
2053 core 3.748 8.738 
2054 core 3.749 7.679 
2055 core 3.749 8.669 
2056 core 3.754 8.977 
2057 core 3.765 8.136 
2058 core 3.769 7.188 
2059 core 3.770 7.020 
2060 core 3.772 7.902 
2061 core 3.794 7.919 
2062 core 3.795 8.798 
2063 core 3.803 6.686 
2064 core 3.804 6.580 
2065 core 3.805 6.326 
2066 core 3.806 8.478 
2067 core 3.806 8.730 
2068 core 3.847 6.513 
2069 core 3.850 8.785 
2070 core 3.862 8.561 
2071 core 3.863 7.035 
2072 core 3.866 6.910 
2073 core 3.894 7.006 
2074 core 3.894 7.264 
2075 core 3.904 6.584 
2076 core 3.909 7.594 
2077 core 3.910 7.391 
2078 core 3.922 6.887 
2079 core 3.930 8.081 
2080 core 3.931 6.430 
2081 core 3.934 8.176 
2082 core 3.946 7.062 
2083 core 3.955 6.313 
2084 core 3.960 8.980 
2085 core 3.971 6.551 
2086 core 3.981 7.934 
2087 core 3.985 6.983 
2088 core 3.992 6.665 
2089 core 3.998 6.858 
2090 core 4.016 6.334 
2091 core 4.049 8.594 
2092 core 4.049 8.636 
2093 core 4.050 7.574 
2094 core 4.056 6.013 
2095 core 4.066 7.144 
2096 core 4.066 8.707 
2097 core 4.078 8.618 
2098 core 4.085 6.684 
2099 core 4.088 8.779 
2100 core 4.091 6.651 
2101 core 4.104 6.122 
2102 core 4.108 7.447 
2103 core 4.110 7.110 
2104 core 4.113 7.601 
2105 core 4.120 8.119 
2106 core 4.127 7.784 
2107 core 4.142 6.342 
2108 core 4.142 7.219 
2109 core 4.148 6.092 
2110 core 4.149 8.408 
2111 core 4.157 8.295 
2112 core 4.180 7.279 
2113 core 4.184 8.433 
2114 core 4.197 6.645 
2115 core 4.199 6.952 
2116 core 4.203 7.967 
2117 core 4.207 7.041 
2118 core 4.209 7.107 
2119 core 4.212 6.014 
2120 core 4.223 8.241 
2121 core 4.236 8.800 
2122 core 4.256 7.046 
2123 core 4.269 7.351 
2124 core 4.277 6.266 
2125 core 4.277 6.405 
2126 core 4.292 7.293 
2127 core 4.303 7.265 
2128 core 4.303 8.171 
2129 core 4.307 8.463 
2130 core 4.338 8.941 
2131 core 4.348 8.044 
2132 core 4.353 7.383 
2133 core 4.359 8.659 
2134 core 4.360 6.029 
2135 core 4.369 6.625 
2136 core 4.369 6.924 
2137 core 4.371 6.751 
2138 core 4.381 8.803 
2139 core 4.391 7.311 
2140 core 4.393 7.504 
2141 core 4.398 6.342 
2142 core 4.398 7.735 
2143 core 4.402 6.870 
2144 core 4.403 8.673 
2145 core 4.419 7.168 
2146 core 4.420 8.028 
2147 core 4.430 8.670 
2148 core 4.444 6.523 
2149 core 4.455 6.791 
2150 core 4.456 7.979 
2151 core 4.478 7.601 
2152 core 4.480 7.343 
2153 core 4.483 7.289 
2154 core 4.484 8.183 
2155 core 4.490 8.364 
2156 core 4.507 7.138 
2157 core 4.525 6.451 
2158 core 4.544 7.670 
2159 core 4.545 6.537 
2160 core 4.551 8.498 
2161 core 4.558 6.820 
2162 core 4.566 8.419 
2163 core 4.577 6.496 
2164 core 4.578 7.745 
2165 core 4.583 8.281 
2166 core 4.587 8.670 
2167 core 4.589 7.559 
2168 core 4.592 8.885 
2169 core 4.594 6.675 
2170 core 4.595 8.459 
2171 core 4.608 7.151 
2172 core 4.609 8.527 
2173 core 4.614 7.975 
2174 core 4.623 6.608 
2175 core 4.623 8.033 
2176 core 4.641 7.960 
2177 core 4.652 6.551 
2178 core 4.653 7.659 
2179 core 4.656 8.351 
2180 core 4.677 8.874 
2181 core 4.688 8.353 
2182 core 4.694 6.950 
2183 core 4.698 8.129 
2184 core 4.720 8.137 
2185 core 4.722 8.701 
2186 core 4.725 8.646 
2187 core 4.729 8.671 
2188 core 4.734 8.018 
2189 core 4.748 8.354 
2190 core 4.761 8.722 
2191 core 4.767 6.422 
2192 core 4.786 8.819 
2193 core 4.796 6.764 
2194 core 4.806 8.069 
2195 core 4.826 8.567 
2196 core 4.837 6.195 
2197 core 4.837 7.179 
2198 core 4.841 6.625 
2199 core 4.844 7.274 
2200 core 4.852 8.080 
2201 core 4.853 8.143 
2202 core 4.860 8.641 
2203 core 4.862 8.549 
2204 core 4.863 7.543 
2205 core 4.870 6.351 
2206 core 4.872 7.427 
2207 core 4.879 8.891 
2208 core 4.886 7.235 
2209 core 4.895 7.407 
2210 core 4.901 8.485 
2211 core 4.902 7.591 
2212 core 4.910 8.626 
2213 core 4.934 7.560 
2214 core 4.938 7.419 
2215 core 4.942 7.035 
2216 core 4.946 8.619 
2217 core 4.952 6.485 
2218 core 4.957 7.279 
2219 core 4.958 7.304 
2220 core 4.965 8.442 
2221 core 4.973 8.972 
2222 core 4.987 8.854 
