1000 2
0 core 10.2644334324 7.0836167323 
1 core 8.1874747786 4.5164651917 
2 core 5.4149921084 10.1915136946 
3 core 10.7258597167 5.3648754604 
4 border 7.4613275554 5.6391822899 
5 core 5.2906952337 10.0340914898 
6 core 5.6416480731 9.6905449426 
7 core 1.5853885953 4.3817141923 
8 core 0.3497129849 5.1799876682 
9 core 5.6517726874 9.7891272843 
10 core 1.4957361137 4.6105333944 
11 core 1.8023464615 3.3502055482 
12 core 4.3105624354 10.5586584047 
13 noise 12.8475146409 6.6958335683 
14 core 9.9245956264 6.1205444641 
15 core 5.6827442775 9.0426865736 
16 core 4.8520446093 9.0340287620 
17 core 0.7774638165 3.5619689084 
18 core 8.5722788171 5.0984506190 
19 core -0.9318534218 4.4755145275 
20 core 3.8275778195 11.7200980958 
21 core 5.0681589852 9.9611135039 
22 core 11.6932662459 4.9199701414 
23 core 1.8688172233 4.0390972476 
24 core 1.3357042444 5.6716731105 
25 core 5.0522398508 10.3452580465 
26 core 1.0315875963 6.4231264808 
27 core 0.7999498028 5.1429974273 
28 core 9.0143769555 5.6138064938 
29 core 0.6271644814 4.8717785484 
30 core 0.5733435909 5.9382762692 
31 core 4.9067473291 11.8187364204 
32 core 0.3646241023 4.8081931562 
33 core 5.4851188509 10.7420495934 
34 core 0.9824337523 4.1714908929 
35 core 3.9825137959 10.4604168127 
36 core 0.7769157142 5.2999539081 
37 core 10.8798411455 3.0888499526 
38 core 0.3725481260 3.7894895824 
39 core 0.4325233594 3.9762961615 
40 core 10.8756543108 5.8613805704 
41 core 9.8671173624 4.1988515321 
42 core 9.7211288215 5.5410386451 
43 core 11.2891853049 4.4114626621 
44 core 1.7514051081 4.6249635993 
45 core 10.6986754063 3.6823410832 
46 core 10.0982861842 5.2845569045 
47 core 10.6693483687 3.3661458651 
48 core 9.5241754228 6.3162381779 
49 core 6.1047243021 9.0574052960 
50 core 4.2492193009 11.5213033920 
51 core 0.3874415657 3.0046457586 
52 core 9.1049926806 4.2359045517 
53 core 4.5498743418 10.8120734893 
54 core 2.4956382667 4.6968007101 
55 core 3.6792117558 5.3759090617 
56 core 0.0194835055 3.9283983944 
57 core 4.6265394032 10.1940951033 
58 core 4.8438933972 11.7563913607 
59 core 3.2632144374 9.9344853911 
60 core 1.9824147147 5.0567296700 
61 border 11.7241759995 3.0500401797 
62 core 9.1298868962 3.9320872449 
63 core 4.2706552607 9.7991980464 
64 core 4.9709917510 9.4624176119 
65 core 9.7880036983 3.5366659638 
66 core 3.3534644406 9.6193545762 
67 core 10.3004861456 6.0291354444 
68 border 8.6800579557 2.9879134190 
69 core 4.9398531670 9.4492658854 
70 core 5.3005462406 9.8708729323 
71 core 4.8087316796 9.4574647541 
72 core 11.5020072457 5.3809725110 
73 core 11.1396799342 3.5687235494 
74 core 2.1406122199 4.7807420617 
75 core 0.5390732980 5.7871993490 
76 core 6.2431302005 9.5589675053 
77 core 5.5286753761 8.9597065897 
78 core 4.9476865654 11.4105558950 
79 core 10.4714980556 4.3863837599 
80 core 1.5431399777 6.8302911990 
81 core 4.6005770962 8.1714514438 
82 core 2.4564391960 5.1467755188 
83 core 1.5092359833 5.1460405006 
84 border 2.0830853960 11.1448691283 
85 core 5.3642731957 11.1965627430 
86 core 4.4823581438 10.3623566528 
87 core 3.1000725077 5.6382800806 
88 core 5.3558783951 12.2512841990 
89 core 2.1168266618 6.3404213067 
90 core 0.2406612668 5.0547667864 
91 core 0.4950323037 6.0267557559 
92 core 9.8897574769 5.7659980086 
93 core 10.6725011231 3.3004252696 
94 core 10.7516659039 4.9083299456 
95 core -0.0829084929 5.2886851451 
96 core 9.7786361081 4.6914590718 
97 core 0.2106261658 5.2950425884 
98 core 5.9126726340 9.0849781772 
99 core 8.3513363132 6.3604718939 
100 core 10.2088336035 5.2365331246 
101 core 8.4951634755 4.9454155729 
102 core 9.9950201416 4.5577444269 
103 core 5.6336224555 8.7083981541 
104 core 10.0996120389 5.7388778533 
105 core 1.8937379325 5.6339128651 
106 core 1.5344476568 5.7384365047 
107 core 1.8557967796 3.9608614254 
108 core 11.1571051717 4.9239898131 
109 core 9.6128230431 5.7457404556 
110 core 10.3627198587 4.9712257488 
111 core 4.6923552229 10.0911211773 
112 core 1.5131138107 5.7002212554 
113 core 8.4383309857 4.2981408580 
114 core 1.0790042467 5.8926301379 
115 core 3.9161460383 10.2041209065 
116 core 3.7450849911 9.9427178380 
117 core 0.4643122376 4.3318336021 
118 core 10.4927154623 5.2790886379 
119 core 1.3666424117 5.6445810240 
120 core 2.5806065389 4.5088484556 
121 core 10.8110287082 5.2791458922 
122 core 1.8577537247 5.9589123355 
123 core 4.2692646060 8.6891330920 
124 core 10.5279143588 5.1754270119 
125 core 6.3157753917 11.4766700590 
126 core 11.8379880784 4.1163169205 
127 core 4.5311266747 9.2821525068 
128 core 9.9341028926 6.6968413492 
129 core 5.9619263271 9.4108078516 
130 core 8.5475399427 5.4867184703 
131 core -0.4056064890 4.5009543406 
132 core 10.1589445683 5.2601346115 
133 core 5.7071780024 9.8726693027 
134 core 10.4981710285 5.2199577458 
135 core 1.4170515925 3.5208134893 
136 core 11.7664336362 5.3005611733 
137 core 1.4106650152 4.5455726456 
138 core 8.9628221303 5.4974229668 
139 core 4.1347624378 9.3083434348 
140 core 7.8992693083 4.5730501613 
141 core 9.7325697551 5.7489484460 
142 core 0.3402258798 5.9156235264 
143 core 4.6301646416 10.4134758279 
144 core 0.0653301443 4.0641067976 
145 core 0.6474479912 5.8632868430 
146 core 4.9798150717 9.5409204718 
147 core 11.0018309173 3.6708270119 
148 core 9.2221146270 4.3961048103 
149 core 9.5241715596 3.9557071334 
150 core 4.7233680053 9.4040632163 
151 core 1.2342224212 4.0317189948 
152 core 2.9023707759 9.7633172270 
153 core 9.7609023489 3.0662969744 
154 core 3.4057031160 10.4127543140 
155 core 1.1492645863 6.1769016269 
156 core 5.6232782867 9.8197789190 
157 core 8.9296875033 7.4514199948 
158 core 9.9595423147 5.1649387543 
159 core 10.7668450122 5.0001550474 
160 core 10.4186836324 4.9177274603 
161 core 11.5015180585 6.0136747039 
162 core 6.7275281376 9.6525139987 
163 core 10.5955285612 5.1270250379 
164 core 5.4193588968 12.0318689608 
165 core 11.4989529331 4.9138088731 
166 core 5.8736721755 9.0683030213 
167 core 10.8516169087 6.0476181046 
168 core 10.2673745746 5.5296973030 
169 core 0.0385076683 3.9390277643 
170 core 0.1460865694 6.2645448992 
171 core 9.5828727816 4.5933619924 
172 core 11.1923470232 5.0603295175 
173 core 10.2447913665 3.9277261370 
174 core 8.9858562142 4.4223826542 
175 core 5.1170142568 7.7792512930 
176 core 1.2825144040 5.9320811888 
177 core 0.8855576256 5.5854856480 
178 core 4.5966526185 9.4016773349 
179 core 1.6603237528 3.1777788582 
180 core 4.8364193757 9.9788033911 
181 core 9.6259877671 4.7621368077 
182 core 10.2295522244 6.1980696852 
183 core 5.4696538962 9.6932852498 
184 core 1.4388598180 4.1437284778 
185 core 9.6470791503 4.6774761400 
186 core 10.5905526226 3.5123585481 
187 core 9.8020068024 6.5572706225 
188 core 2.0321833662 5.7986785355 
189 core 1.6314824985 4.9816668957 
190 core 4.6454912268 10.1306190901 
191 core 5.3010165594 10.7329965645 
192 core 4.0096218924 8.9562753838 
193 core 4.3766564678 10.9782713138 
194 core 4.9798936696 10.1520473982 
195 core 4.5827297757 9.5421325706 
196 core 4.2281910156 10.6724078991 
197 core 3.8644903095 8.9961964355 
198 core 10.8430730357 6.6996255498 
199 core 5.3016568424 11.7280774146 
200 core 4.4148284450 9.2887755698 
201 core 5.4389271149 11.0747410822 
202 core 10.6043518326 6.4026775470 
203 noise 12.9771389819 6.2104187629 
204 core 11.6274588959 4.2823937235 
205 core 0.6311942297 6.7575766787 
206 core 11.4882044085 5.1167502612 
207 core 10.4352523367 5.8314908241 
208 core 12.0455928875 5.6444860781 
209 core 5.2770213244 11.4004949112 
210 core 2.5044929792 4.9103548170 
211 core 0.7984450612 4.1240606594 
212 core 1.0453761800 4.6857649782 
213 core 10.6537220393 5.0430361268 
214 core 10.7667169066 5.3745666927 
215 core 0.8667420715 5.5175300731 
216 core 1.8585984740 5.2799535843 
217 core 9.6295095350 5.3367819897 
218 core 8.9459296700 5.0949544015 
219 core 9.9827786865 3.9140389630 
220 core 4.3639027571 10.0883895408 
221 core 9.8859135630 5.2027232072 
222 core 0.2434874625 3.3948130485 
223 core 10.9096832422 5.1915483900 
224 core 5.7697476048 10.2346881001 
225 core 5.2192383027 8.3907076181 
226 core -0.2061627904 5.1567377676 
227 core 1.0364700280 6.4468502458 
228 core 4.8113373640 9.3228243972 
229 core 5.5538448754 9.0259382157 
230 core 9.6450704542 5.8087972822 
231 core 1.7873018088 5.6815792821 
232 core 0.8052406069 5.4759459172 
233 core 4.6668483237 10.5467812540 
234 core 0.7251180041 4.6526092050 
235 core 2.4769853087 6.8475388011 
236 core 10.1133938260 4.3501880084 
237 core 3.6273679557 11.7346795346 
238 core -0.6690723986 5.4865855381 
239 core 0.1817034359 5.3022560168 
240 core 5.6971138063 10.0865280476 
241 core 6.0888410892 8.3135205269 
242 core 6.2937158880 8.7061447177 
243 core 4.6299906018 10.0755417424 
244 core 5.1792789424 8.7865817508 
245 core 11.5902628066 4.5138209231 
246 core 5.3226238530 10.4297757419 
247 core 4.3677625962 10.6929746647 
248 core 10.6458078436 4.7513446142 
249 core 11.0752937140 6.2778129315 
250 core 0.5710515685 5.2495276952 
251 core 6.5667842038 9.9309204027 
252 border 7.3454661151 5.4804610501 
253 core 0.7763444375 4.6222110509 
254 core -0.3887055841 4.2126300980 
255 core -0.2403040341 3.6986599494 
256 core 10.3957923038 5.9266756202 
257 core 0.2634987750 4.4276512383 
258 core 2.0209378113 4.3958016434 
259 core 4.6985863258 10.7486529494 
260 core 4.2098400362 10.8186846720 
261 core 5.2926219193 10.4233839149 
262 core 2.4012160512 7.4239930972 
263 core 7.0230248276 11.0395099526 
264 core 10.5913197343 4.3847727628 
265 core 7.5644907076 10.6339946033 
266 core 9.9193362429 4.9726425305 
267 core 10.3790947869 6.2489981468 
268 core 2.8158252598 6.7618440875 
269 core 10.7876311819 5.1117062438 
270 core 1.1537255536 5.4698538241 
271 core 0.0800895933 5.3662955421 
272 core 3.1946485563 5.5925885433 
273 core 9.1761936515 5.8507431180 
274 core 4.1472065406 11.6719970740 
275 core -0.7694078167 3.6719143795 
276 core 10.1040077561 4.9922907342 
277 core 3.9061069971 10.3498135933 
278 core 9.6388066660 6.0468365909 
279 core 0.8046173745 2.9249142785 
280 border -1.2239522835 5.4383867031 
281 core 4.1602888553 9.6079296460 
282 core 5.5753222343 10.2497336234 
283 core 10.8449666890 3.9781645628 
284 border 2.3098228579 2.9946147485 
285 core 0.1227161511 4.2366742345 
286 core 9.4481900409 4.7694110508 
287 core 8.7115876728 6.1619517212 
288 core 3.6695600017 9.0716890079 
289 core 0.8325378747 4.9053705535 
290 core 1.2231952658 6.3749488369 
291 core 3.9599619801 10.4651867558 
292 core 8.8897921643 6.0736844735 
293 core 2.0553010964 6.5728330117 
294 core 9.1647953938 4.6011022093 
295 core 0.8924101006 4.5828199949 
296 core 9.5346229971 6.6771681666 
297 core 0.9112215543 5.0473837671 
298 core 4.8105391475 8.4583999042 
299 core 5.3822166136 9.7056784123 
300 core -0.4562022360 3.7589422582 
301 core 2.8136880532 5.3898311575 
302 core 8.7242298918 5.2595805824 
303 core 0.8131355195 4.2874150163 
304 border 7.4951477122 9.4365048836 
305 core 9.0292985404 4.0324993743 
306 core 9.4793414342 4.1230381722 
307 core 9.1927315541 6.5667920909 
308 core 9.9159736699 4.3566585077 
309 core 9.1099204156 7.1860300460 
310 core 1.5159583863 3.4835336091 
311 core 5.9164941970 9.5031586735 
312 core 10.2905681620 5.6674961577 
313 core 9.3125300995 7.0579793252 
314 core 9.4827639238 5.1651883932 
315 core 9.8806027068 4.3031466449 
316 core 8.9855245938 6.3883386410 
317 core 8.4290550648 4.9219519985 
318 core 10.5933973663 6.3840358516 
319 core 0.7739670086 4.9926414719 
320 border 6.6515740544 11.9957058980 
321 core 6.6361379216 9.4619940884 
322 core 9.6277314417 4.2389946491 
323 core 10.1781985329 4.7600731855 
324 core 1.7375986084 5.9172053349 
325 core 5.3695956297 10.1119002694 
326 core 4.9756404083 8.3587007408 
327 core 10.5267570547 6.4739014794 
328 core 1.1855237171 4.3833999575 
329 core 1.1964053789 4.3642338375 
330 core 3.2098575997 10.1726339573 
331 core -0.3649033900 4.9384465562 
332 core 0.5803744747 5.7663479278 
333 core 1.8119315373 3.8413923616 
334 core 9.5550276217 5.8723345510 
335 core 9.6700493841 6.1547111552 
336 border 7.4754117276 9.8139990389 
337 core 0.7179378407 5.5241410221 
338 core 1.5008062361 4.8528784305 
339 core 5.2976052774 8.5973984747 
340 core 4.0946471291 10.6552583778 
341 core 1.3043282242 4.1593550519 
342 core 9.7318664402 5.4522730269 
343 core 0.3155909126 5.6450274928 
344 core 6.3656141666 10.2026870538 
345 core 8.3248585326 4.2792351012 
346 core 1.1521747736 4.7684505263 
347 core 8.5252460506 4.1969094672 
348 core 9.6130839491 6.4567711859 
349 core 0.6365913668 5.0869465009 
350 core 0.2993181368 5.4740260115 
351 border -1.0930832759 6.4776613839 
352 core 8.8013972657 5.2505877656 
353 core 10.6708084934 5.4292382923 
354 core 0.1604936027 5.3806516684 
355 core 1.2824873955 6.0262147414 
356 core 9.7182746452 4.0174771698 
357 core 0.9916481123 4.3175837906 
358 core 3.4201880241 11.1527243857 
359 core 5.0602236770 9.9902589423 
360 core 6.0421759446 9.1008854880 
361 core 4.1799738518 10.7831337369 
362 core 9.4062625776 5.0307954978 
363 core 10.5057984041 5.2921826151 
364 core 2.7511377402 5.5256170275 
365 core 11.8678140850 4.1501982445 
366 core 9.6530720076 4.6674121145 
367 core 9.6262708039 4.1170198129 
368 core 4.6284889646 10.2046214701 
369 core 5.8881525395 10.2856096124 
370 core 4.7586463773 9.0699476392 
371 core 4.0984890901 9.9899977999 
372 border 3.7229713045 4.4626408946 
373 core 4.2833479379 10.6049017500 
374 core 1.1498762304 4.1248558820 
375 core 3.5334519270 12.0717240245 
376 core -0.0604996992 4.3125387887 
377 core 9.5803359221 4.1885642034 
378 core 9.9892380232 5.2873002337 
379 core 9.1015617267 5.0045058916 
380 core 1.5685222520 4.9833365179 
381 core 9.4682506242 3.4338840713 
382 core 5.7122525722 11.4070093325 
383 core 1.8181577382 4.4897094922 
384 core 9.0009493603 6.9791320544 
385 core 0.2964191531 4.1991531947 
386 core 6.2553389133 9.6188921717 
387 core 4.4825284660 10.4907892013 
388 core 0.3518599882 5.7344232484 
389 core 10.5847041366 6.1709468549 
390 core 3.8018985936 8.9378945179 
391 core 11.5905739507 4.6652697492 
392 core 5.7163470912 8.7020466782 
393 core 9.5152991978 4.5356641856 
394 core 4.5086553328 9.4310041784 
395 core 11.1358997102 6.6946560725 
396 core 0.7305443553 3.8542839862 
397 core 0.0920624688 4.2097259687 
398 core 11.5577353543 6.6839922738 
399 core 0.9893610029 4.5527748081 
400 core 11.0874509413 4.6251210088 
401 core 9.0971912603 5.4237726175 
402 core 4.7290241083 9.6947177299 
403 core 2.8341873096 5.7874631406 
404 core 2.2086348483 5.9960839051 
405 core -1.0913232808 5.4183335859 
406 core 1.1481389593 4.9320434200 
407 core 2.1404108654 5.2706549687 
408 core 11.1768677564 6.6103033794 
409 core 5.9031412699 10.5024130173 
410 core 11.4384603533 5.2705036296 
411 core 10.2246358243 3.6259302911 
412 core 9.4679072277 4.9532980001 
413 core 8.5075303775 4.6752748976 
414 core 10.3414444323 4.5889339713 
415 core -0.3821660836 4.7648030635 
416 core 1.3481156495 5.2222313580 
417 core 1.2845229925 4.6758132204 
418 core 3.8069168324 9.7542486677 
419 core 4.9022392204 8.7906300495 
420 core 11.0028230640 5.5154756399 
421 core 0.3719065419 4.9204034055 
422 core 0.5213360966 5.7989040335 
423 core 9.0393752920 4.5452782616 
424 core 4.5899189052 9.7761272199 
425 core 9.7154230903 4.2001463138 
426 core 11.7129568692 4.9732546943 
427 noise 13.1303951514 5.4357439216 
428 core 2.9334168485 5.9277086507 
429 core 1.0350622494 4.8646211117 
430 core 4.7925410956 10.8721127797 
431 core 1.0396719213 4.9388407293 
432 core 5.4640267396 9.7646906407 
433 core 1.2665323660 6.4275938939 
434 border 6.8894569878 11.6207210744 
435 core 10.1391679708 6.0006830499 
436 core 0.7104850039 5.5393402356 
437 core 11.4112112569 4.6219735430 
438 core 4.1034009792 10.1414145282 
439 core 5.1441605558 8.9182476144 
440 core 5.2424430345 9.8884310947 
441 core 3.4487798195 9.1066356912 
442 core 6.2895181195 9.8728200071 
443 core 0.4666667881 5.5114619839 
444 core 9.9391722935 6.3875501498 
445 core 6.1669919977 10.4470933084 
446 core 2.2440153839 4.3198362162 
447 core 6.2574726835 9.5086891321 
448 core 5.7453701453 9.2978703759 
449 core 1.4655944397 5.5574438862 
450 core 10.3334442640 6.3972700145 
451 core 2.0189114754 5.9719212120 
452 core 10.5673517269 5.3348906207 
453 core 4.5117449970 10.5762601553 
454 core 9.9841641903 4.9457280425 
455 core 4.9419620237 9.1502604381 
456 border 2.2485173985 9.3224631744 
457 border 1.7092676519 7.5174906838 
458 core -1.0354755137 4.6150836040 
459 core 0.4398323915 4.9143982345 
460 core 3.7560307246 8.5667471011 
461 core 9.3535116336 4.6057078075 
462 core 0.8407108349 5.2121703491 
463 core 9.8276258475 4.0726951248 
464 core 11.5262767420 4.9888455593 
465 core 5.3310539511 8.8982662048 
466 core 4.6064849759 10.6657604578 
467 border 1.2389081141 7.6828817831 
468 core 3.1204292584 10.5260234799 
469 core 10.2621356974 5.9383419065 
470 core 3.8043014392 8.9650966205 
471 core 1.3184002241 5.9727642898 
472 core 11.7940563152 5.6607276895 
473 core 11.1026548600 6.8366632579 
474 border 2.8541988199 8.3990742987 
475 core 11.0000169226 5.8617391251 
476 core 0.6473742137 5.0359147490 
477 core 9.5485564369 6.3560770114 
478 core 1.8545556783 6.2608377426 
479 core 0.6609037697 5.3369109104 
480 core 6.7669952805 9.3870885643 
481 core -0.0175803733 4.8879754605 
482 core 11.9806257785 4.8594055267 
483 core -0.0277988931 4.2026317609 
484 core 9.3056022263 4.6621779950 
485 core 1.1137919374 5.7649046609 
486 core 2.5627595826 4.4944028368 
487 core 3.1534511859 11.6097345947 
488 core 0.3865201494 4.0080326139 
489 core -0.2412619004 4.7247835544 
490 core 3.5264918445 9.5046501718 
491 core 5.4363473563 9.0994254677 
492 core 10.7106119724 4.6329817999 
493 core 9.7905237843 5.7571695746 
494 core 5.6823131921 10.6404751309 
495 core 2.9506970942 4.5370483956 
496 core 12.4406267195 4.4516844258 
497 core 12.1415005023 4.7879224039 
498 core 5.3789450744 8.0259274655 
499 core 3.5467963096 10.6687404276 
500 core 0.6158457869 5.0801891535 
501 core 4.8054594393 9.6682124212 
502 core 4.7136019242 9.7241125067 
503 core 0.8440250360 5.4274169301 
504 core 6.0749584000 9.0543054253 
505 core 9.8763231597 5.0004003592 
506 core 3.7916497280 10.5693742961 
507 core 4.6188466602 10.6576042153 
508 core 6.7158266978 10.5373562043 
509 core 10.4855710642 5.5790126023 
510 core 9.2896466190 3.8639195046 
511 core -0.0099273482 5.6868977203 
512 core 3.6524574919 8.6321231074 
513 core 9.1135394222 3.7654303485 
514 core 0.7594946373 6.9537482147 
515 core 6.5087924277 10.6340617287 
516 core 4.3734549492 8.1025095224 
517 core 5.8966351286 10.2772968180 
518 core 1.7636310111 5.5481735737 
519 core 0.5664248401 3.2754977144 
520 core 1.2960303069 4.1000082968 
521 core -0.0901083666 4.4730738240 
522 core 4.9211000742 9.6297896331 
523 core 6.3225062906 10.8508295360 
524 core 12.1259917573 5.3398528875 
525 core 5.1850168954 8.9806556413 
526 core 8.7355251320 5.2243225027 
527 noise 3.2478230082 2.9006042740 
528 core 7.3535382183 10.0453699388 
529 core 10.3153430747 6.7332238346 
530 core 1.2582278920 5.5833394721 
531 core 7.7055227071 4.6989107648 
532 core 1.5901684314 3.7219451967 
533 core 4.6572332300 8.2745543477 
534 border 6.0166607143 7.5105247327 
535 core 0.9384473931 5.1845237429 
536 core 6.0265966652 10.6088889781 
537 core 0.9309806539 6.6779627643 
538 core 10.6554613521 5.4440605324 
539 core 9.1434400008 5.3636078765 
540 core 10.3643234006 5.2754319004 
541 core 0.5463562815 4.7420549502 
542 core 0.4259063704 4.1491752997 
543 core 3.9371985514 10.1861264211 
544 core 3.0974862623 8.6631795790 
545 core 10.8798039795 6.1177859261 
546 core 0.0759359703 4.4476724244 
547 border 8.3111630008 11.0308706119 
548 core 9.2566951623 6.1528594054 
549 core 10.6374532861 4.5214990725 
550 core 9.1637260888 4.2082663689 
551 core 6.8226473572 10.7353533612 
552 core 9.9594917898 4.9865999892 
553 core 11.5104223269 5.8961350875 
554 core 11.1366648283 5.3410816174 
555 core 1.7524125881 3.7430346597 
556 core 10.2286984259 6.5714511430 
557 core 6.3996932301 10.2574808824 
558 core 9.4614063475 4.1164651597 
559 core 0.3404529152 4.0276055680 
560 core 2.5407196836 5.9369245850 
561 core 5.0594363032 9.0387425543 
562 core 2.1247158906 6.0833801330 
563 core 0.7547158464 5.8417900157 
564 core 1.7124567632 2.9996412663 
565 core 4.3629549440 10.9411427921 
566 core 4.8868374208 10.6557676634 
567 core 4.5320118121 9.1439979713 
568 core 6.0899353301 8.8002210742 
569 core 8.9910876199 5.0283019894 
570 core 1.0513503374 5.8112488250 
571 core 0.0559121873 3.9257623239 
572 core 5.4428851168 8.9356900225 
573 core 1.7169439817 6.5205557035 
574 core 4.3765014716 10.3277664352 
575 core 7.2116389520 10.0923695347 
576 core -0.1386731689 5.5022856094 
577 core 4.6097476322 10.1246995726 
578 core 2.1748654896 4.3787075962 
579 core 0.7627877017 3.3384410088 
580 core 4.0529906905 8.6719328887 
581 core 10.1161108393 4.8505722282 
582 core 10.1780116023 4.0297368743 
583 core 10.6969023347 6.3373560735 
584 core 4.2031258231 10.9049185217 
585 core 3.6597922374 11.1716473853 
586 core 2.7501525872 4.5916564724 
587 border 7.4561714389 4.9638444181 
588 core 10.0870476020 4.7050233627 
589 core 5.4881898593 9.9147569919 
590 core 2.6086898603 9.3553026043 
591 core 5.5786540401 10.6432358441 
592 core 4.5413692490 9.3433810432 
593 core 5.9153895828 9.5523810094 
594 core 9.2270363638 6.9122156459 
595 core 1.6741466124 5.6515888957 
596 core 9.6374875171 5.8927515148 
597 core 3.8481166520 9.8806876722 
598 core 2.1358435597 4.0069049994 
599 core 8.7461206084 3.6850911873 
600 core 1.9279272446 6.4482072557 
601 core 9.2723000988 4.3865555408 
602 core 8.6272103376 4.3396194139 
603 core 0.5775225505 3.8945826647 
604 core -0.9451395694 4.6357247161 
605 core 0.7454614201 4.3204425671 
606 core 1.1153053432 4.8089381681 
607 core 11.9687946237 4.1874807571 
608 core 8.8687649361 4.0374545435 
609 border 4.7864641075 7.0376047511 
610 core 5.8393657599 10.3716459035 
611 core 3.5520964092 10.5570124280 
612 core 4.9795968461 11.6531602920 
613 core 4.8738990577 10.4903640262 
614 core 0.2715810406 5.3093919112 
615 core 10.0950228271 4.7638124769 
616 core 3.4165059204 11.3803848176 
617 core 6.8550308369 10.1666988127 
618 core 0.5309672962 3.2973296415 
619 core 1.3033055002 6.5091840352 
620 core 6.4432633444 11.0689786048 
621 core 2.9932589797 6.6602432370 
622 core 2.0959342067 6.7710714229 
623 core 9.9578564402 4.9778825689 
624 core 0.3249381023 3.6394764738 
625 core 9.0968287433 4.8968442389 
626 core -0.6524087642 5.8137773016 
627 core 2.2380169350 5.4812347846 
628 core 1.5147767491 4.5950896848 
629 core 10.6207890340 4.3524968673 
630 core 9.6936014952 5.1918532537 
631 core 10.7819466666 5.1459727452 
632 core 11.0031963295 4.9251565722 
633 core 5.6074775846 8.9597157750 
634 core 10.1045288854 4.7172662173 
635 core 1.2848524245 5.9655431775 
636 core 1.8008468890 4.2451917493 
637 core 5.8793384960 9.5961773698 
638 core 10.9861046837 5.8755823150 
639 core 5.7959851653 11.7608686093 
640 core 4.0331813073 10.3428029367 
641 core 4.8590516160 9.8191107080 
642 core 0.5764299840 4.7683496209 
643 core 9.8476344666 2.9881949131 
644 core 0.8814405546 5.5849377957 
645 core 7.6833848864 3.9852319519 
646 core 0.9132280703 5.4446762040 
647 core 9.9479484204 4.3265039451 
648 core 9.9394805993 6.5947762768 
649 core 0.3501168750 3.4113866584 
650 core 1.1743040883 5.8147193473 
651 core 1.3738569803 5.3174871638 
652 core 0.5419302900 6.4066749594 
653 core 5.1180602757 8.8002497834 
654 core 4.5928894139 7.8194722244 
655 core 4.4026455587 9.6566392072 
656 core 10.0221814050 5.0899158357 
657 core 0.2819505283 4.6259345178 
658 core 0.9556250544 6.4065954521 
659 core 12.4549946985 3.8374104776 
660 border 8.8853428328 2.4499398312 
661 core 0.7366820392 4.9079373175 
662 core 10.3715222698 5.5151012665 
663 core 0.6806291646 4.3979078291 
664 core 2.8909774118 9.6324363292 
665 core -0.2052461628 4.8093977810 
666 core 6.0858164711 11.3849810253 
667 core 4.4232984211 10.2311868332 
668 core 9.3281060178 5.9606257575 
669 core 4.6478631288 9.8147096100 
670 core 0.8420286199 5.4494172488 
671 core 0.1654119950 5.6328975895 
672 core 10.6611463693 4.7167103534 
673 core 0.6525891625 3.6015590214 
674 core 2.7331855198 10.7669471806 
675 core 0.0592683180 4.3119097153 
676 core 4.1129283630 9.5751101023 
677 core 9.2270574304 4.2284334745 
678 core 0.7730232909 6.3993694471 
679 core 4.7598114006 9.0931887621 
680 core 8.8924196362 4.1955503885 
681 core 10.2732873195 4.7467954830 
682 core 9.4696132061 4.1320592298 
683 core 9.4404958492 2.6001001604 
684 core 6.5486908484 9.8034256241 
685 core 2.9333075802 5.4383520190 
686 border 7.8358207145 11.0403643843 
687 core 1.7896178536 4.6439687255 
688 core 3.1701472663 10.5365678134 
689 core -0.4568215310 5.0240597832 
690 core 3.6313408236 8.9061092911 
691 core 7.9543671057 4.9002259370 
692 border 9.9843014642 7.6490053626 
693 core 2.6262987972 4.2525828232 
694 core 3.1112349713 5.9227060639 
695 core 5.8674524644 10.4921685004 
696 core 11.7297658621 3.7856071143 
697 core 5.2713319314 9.9346184043 
698 core 6.0421858567 10.4259174380 
699 core -0.5725061686 6.2088006144 
700 core 4.8045365670 8.5348149941 
701 core 8.9201342368 4.7466495129 
702 core 5.8651713114 9.8295160437 
703 core 9.0573341262 5.1266835496 
704 core 8.0595288627 6.1309505320 
705 core 3.7266444231 10.2470864535 
706 core 5.4074035119 9.7215609129 
707 core 1.1877010199 5.3144131485 
708 border 12.7356216837 5.1677859548 
709 core -0.0241205559 4.8509680345 
710 core 4.3002744247 9.2700101499 
711 core 1.2339333463 4.5362990263 
712 core 5.1363375696 8.3428530884 
713 core 5.3061772557 10.8899427736 
714 core 0.6931065377 4.8932800322 
715 core 9.4451549112 4.7252004933 
716 core 9.6449666295 4.8939363911 
717 core -0.1744349488 5.5748983638 
718 core 10.9244042762 4.1518894055 
719 core 8.7332278334 5.7947512019 
720 core -0.6960670992 4.3152265164 
721 core 0.2745199277 5.8030717049 
722 core 0.9052004971 3.9815917638 
723 core 3.8754065339 10.4445642217 
724 core 0.8747618208 6.0602609593 
725 core -0.1206857230 5.8884429907 
726 core 9.6179554286 5.6780998664 
727 core 4.0414170710 8.0084457203 
728 core 1.2439484767 5.7963200118 
729 core 1.2178100329 3.6322697967 
730 core 11.0455162447 3.8554635361 
731 core 3.7069139889 10.3195729843 
732 core 4.6493698284 8.8607886821 
733 core 0.3888517380 5.7300436613 
734 core 3.6805853165 10.8086124575 
735 core 9.7404052104 4.5170945853 
736 core 2.5549468218 5.4808153319 
737 core 4.9541310689 11.5979309767 
738 core 1.0001086787 4.4383172185 
739 core 2.1273088524 5.1046241610 
740 core 8.3434390087 5.4782717883 
741 core 10.7988374938 6.0649110025 
742 core 6.2449284622 9.6902899293 
743 core 1.0299022706 2.6976309702 
744 core 3.9472449956 10.4041754186 
745 core 0.6166347120 5.5617932257 
746 core 9.0227718428 5.4242279798 
747 core 8.5288573310 3.8561995244 
748 core 9.2318340840 4.4073581865 
749 core 1.9281612581 5.4817635596 
750 core 11.4254162844 4.5645330889 
751 core 5.2565316363 10.0147095406 
752 core 9.5410487823 3.2524021099 
753 core 3.9152247933 10.0181304884 
754 core 5.2098004924 10.2886381996 
755 core 1.0837181395 5.5332676418 
756 core 6.4962140314 10.8956204714 
757 core 1.2768748614 4.3328194699 
758 core 4.8691878283 11.1617802027 
759 border 2.4260237671 9.3630075874 
760 core -0.2026179109 4.2760880537 
761 core 0.1147148591 5.5965748575 
762 core 1.3103700022 5.5616918532 
763 core 0.3734556719 3.4950842431 
764 core 9.4439099430 5.2064664856 
765 core 2.1144702126 4.4768561279 
766 core 1.8298761281 4.8859245554 
767 core 10.1070388947 3.3046330509 
768 core 1.4560092080 4.9949456861 
769 core 4.2366412575 11.3744913669 
770 core 10.3663868403 4.8454214375 
771 core 9.7775131193 5.1279334039 
772 core 4.2829115720 10.7489349102 
773 core 9.0644299531 4.1226716984 
774 core 4.9671831435 11.5863468138 
775 core 3.5044841342 9.8130474888 
776 core 10.5098482330 5.3730741289 
777 core 8.6737706343 5.0009933719 
778 core 1.3363918577 3.6443365577 
779 core 11.6416615006 5.4099154793 
780 core 9.4808484884 6.6586694551 
781 core 0.4766112492 5.7663449956 
782 core 0.3616122793 4.7538344427 
783 core 6.9301648122 9.7752260236 
784 core 4.8148658165 9.8676436722 
785 core 11.3201458498 5.9545149423 
786 core 10.2387794300 3.5965601167 
787 core 9.8210312044 3.1182625872 
788 core 4.9437292496 8.1053703305 
789 core 9.3164487792 6.4265156819 
790 core 4.7749915768 9.8657232612 
791 core 5.4259278332 9.4021507049 
792 core 10.0893734898 3.6853051832 
793 core 6.2180146863 8.9566446360 
794 core 0.5133394746 4.9026824535 
795 core 4.2171973923 11.2655775019 
796 core 3.8781173081 10.0722893739 
797 core 2.3484054072 5.5656328714 
798 core 8.3226635371 6.6642054382 
799 core 2.9708448492 4.9024192275 
800 core 5.8387013157 11.5766379060 
801 core 5.5751078081 9.7401902724 
802 core 11.4111795941 3.8750590177 
803 core 9.2970612544 4.3942447903 
804 core 0.1690674077 6.0494478163 
805 core 1.1580964151 4.1933339840 
806 core 4.4808500872 11.5307199181 
807 core 10.0928028945 5.6414965405 
808 core 4.3828051636 9.2315835583 
809 core 5.7551604748 10.5420116323 
810 core 1.5610852807 4.9791260942 
811 core 9.3995195180 4.9537036815 
812 core 3.9950466882 10.7370945799 
813 core 6.4320996275 10.2456753335 
814 core 4.0087478817 9.4133303746 
815 core 0.6013718018 5.8859344951 
816 border -1.2234480540 3.6512578863 
817 core 6.1535410007 8.7680959463 
818 border 5.3599161545 7.4305937442 
819 core 0.0295583238 3.6159913352 
820 core 0.0981467037 5.3665025227 
821 core 4.7591367137 9.2375303550 
822 core 3.2675759537 10.7847787417 
823 core 0.6814460633 6.3874273182 
824 core 0.9843509684 5.7865378541 
825 core 3.2005771891 10.2427763501 
826 core 8.7688493817 5.2780695840 
827 core 5.2237503809 10.5877717765 
828 core 4.2253692096 10.5220284565 
829 core 5.8351956505 10.5291324426 
830 core 4.6685210823 10.8061095167 
831 border 2.0921814867 2.5736152364 
832 core 0.6412264300 5.6061858026 
833 core 1.4516717918 6.7280151891 
834 core 8.7104746067 3.5482180525 
835 core 10.3902233322 3.6506115180 
836 noise 7.5838095946 7.9456818899 
837 core 3.5674770608 10.6676578463 
838 border 5.0402822765 12.7716785346 
839 core 5.0391317257 9.9547620289 
840 core 3.5873725586 9.6232754510 
841 core 10.2351484729 4.6480070185 
842 core 3.1265359461 3.9731485248 
843 core 12.3093893085 4.2347184039 
844 core 4.6264489821 9.4160987007 
845 core 12.1090782337 4.3579896648 
846 core 1.2799522587 4.4411065470 
847 core 3.2466952273 4.4573092219 
848 core 3.9404564640 9.7142606099 
849 core 10.5889854097 5.4115093417 
850 core 0.8710275311 3.7231294533 
851 core 3.8298367837 11.1423353986 
852 core 9.5744470089 4.3868319128 
853 core 5.6272580291 10.6409265300 
854 border -1.4475658506 5.9755182117 
855 core 1.6731158540 5.2254703054 
856 core 12.1361918595 4.3560071243 
857 core 1.7550987422 5.4284579714 
858 core 1.9361722406 5.8389294567 
859 core 5.3502084376 9.6942379589 
860 core 2.6566235393 7.4503562041 
861 core 0.4954626275 4.6466410756 
862 core 0.3915319042 6.8874222853 
863 core 3.7662702089 9.1095379402 
864 core 4.9048925640 12.3939181863 
865 border 2.2244568172 7.8727835693 
866 core 8.9963283782 4.8128322865 
867 core 11.7289260176 5.0230345749 
868 core 6.1903624903 10.3903685691 
869 core 3.2062915524 11.1666877953 
870 core 4.3515718467 9.6975152337 
871 core 10.1721752757 5.9579286641 
872 core 11.2201153503 4.4548696068 
873 core 10.7657826341 4.3264292541 
874 core 8.8084360426 4.4041119328 
875 core 0.7483598659 6.4825761743 
876 core 8.8327247646 4.1711899555 
877 core 10.2256873607 5.2860643676 
878 core 8.5150290680 4.8040082206 
879 core 9.3510067806 6.3737969459 
880 core 4.4018454343 9.2373989287 
881 core 10.4839233288 5.4280522529 
882 core 4.0588310922 8.5697902077 
883 core 4.9733441747 9.4624602315 
884 core 5.5878407400 12.3659983742 
885 core 10.1159495203 4.9704261615 
886 core 10.3428544209 4.5952436792 
887 border -1.1819666184 2.6911581666 
888 core 5.6905328460 10.8317972854 
889 core 10.7089452501 6.0526395223 
890 core 1.2379925770 4.5798511022 
891 core 10.4387031733 3.9406814153 
892 core 3.7049722709 10.2692099455 
893 core 4.9312287469 10.6758598780 
894 core 5.0175878961 8.4979803520 
895 core 9.5298257221 4.9834965643 
896 core 5.2872915192 9.5898655353 
897 core 1.9336181557 5.6185913351 
898 border 7.8398419203 10.8417904097 
899 core 4.9081136470 10.3210478798 
900 core 1.0925812104 6.1200075056 
901 core 4.7958363638 10.0222432725 
902 core 6.1378362644 8.7291883023 
903 core 4.7811066531 8.9241747146 
904 core 1.6264308281 5.5549441724 
905 core 5.0994381195 10.6449334480 
906 core 0.2790241396 4.0659753941 
907 core 10.7538975326 4.7215221786 
908 core 8.3421560981 6.1618163226 
909 core 1.3577656684 3.9713711536 
910 core 3.2188501382 5.0495908508 
911 core 1.1456539573 5.3650613966 
912 core 5.8337739246 10.5286264341 
913 core -0.0695400833 4.5825998760 
914 core 4.7807749066 12.0754201169 
915 border 8.5590865596 2.6771322894 
916 core 11.0840553546 6.1274273940 
917 core 9.8766010978 5.0571135720 
918 core 1.8139524180 4.0494976775 
919 core 3.9700400070 9.3983435930 
920 core 0.8285420294 3.2679224929 
921 core 4.6375154469 9.1153430084 
922 core 5.8295874920 9.5179289330 
923 core 1.5922576340 3.8745365779 
924 core 3.2201206578 9.3361374754 
925 core 2.1719920936 5.7030496595 
926 core 5.7383828769 10.8374291898 
927 core 2.0686191162 4.1765879366 
928 core 8.2941415610 5.4981076111 
929 core 5.7289243463 9.4435247182 
930 core 0.5484323396 6.1042457188 
931 core 1.7483156179 7.4301867192 
932 core 9.5661141294 3.5635772953 
933 core 9.5940760442 6.8327283774 
934 core 5.3741646036 8.9707961940 
935 core 9.8568469863 4.9167598449 
936 core 9.4774993340 5.8216841315 
937 core 2.0595199462 5.0347918683 
938 core 1.8795978577 5.0965880987 
939 core 4.4437973919 8.7548875599 
940 core 0.0750332344 4.6383784624 
941 border 2.6331782825 3.2533770954 
942 core -0.1904843302 6.8211090770 
943 core 10.1206624470 3.9813167763 
944 core 4.9757217339 10.4599434251 
945 core 10.7909682320 5.2715201064 
946 core 10.4225414867 5.1437545801 
947 core 9.8243601158 6.0927524664 
948 core 0.4145759307 4.2318743646 
949 core 1.5321551775 5.0019444050 
950 core 10.0366996291 5.3747893428 
951 core 10.0460639912 4.6651145032 
952 core 10.5418060118 3.9638921942 
953 core 2.1575706689 5.7734455082 
954 core 6.0019959414 10.4331541901 
955 core 11.5951021319 4.5899285780 
956 core 4.0013249011 8.7737783733 
957 core 0.2146792845 3.9144095289 
958 core 10.0690373663 3.2403375619 
959 core 2.3899710651 6.2461192967 
960 core -0.8992445986 3.5617615798 
961 core 5.8323829259 8.7436446622 
962 core 9.2951407420 5.3513390987 
963 core 1.4365012151 3.4294017348 
964 core 3.6432031031 10.5087325578 
965 core 0.0711018668 4.4778367107 
966 core 9.3062758433 4.7477018369 
967 core 5.2117749554 9.9621937813 
968 core 1.5830411147 4.5469072792 
969 core 5.3952277466 9.8448293369 
970 core 5.9187798572 10.7674679903 
971 core 4.6804399737 10.3713919459 
972 core 12.1591955637 4.7582639865 
973 core 2.0196308918 5.2437172091 
974 core 12.0110852964 5.2096253981 
975 core 4.9197087470 8.9944275541 
976 core 5.3638365694 11.0693490513 
977 core 4.4877754523 11.0326431719 
978 core 0.3970696201 5.1380254261 
979 core 0.2584527797 4.4150925453 
980 core 2.2097348505 5.6370863340 
981 core 1.0611836983 5.1097042653 
982 core 4.7554418784 10.5765353058 
983 core 1.7538508733 5.1395714050 
984 core 10.3488347714 4.9356022153 
985 core 5.4271932876 8.7648982737 
986 core 10.3968364426 5.6778099392 
987 core 3.1707955792 10.8455277278 
988 core 5.4262087584 11.8070383112 
989 core 10.8934034694 6.0910694494 
990 core 0.7594814151 4.6492027767 
991 core 9.9113929765 3.7583380996 
992 core 7.5510882636 4.4976633733 
993 core 8.6106525019 5.7248017545 
994 core -0.0556629774 5.4926931783 
995 core 1.6576554428 6.2944988500 
996 core 8.2895826891 4.4601328101 
997 core 0.7413972287 4.5746805413 
998 core 1.5086108437 4.9035803615 
999 core 3.8066865537 9.7977874348 
