2000 2
0.426 2.301 
10.949 6.093 
0.920 4.669 
5.740 8.424 
1.190 4.811 
10.693 4.505 
9.362 6.014 
0.075 4.296 
9.237 5.603 
2.222 4.189 
6.160 10.391 
11.182 4.328 
10.186 6.289 
4.618 9.538 
0.991 4.384 
9.983 3.538 
10.161 3.266 
9.977 5.831 
5.051 10.534 
9.273 6.030 
-0.950 3.675 
4.021 10.423 
-0.083 5.263 
10.809 4.562 
9.759 5.674 
9.984 2.926 
10.044 4.459 
6.510 10.981 
3.646 4.600 
0.334 4.763 
0.455 6.761 
1.487 4.776 
6.617 8.536 
5.648 10.452 
1.179 6.815 
1.359 5.778 
3.337 12.517 
0.442 4.097 
0.822 4.153 
8.075 10.656 
-0.652 3.259 
4.909 9.160 
9.715 7.217 
1.354 3.944 
1.405 4.452 
10.476 3.046 
4.929 9.723 
2.489 4.844 
4.895 9.700 
11.552 6.640 
1.817 5.242 
8.988 3.443 
4.687 9.391 
1.284 4.265 
1.224 5.565 
3.610 10.564 
0.603 6.435 
9.636 3.177 
4.755 11.794 
9.648 5.367 
1.938 3.775 
3.188 8.263 
1.150 3.637 
1.898 5.870 
5.205 8.527 
10.867 6.183 
9.416 5.418 
7.788 4.721 
8.850 4.829 
2.642 5.019 
1.344 4.080 
4.140 10.733 
0.409 4.389 
10.746 3.679 
-0.333 6.111 
5.001 10.339 
1.090 3.169 
9.765 5.301 
4.559 10.825 
0.780 5.831 
1.740 4.025 
9.982 5.197 
10.021 4.504 
6.494 10.327 
8.015 3.869 
10.193 4.458 
3.453 8.303 
4.778 10.287 
11.094 4.127 
3.765 4.737 
4.391 9.908 
2.477 8.904 
4.097 9.715 
11.111 6.034 
10.534 4.473 
1.144 4.715 
-0.060 5.602 
4.846 10.642 
10.724 3.472 
4.799 10.766 
9.794 3.553 
0.606 6.104 
8.227 5.782 
9.582 5.148 
6.073 9.966 
1.672 5.573 
5.552 9.093 
10.008 6.264 
4.166 10.801 
5.715 9.560 
10.092 4.780 
9.832 4.951 
9.556 2.523 
5.373 9.426 
6.072 11.332 
1.018 4.418 
10.404 5.347 
0.463 3.997 
0.613 5.442 
2.032 5.580 
-0.019 5.484 
5.733 10.015 
1.780 4.876 
10.057 3.751 
3.268 10.307 
4.101 9.871 
0.033 5.498 
9.910 5.634 
4.681 9.321 
0.096 5.556 
4.728 9.273 
10.510 5.944 
11.259 4.800 
0.808 4.643 
10.292 4.870 
4.964 8.424 
0.912 3.406 
11.093 5.217 
9.781 4.803 
8.983 2.595 
10.486 4.007 
4.254 9.700 
11.014 4.556 
10.102 2.974 
6.040 9.730 
5.466 9.376 
9.181 5.569 
1.666 4.861 
10.180 6.519 
10.005 5.475 
4.517 11.261 
4.666 8.566 
5.836 8.511 
0.967 5.690 
10.258 5.091 
5.001 9.109 
9.933 5.000 
3.781 10.348 
9.403 5.655 
0.095 3.404 
0.233 3.565 
9.950 5.572 
11.442 3.675 
3.385 10.504 
-0.465 5.470 
11.018 5.833 
2.428 3.708 
9.237 4.639 
9.955 5.824 
4.992 10.258 
11.164 6.549 
0.493 5.473 
4.461 8.396 
3.106 8.712 
1.129 5.708 
4.506 8.470 
9.934 3.464 
10.394 4.849 
0.526 3.523 
5.553 10.307 
10.197 3.934 
4.164 10.383 
4.565 8.737 
2.125 5.346 
10.347 5.874 
5.007 10.367 
4.880 9.393 
5.761 11.103 
10.179 2.198 
11.523 3.218 
6.364 9.233 
5.975 10.046 
1.351 5.514 
0.106 4.609 
11.220 3.999 
-0.952 4.300 
9.466 4.107 
8.938 3.949 
5.304 10.600 
9.532 4.344 
5.228 11.285 
1.615 5.151 
1.080 3.935 
9.570 4.620 
2.356 6.213 
9.355 5.682 
1.816 5.212 
10.896 4.408 
1.195 5.298 
-0.283 5.415 
10.249 3.967 
0.737 4.500 
5.831 9.426 
2.069 4.280 
3.336 3.018 
8.214 4.839 
0.885 2.390 
10.666 4.692 
3.690 9.636 
2.394 5.845 
1.003 6.012 
10.457 4.077 
0.009 5.901 
0.724 4.988 
4.499 8.917 
6.447 10.399 
0.904 4.461 
0.863 6.156 
2.095 3.974 
4.580 10.839 
1.232 4.154 
3.856 9.434 
8.116 4.902 
5.928 8.243 
9.416 3.810 
6.416 11.746 
4.806 10.628 
2.158 4.050 
-0.153 4.060 
9.579 4.840 
6.105 11.056 
8.874 3.488 
1.260 6.972 
11.159 4.319 
0.665 6.255 
5.384 10.163 
8.138 5.280 
5.903 9.408 
0.469 5.322 
10.866 4.658 
2.721 4.324 
2.205 3.519 
10.405 3.856 
9.929 5.656 
0.495 3.378 
10.303 4.691 
5.614 7.880 
1.991 5.539 
1.812 5.395 
5.538 8.145 
3.612 11.215 
1.904 3.826 
4.093 9.926 
6.388 10.945 
5.304 9.745 
0.406 5.235 
6.704 11.184 
9.975 6.337 
10.554 7.633 
10.154 5.158 
2.172 5.613 
5.314 11.480 
-0.221 3.388 
4.042 9.474 
2.118 4.006 
11.771 2.652 
5.339 10.027 
5.440 9.683 
4.330 9.347 
5.106 8.847 
1.583 4.137 
1.592 5.236 
9.875 3.159 
4.824 11.005 
0.559 5.382 
9.478 4.052 
10.805 5.542 
2.218 4.676 
7.329 9.989 
9.897 5.333 
6.856 9.298 
9.849 6.632 
11.580 5.539 
10.711 4.930 
6.427 7.826 
11.266 4.863 
9.793 4.065 
9.523 5.580 
0.411 3.082 
9.771 5.016 
5.869 10.120 
4.892 10.098 
3.626 10.905 
2.585 4.749 
9.912 3.790 
0.920 5.924 
-0.147 4.839 
2.480 5.125 
4.912 10.847 
1.319 5.630 
0.316 2.501 
10.146 3.773 
1.444 4.232 
1.657 5.843 
3.877 8.886 
8.526 4.329 
3.603 10.537 
4.253 9.517 
10.136 3.565 
3.371 11.589 
10.532 4.173 
3.208 10.125 
10.375 2.680 
1.573 4.669 
0.565 4.645 
7.973 5.817 
10.015 4.165 
10.714 5.653 
1.662 4.194 
9.954 4.247 
5.464 9.548 
1.443 4.684 
0.221 5.379 
4.716 10.647 
8.906 6.038 
8.714 5.896 
10.079 3.474 
10.553 5.149 
10.369 5.711 
4.619 10.357 
6.505 10.505 
0.345 4.265 
4.572 8.001 
0.724 3.722 
5.205 12.135 
0.535 6.270 
7.037 11.673 
5.549 11.137 
-0.211 5.714 
8.977 4.715 
5.333 11.703 
-0.640 6.078 
8.759 4.336 
3.776 9.892 
0.364 4.820 
0.667 5.492 
7.666 5.712 
9.192 4.107 
0.609 4.670 
9.905 3.777 
10.099 5.269 
1.449 4.643 
5.899 9.166 
1.869 5.434 
2.066 4.104 
10.235 4.934 
0.321 6.941 
0.091 3.851 
4.737 10.533 
9.341 4.451 
4.531 8.977 
8.477 5.395 
0.604 4.146 
1.916 4.296 
4.961 9.643 
0.408 5.820 
2.975 6.067 
5.274 9.944 
10.396 6.117 
10.427 4.413 
6.270 9.940 
4.506 10.104 
4.462 10.046 
8.833 4.260 
5.906 8.140 
0.614 4.368 
1.797 5.629 
5.943 10.481 
-0.456 4.984 
-0.674 5.398 
9.300 6.128 
2.427 5.453 
4.582 10.690 
1.729 4.707 
4.084 8.055 
8.945 6.225 
3.452 10.347 
4.414 11.893 
10.030 5.630 
9.083 5.492 
10.367 6.480 
-0.488 4.696 
5.529 11.721 
8.396 4.047 
9.909 4.576 
10.566 5.247 
9.585 6.257 
1.563 4.716 
0.445 3.933 
2.424 4.590 
10.383 5.376 
0.586 5.177 
1.765 4.198 
0.445 4.288 
0.383 4.555 
9.613 6.373 
-0.220 5.177 
1.738 4.692 
0.654 5.238 
4.207 9.444 
0.639 4.293 
4.250 9.660 
10.938 5.274 
8.886 4.585 
4.040 9.437 
1.064 4.854 
4.900 9.763 
7.350 9.761 
5.069 9.919 
2.761 4.759 
9.168 5.786 
10.086 4.860 
4.697 11.189 
5.900 11.137 
1.781 6.894 
3.230 10.507 
9.269 7.327 
10.238 6.591 
1.652 5.659 
5.389 9.815 
9.365 6.551 
0.406 3.640 
2.845 11.082 
11.244 5.783 
1.352 3.024 
-1.853 5.866 
5.435 8.332 
9.372 5.046 
9.858 4.234 
10.146 6.602 
3.174 5.144 
-0.065 4.487 
9.825 5.517 
2.595 6.572 
5.995 9.515 
4.384 10.191 
9.770 4.986 
4.317 9.818 
12.420 4.719 
10.490 6.600 
2.923 4.244 
10.739 4.492 
2.477 4.381 
4.919 10.561 
10.740 4.800 
10.146 4.891 
0.181 5.968 
10.912 7.266 
10.158 6.183 
5.975 7.736 
9.668 6.109 
10.115 4.878 
-0.286 5.722 
4.440 8.028 
4.789 9.946 
3.807 9.205 
10.889 4.004 
4.104 8.870 
1.289 4.014 
1.862 6.014 
1.350 3.665 
6.835 10.211 
5.126 9.859 
10.027 4.580 
10.356 3.409 
0.090 5.978 
5.168 9.767 
6.215 10.847 
3.695 8.330 
1.062 5.308 
10.100 5.154 
4.565 9.505 
3.074 9.832 
-0.285 4.141 
4.060 10.401 
1.237 4.676 
1.078 5.316 
6.955 9.659 
9.670 5.165 
6.616 9.507 
5.480 10.563 
5.718 8.831 
1.997 5.686 
7.942 5.090 
0.443 3.196 
-0.698 5.853 
1.222 5.869 
10.235 5.092 
9.618 5.769 
4.600 9.964 
5.444 8.568 
10.849 4.936 
5.943 7.720 
11.171 4.673 
10.822 4.137 
8.302 3.718 
10.933 5.325 
4.300 12.019 
9.789 4.042 
5.762 10.420 
1.774 4.524 
0.191 4.438 
5.348 9.659 
3.285 4.791 
5.379 11.599 
11.283 5.097 
9.878 3.367 
1.670 6.525 
4.040 11.674 
4.753 11.392 
5.653 10.539 
0.215 4.342 
11.346 4.085 
5.315 9.412 
0.369 5.018 
0.312 5.903 
3.770 9.723 
5.717 10.510 
1.741 5.064 
8.875 4.554 
-0.562 5.309 
9.201 5.730 
4.585 10.028 
4.344 9.900 
1.985 2.610 
9.516 4.475 
5.312 10.365 
10.111 5.463 
10.589 6.331 
10.604 5.420 
10.564 4.758 
1.852 5.368 
1.460 6.734 
9.496 4.732 
5.338 11.840 
5.763 10.807 
10.642 6.332 
0.785 6.747 
1.144 5.696 
0.836 5.238 
0.586 6.284 
10.250 5.247 
9.739 5.036 
1.751 3.993 
-0.375 4.815 
1.691 3.987 
1.567 4.480 
5.349 10.631 
1.804 4.263 
8.672 6.313 
0.177 5.677 
9.683 4.096 
4.856 9.751 
4.691 12.399 
0.186 4.737 
10.687 4.356 
5.860 14.169 
0.333 5.002 
6.068 8.172 
9.938 4.353 
1.123 5.780 
4.857 8.413 
5.148 9.043 
0.320 4.995 
9.990 5.714 
-0.416 5.201 
9.346 4.744 
5.435 9.459 
4.985 7.891 
12.043 2.826 
4.161 9.572 
3.573 8.321 
1.611 4.760 
7.802 5.726 
0.712 5.425 
3.791 11.369 
4.384 7.675 
9.738 4.364 
5.000 8.495 
10.162 5.785 
10.458 5.303 
12.971 3.947 
1.241 4.097 
0.973 5.179 
12.182 5.052 
2.009 7.268 
10.265 4.821 
0.873 5.394 
5.386 9.195 
-0.230 5.279 
5.099 10.802 
10.361 7.141 
4.711 11.056 
1.927 9.871 
4.583 8.605 
5.104 9.961 
10.445 5.217 
5.417 10.725 
3.482 11.307 
5.680 8.820 
1.098 5.198 
0.862 4.891 
8.687 4.599 
4.803 9.343 
1.090 6.424 
0.420 5.549 
6.339 11.214 
5.439 10.629 
1.715 4.913 
1.585 5.434 
4.797 8.675 
10.107 3.828 
4.812 9.590 
1.102 4.787 
3.721 8.055 
6.064 9.485 
0.115 4.373 
4.263 9.597 
10.098 5.164 
0.224 6.204 
10.328 3.242 
1.308 3.874 
2.253 4.726 
9.684 3.685 
2.289 5.101 
5.339 10.068 
5.668 10.295 
0.595 4.761 
1.969 4.491 
8.555 4.186 
4.910 9.435 
3.611 9.155 
1.156 5.789 
11.052 5.037 
10.878 6.533 
1.606 5.980 
5.555 11.674 
4.707 9.396 
3.857 9.813 
4.050 9.735 
11.065 3.100 
9.376 4.865 
1.797 4.414 
4.590 9.255 
5.674 9.163 
1.828 4.874 
11.677 5.000 
3.194 8.909 
2.435 4.385 
10.101 2.764 
10.297 5.342 
10.338 6.157 
7.858 7.112 
9.399 4.917 
9.175 3.767 
4.209 10.309 
11.077 4.901 
5.037 9.126 
2.214 4.205 
1.094 4.276 
4.723 11.548 
9.762 6.274 
10.523 7.674 
6.431 9.891 
0.321 5.265 
-0.312 4.485 
0.805 4.528 
5.755 9.919 
4.255 10.013 
-0.822 4.098 
4.708 8.674 
9.477 4.122 
4.922 9.518 
4.139 12.496 
0.410 6.242 
4.545 10.886 
9.880 4.754 
11.012 5.297 
-0.316 5.613 
5.333 11.253 
1.469 5.252 
1.921 3.048 
7.626 9.397 
1.095 5.695 
3.313 10.939 
3.420 8.268 
3.343 9.735 
1.276 4.212 
11.185 6.203 
11.729 4.746 
5.262 10.257 
5.770 10.223 
2.532 3.854 
2.398 5.160 
-0.424 5.457 
9.540 5.035 
9.814 6.068 
7.382 3.500 
10.124 3.440 
5.494 9.296 
9.381 5.350 
1.675 5.212 
3.920 9.676 
4.425 8.189 
-0.010 3.094 
1.473 6.502 
1.002 4.214 
5.695 9.799 
5.613 11.130 
4.443 10.947 
5.720 10.610 
5.538 10.035 
5.057 9.709 
5.682 10.908 
6.583 10.513 
4.223 9.396 
9.720 4.721 
10.972 2.019 
1.168 4.673 
3.341 6.644 
10.332 5.726 
0.160 5.653 
10.785 5.230 
1.863 5.215 
10.708 4.805 
2.639 9.174 
4.281 11.083 
0.878 5.465 
0.881 3.434 
4.688 10.241 
8.399 7.033 
10.396 5.521 
0.792 5.105 
11.075 5.245 
4.263 12.816 
7.559 11.153 
5.546 10.118 
5.116 11.280 
8.584 4.787 
3.819 10.659 
5.482 11.476 
0.685 4.610 
-0.962 4.695 
9.852 6.390 
12.036 4.427 
0.442 5.993 
10.623 4.592 
1.197 5.139 
10.527 5.303 
0.228 4.776 
4.852 12.133 
1.534 4.626 
0.637 6.768 
-0.128 5.396 
10.639 5.483 
9.974 3.853 
3.867 11.292 
9.088 3.636 
5.219 10.040 
5.511 10.520 
3.032 4.365 
-0.705 5.435 
1.808 6.565 
11.255 4.264 
0.707 3.228 
1.623 5.649 
10.532 3.529 
3.923 8.545 
5.039 9.685 
0.324 6.745 
-0.914 5.443 
5.406 10.357 
0.001 5.923 
5.691 11.630 
2.041 4.523 
2.981 4.475 
4.126 10.278 
2.254 5.337 
2.981 6.047 
6.136 9.077 
9.479 4.692 
9.937 4.714 
10.644 5.647 
-0.685 5.140 
7.964 4.918 
10.293 5.121 
6.281 9.626 
6.578 10.058 
7.579 3.769 
9.708 6.645 
4.839 10.504 
1.641 4.161 
10.966 4.203 
0.590 4.862 
10.548 4.593 
8.671 3.937 
9.240 4.343 
8.901 3.146 
10.367 4.733 
1.723 5.426 
5.477 9.719 
8.457 4.749 
4.022 9.266 
1.710 4.639 
10.309 6.343 
1.338 3.379 
0.922 4.568 
5.615 9.162 
7.285 9.432 
10.448 4.249 
13.019 5.911 
2.454 5.161 
0.068 5.460 
4.593 8.987 
10.316 4.697 
4.667 8.529 
0.531 5.318 
1.981 6.396 
8.068 4.191 
1.352 5.639 
6.352 10.322 
0.456 4.645 
10.024 3.870 
-0.859 4.778 
4.133 10.335 
4.991 11.540 
9.622 6.430 
10.290 3.886 
1.151 4.917 
9.540 5.365 
10.376 3.866 
9.268 5.816 
-1.587 5.214 
10.008 3.621 
5.828 11.052 
4.485 11.288 
10.488 4.681 
11.049 4.881 
9.995 5.079 
13.348 4.647 
-1.212 6.545 
11.361 4.675 
9.028 4.077 
5.802 8.621 
4.577 9.259 
8.713 6.578 
10.395 4.947 
0.510 4.085 
0.920 6.697 
0.313 6.656 
3.320 5.536 
5.620 8.989 
5.583 9.836 
1.899 4.397 
2.518 6.001 
11.182 3.830 
8.841 4.442 
0.126 4.950 
10.545 4.806 
4.030 5.071 
2.224 5.465 
4.245 10.462 
2.135 5.275 
8.836 4.730 
1.640 4.106 
11.155 4.975 
5.386 10.007 
0.982 2.100 
1.847 2.776 
5.547 11.097 
5.770 10.513 
6.062 9.820 
10.178 6.366 
9.669 5.328 
10.813 4.044 
11.393 5.597 
4.703 11.877 
4.325 10.260 
10.153 4.870 
0.944 3.123 
5.131 9.219 
1.405 3.918 
8.659 5.478 
9.287 6.898 
0.795 4.858 
0.892 6.203 
0.956 4.986 
2.663 5.428 
4.233 9.815 
6.231 11.084 
4.461 9.819 
-0.446 6.158 
1.140 4.557 
5.392 9.079 
5.569 9.707 
1.369 6.081 
9.882 4.317 
3.425 3.074 
0.912 5.745 
11.003 4.407 
0.144 4.135 
0.056 6.064 
4.725 13.499 
1.762 5.133 
10.522 5.307 
1.309 5.141 
10.713 5.018 
5.279 9.396 
10.123 5.286 
10.703 4.621 
-1.536 2.985 
1.420 6.108 
9.843 4.928 
4.037 9.626 
6.287 9.263 
4.378 10.494 
5.954 10.793 
3.124 8.469 
5.723 8.203 
5.974 11.094 
3.168 9.683 
1.899 5.007 
5.280 9.838 
4.142 9.788 
9.649 5.672 
6.131 8.276 
10.659 4.321 
2.245 4.442 
4.858 8.643 
0.689 6.190 
0.902 4.267 
10.760 4.974 
1.431 5.488 
10.470 4.401 
0.139 4.030 
9.382 5.413 
1.663 3.695 
0.488 4.884 
4.828 10.085 
10.482 4.769 
0.959 4.249 
-0.322 5.744 
10.028 5.474 
10.017 4.746 
5.298 10.613 
0.950 4.497 
2.772 10.850 
7.067 9.265 
4.586 10.132 
0.975 4.954 
0.649 4.411 
5.360 10.243 
9.471 3.296 
11.878 5.543 
3.485 9.966 
-0.764 6.870 
4.133 9.602 
0.866 2.251 
1.005 3.693 
10.586 5.400 
10.766 5.939 
4.136 10.361 
4.403 9.840 
9.808 4.576 
3.946 9.531 
8.859 3.354 
11.522 4.843 
12.288 5.507 
8.762 5.517 
2.406 3.412 
10.289 4.686 
1.657 6.021 
11.354 2.579 
4.622 9.563 
9.490 6.496 
0.822 5.487 
4.638 9.652 
2.440 6.302 
0.716 4.720 
4.734 11.264 
5.026 9.613 
-0.496 3.109 
0.962 5.001 
4.652 9.667 
1.599 6.425 
9.566 4.919 
3.729 8.904 
6.263 5.837 
4.686 11.051 
2.756 5.836 
10.882 4.820 
4.724 9.718 
9.397 3.273 
1.431 5.249 
8.525 4.922 
10.387 4.830 
4.479 10.154 
9.042 6.354 
4.859 8.968 
5.249 10.567 
5.003 9.426 
9.667 4.571 
8.322 3.623 
5.950 9.983 
4.635 8.289 
-1.054 5.185 
6.092 9.248 
4.308 8.288 
9.850 5.168 
1.592 4.970 
0.534 4.766 
10.406 6.084 
4.410 11.391 
6.659 9.665 
10.484 5.133 
3.939 10.771 
0.553 4.312 
1.618 3.973 
11.504 5.026 
4.052 8.442 
9.283 6.022 
10.369 4.201 
4.078 10.430 
5.585 8.422 
1.231 4.743 
5.407 9.730 
5.902 8.088 
6.167 9.413 
9.937 6.123 
1.884 5.510 
6.048 9.556 
3.109 9.867 
9.365 7.041 
4.080 9.474 
11.628 4.671 
1.721 4.988 
-0.128 5.342 
10.294 6.713 
11.716 4.983 
8.591 6.128 
0.917 4.115 
1.060 5.699 
4.420 11.691 
1.189 4.343 
10.265 6.265 
1.401 5.856 
9.995 7.263 
0.949 4.214 
6.359 10.029 
3.010 4.938 
1.782 3.865 
5.313 10.089 
5.618 9.096 
1.549 3.947 
4.407 11.035 
4.023 9.219 
10.737 4.111 
0.526 5.655 
11.760 3.996 
0.734 2.986 
8.264 6.263 
1.670 2.613 
10.321 3.758 
0.371 3.711 
6.748 11.025 
9.533 3.776 
9.951 2.665 
3.509 9.963 
1.547 5.063 
1.924 6.646 
10.175 3.873 
2.364 4.790 
2.877 10.938 
3.550 11.204 
4.173 9.571 
3.246 11.128 
7.771 4.433 
5.553 10.023 
4.762 9.798 
10.826 6.087 
5.814 9.327 
6.873 12.228 
4.831 8.832 
9.986 4.452 
1.693 5.080 
2.065 5.700 
8.958 3.040 
10.589 4.900 
0.579 4.055 
9.635 4.293 
4.406 10.313 
0.896 5.175 
1.522 4.666 
11.528 6.960 
1.561 6.083 
9.517 2.977 
-0.332 5.424 
9.782 4.893 
5.175 9.933 
6.241 8.735 
4.831 9.373 
11.463 5.006 
10.181 4.491 
0.724 4.745 
4.554 9.553 
7.108 8.836 
10.562 5.585 
0.335 6.079 
4.188 10.378 
13.193 4.819 
9.998 2.405 
4.362 9.028 
1.883 4.963 
5.773 10.939 
6.134 9.794 
5.056 9.449 
4.745 8.556 
1.044 5.759 
10.581 4.577 
4.953 11.053 
1.315 6.584 
9.550 5.031 
9.477 5.044 
9.732 5.284 
4.517 12.346 
5.557 10.401 
0.348 4.778 
4.389 10.243 
1.687 6.476 
7.464 10.831 
9.627 2.726 
5.336 9.642 
-0.125 5.084 
2.547 3.924 
0.136 4.095 
4.158 8.602 
1.498 5.365 
11.051 6.997 
10.285 4.569 
2.549 3.216 
3.070 10.002 
4.129 9.313 
5.745 9.680 
10.071 4.653 
2.693 4.638 
0.130 4.729 
9.789 5.425 
8.799 5.757 
10.733 4.187 
4.867 8.517 
10.224 4.846 
0.951 5.205 
4.678 9.484 
5.642 9.404 
8.217 3.668 
5.509 9.669 
0.882 4.920 
1.882 3.510 
8.605 5.528 
0.758 5.680 
4.852 8.847 
8.662 4.560 
9.041 6.137 
1.420 6.827 
10.695 3.322 
4.286 10.002 
-1.617 5.850 
4.575 9.327 
5.939 10.986 
2.435 5.788 
3.956 10.371 
0.794 3.844 
8.348 6.379 
0.219 4.493 
1.672 5.772 
8.925 4.940 
0.750 3.537 
10.287 4.724 
0.003 8.178 
0.196 3.642 
10.109 6.248 
0.582 5.967 
8.629 5.320 
8.003 5.893 
4.141 8.603 
0.950 3.192 
4.463 11.153 
9.021 5.268 
9.327 5.531 
-1.412 6.684 
6.508 12.071 
9.972 4.692 
5.176 9.310 
4.566 10.469 
0.254 4.933 
9.222 4.661 
10.348 5.838 
9.324 6.141 
0.880 5.937 
5.393 9.176 
2.765 12.234 
4.255 10.211 
5.955 10.167 
11.131 3.870 
0.850 4.058 
0.042 5.342 
8.563 4.980 
5.929 8.674 
6.883 9.053 
0.570 4.876 
5.625 10.164 
1.827 4.824 
7.902 6.209 
0.384 5.769 
10.122 5.414 
8.166 3.901 
5.962 10.893 
6.777 8.958 
10.045 5.114 
5.693 8.578 
9.346 4.277 
9.911 3.217 
1.443 5.542 
12.009 5.960 
2.121 6.566 
5.895 11.062 
9.484 2.442 
9.732 5.550 
9.438 4.322 
4.396 10.633 
9.771 6.113 
5.215 11.757 
1.102 4.880 
3.695 9.823 
4.566 9.624 
5.069 9.110 
10.738 6.003 
10.038 6.131 
2.084 5.378 
5.545 10.484 
10.555 4.444 
9.652 4.645 
9.533 5.738 
-0.465 5.384 
1.653 4.046 
1.386 5.797 
5.799 9.593 
9.325 6.024 
8.735 5.404 
6.068 9.240 
0.140 5.844 
4.765 10.498 
1.426 5.605 
8.965 6.059 
-0.019 5.465 
5.717 11.296 
7.571 4.905 
3.798 9.425 
0.621 4.230 
10.195 5.067 
1.361 4.203 
11.109 4.802 
2.715 5.994 
11.302 4.308 
2.497 4.540 
1.084 5.253 
10.061 4.155 
10.375 3.317 
4.669 9.519 
5.561 10.164 
6.365 10.571 
0.457 5.443 
0.622 4.749 
9.802 5.138 
10.033 4.941 
9.642 4.897 
9.740 3.305 
10.666 4.966 
5.124 9.918 
2.164 5.466 
10.179 4.762 
6.001 9.995 
0.541 4.653 
6.224 10.746 
10.245 6.066 
5.020 9.375 
-0.007 3.968 
5.067 9.661 
5.359 9.771 
12.077 5.892 
3.309 3.678 
4.865 10.040 
9.200 3.228 
4.955 7.446 
8.479 6.182 
1.508 5.540 
6.958 8.004 
10.724 5.156 
9.814 3.992 
9.916 3.848 
5.352 9.616 
4.293 9.193 
1.752 6.416 
10.256 5.508 
6.046 7.883 
10.915 4.457 
5.756 11.712 
1.987 6.166 
0.283 3.887 
1.194 4.048 
4.266 9.728 
1.394 4.392 
4.286 11.079 
9.282 6.049 
1.140 3.400 
9.144 5.123 
1.242 4.161 
9.192 5.248 
8.550 5.295 
1.801 5.684 
4.845 8.941 
1.832 6.517 
0.866 4.482 
1.410 4.752 
0.404 5.383 
4.555 10.621 
5.027 9.356 
1.874 4.253 
10.099 4.613 
5.104 9.260 
0.340 5.928 
3.122 11.934 
0.534 4.115 
5.636 9.697 
0.778 5.990 
5.967 9.992 
0.900 4.492 
0.866 5.515 
11.138 3.603 
4.910 9.580 
4.919 9.131 
4.965 10.417 
5.197 8.659 
2.378 5.774 
1.947 6.600 
8.867 4.825 
0.295 5.258 
2.065 4.670 
9.882 6.031 
5.762 9.314 
0.989 5.028 
10.071 5.245 
2.336 4.466 
0.514 2.866 
2.431 4.773 
5.676 9.479 
2.098 6.383 
0.651 4.368 
4.321 10.854 
8.987 5.070 
2.822 9.977 
9.522 5.297 
1.249 4.137 
9.396 5.994 
3.574 9.650 
-0.018 3.947 
2.474 5.438 
1.914 3.637 
3.402 5.649 
0.956 5.721 
4.509 9.758 
9.465 4.595 
1.938 5.716 
1.467 5.961 
3.328 9.947 
4.191 11.331 
10.596 5.978 
12.573 5.095 
8.544 7.133 
8.732 6.376 
-0.510 2.777 
6.266 9.569 
9.434 6.519 
8.178 4.878 
11.542 4.647 
9.156 5.576 
10.208 5.755 
1.045 5.840 
11.172 4.783 
10.484 5.685 
1.385 5.843 
3.699 10.471 
6.002 11.153 
2.038 5.364 
0.780 4.958 
5.603 9.430 
4.575 9.873 
1.503 3.929 
1.487 5.195 
10.186 6.026 
10.808 6.078 
1.384 4.708 
4.850 9.531 
-0.082 5.579 
6.888 7.176 
5.548 10.263 
4.886 12.473 
5.106 10.117 
11.331 5.277 
10.252 5.102 
5.330 10.524 
9.415 4.944 
1.705 5.831 
4.854 8.713 
10.823 5.478 
9.982 6.582 
1.055 5.916 
8.647 3.489 
10.430 6.426 
4.531 10.839 
0.792 6.164 
9.826 4.283 
1.768 5.682 
2.653 6.190 
5.540 10.482 
0.361 6.120 
8.229 5.422 
7.734 10.057 
10.670 4.751 
9.546 4.401 
1.038 4.478 
10.427 5.535 
9.578 4.134 
1.842 5.073 
9.886 6.303 
6.224 10.780 
0.520 5.047 
2.105 5.798 
2.826 5.095 
5.357 11.797 
4.957 9.718 
10.126 4.330 
5.466 10.173 
1.008 4.868 
5.904 10.665 
-0.569 6.567 
4.671 9.861 
0.906 4.627 
1.816 6.942 
9.687 6.584 
5.444 11.027 
6.443 9.720 
10.297 5.932 
0.628 4.226 
5.089 10.657 
3.972 9.749 
4.884 11.420 
10.570 5.862 
11.245 5.238 
11.568 5.562 
11.397 4.898 
0.716 5.912 
1.183 5.493 
2.010 6.947 
10.437 4.746 
5.336 11.020 
4.019 10.386 
0.993 5.764 
4.995 9.324 
1.249 5.828 
11.569 6.602 
8.741 6.090 
8.470 6.670 
4.037 8.667 
5.150 9.508 
4.774 8.647 
9.380 5.321 
9.270 3.621 
11.040 5.893 
7.861 3.855 
8.947 5.320 
7.935 4.925 
10.271 5.164 
3.866 10.243 
0.348 4.762 
0.569 6.760 
0.291 6.300 
11.913 5.457 
11.092 4.906 
4.644 9.753 
5.313 10.715 
2.422 7.027 
9.981 2.930 
5.790 8.748 
2.606 5.380 
11.638 5.602 
10.870 3.875 
6.444 10.916 
11.232 5.071 
9.035 5.105 
6.087 10.244 
4.583 11.768 
1.157 5.991 
1.281 4.678 
-0.112 4.957 
3.684 9.204 
-0.182 4.632 
3.962 8.106 
6.455 10.432 
5.542 9.815 
8.777 5.037 
9.268 5.842 
7.052 4.817 
10.261 4.320 
4.083 9.054 
3.500 9.849 
5.187 9.396 
1.493 6.569 
10.271 4.385 
-0.591 5.475 
9.597 6.392 
5.809 10.409 
-0.237 5.058 
9.892 4.829 
8.484 4.957 
9.500 4.470 
10.710 5.217 
10.640 5.816 
4.163 11.131 
10.396 4.705 
5.770 10.346 
11.593 3.738 
10.115 4.487 
5.625 8.754 
5.922 9.617 
11.292 6.459 
3.023 4.613 
9.855 4.285 
10.359 4.556 
11.130 4.974 
4.628 8.902 
-1.586 6.351 
4.440 11.066 
12.390 4.531 
5.896 10.513 
11.486 5.610 
9.826 5.606 
9.436 5.743 
-1.102 4.971 
0.020 5.301 
4.398 8.279 
11.965 4.884 
1.537 5.502 
9.403 3.187 
9.851 4.512 
9.637 4.202 
8.661 5.396 
-0.160 4.318 
4.606 10.367 
0.187 4.175 
6.438 10.742 
2.809 8.242 
6.668 10.675 
9.880 4.779 
10.649 6.669 
0.699 4.449 
4.669 9.149 
3.491 9.308 
0.364 6.041 
4.910 10.975 
5.691 10.340 
1.091 4.740 
-0.236 4.497 
2.922 8.834 
10.320 5.683 
9.792 5.299 
8.562 5.341 
10.632 4.554 
0.964 5.564 
6.089 10.132 
1.095 4.445 
5.549 11.150 
1.020 4.828 
9.821 4.537 
1.412 5.415 
2.689 4.504 
-0.317 6.009 
-0.241 3.931 
2.469 4.961 
5.612 10.676 
1.481 6.111 
10.124 5.081 
4.977 11.558 
4.850 10.666 
4.325 10.267 
9.636 5.015 
9.461 6.492 
5.058 7.035 
9.351 5.618 
5.104 9.267 
6.498 10.316 
-0.026 8.175 
-0.174 4.257 
8.318 5.458 
0.764 4.973 
8.970 4.734 
9.998 4.693 
6.576 10.150 
2.020 4.935 
5.272 8.510 
2.805 10.619 
5.382 11.159 
5.303 9.817 
9.440 5.490 
9.255 2.855 
11.873 6.125 
-0.089 4.263 
1.740 5.794 
8.853 4.853 
8.422 5.048 
10.472 4.030 
5.386 11.054 
10.639 4.564 
0.463 4.131 
0.912 5.121 
5.538 9.559 
10.598 4.403 
0.379 4.287 
9.766 4.059 
3.639 9.506 
8.562 4.090 
11.291 6.223 
8.003 5.749 
4.274 10.069 
0.310 3.506 
5.531 9.945 
10.048 6.318 
10.490 6.354 
7.477 5.190 
5.074 8.606 
2.058 4.581 
2.877 4.669 
8.987 5.927 
0.705 6.765 
10.677 4.609 
4.961 8.155 
10.527 5.594 
2.435 4.531 
4.257 10.187 
6.564 9.754 
0.836 4.375 
10.291 5.614 
10.302 3.925 
8.167 4.061 
10.619 3.589 
8.675 5.311 
9.425 4.741 
1.569 6.709 
1.398 5.375 
2.758 9.081 
5.798 11.248 
9.530 4.997 
0.960 4.864 
5.541 9.275 
7.068 11.674 
3.241 10.045 
10.091 6.126 
4.641 11.648 
0.291 6.318 
10.355 5.974 
1.288 4.663 
-0.214 3.188 
-0.006 5.246 
2.031 4.028 
3.887 9.539 
0.638 6.058 
4.415 9.103 
2.076 4.447 
9.320 5.044 
1.732 3.183 
10.249 3.862 
5.085 11.791 
0.512 3.498 
9.212 4.035 
11.725 5.559 
1.784 4.311 
10.270 5.285 
8.262 4.280 
2.439 4.170 
5.324 11.589 
1.041 4.751 
5.134 10.065 
2.090 5.729 
4.683 9.250 
4.419 9.415 
10.648 3.884 
1.196 5.006 
2.228 4.190 
-1.424 5.645 
1.769 5.727 
5.385 8.527 
10.266 4.947 
0.601 5.653 
6.444 7.874 
10.792 4.048 
10.201 4.734 
0.382 3.675 
5.625 9.992 
0.930 5.614 
11.703 3.730 
9.924 5.000 
4.226 10.478 
0.144 5.245 
4.959 9.097 
1.659 5.010 
6.405 8.847 
9.993 3.297 
8.714 4.973 
0.303 5.920 
5.550 9.130 
10.377 4.906 
5.283 10.117 
1.957 6.441 
-0.252 5.762 
0.596 3.618 
10.891 3.823 
3.799 9.432 
1.803 5.871 
10.424 5.173 
2.437 6.488 
2.067 4.615 
3.286 4.140 
11.229 4.721 
10.309 4.850 
2.257 5.931 
0.058 4.769 
7.033 10.482 
0.760 6.099 
1.401 5.217 
1.193 5.753 
-0.110 6.479 
0.222 4.047 
1.063 4.334 
6.502 9.156 
9.744 6.214 
9.156 4.081 
4.895 8.604 
9.474 4.912 
1.022 4.496 
5.715 10.351 
5.919 11.415 
3.658 10.778 
11.169 5.461 
9.590 4.505 
2.657 4.938 
1.943 4.866 
0.439 3.674 
4.523 8.284 
11.260 5.188 
0.014 6.065 
6.295 9.395 
5.079 8.698 
1.837 7.799 
4.164 10.342 
0.262 4.187 
11.041 4.478 
10.336 4.177 
11.767 6.548 
8.798 4.418 
0.199 4.323 
5.041 9.004 
10.077 5.453 
2.065 5.313 
4.926 10.591 
5.996 8.823 
1.921 3.714 
4.746 9.657 
2.384 5.614 
4.353 8.414 
11.601 4.535 
4.424 11.811 
0.891 4.198 
4.830 10.613 
0.347 4.238 
2.010 5.308 
5.586 11.644 
1.392 4.102 
5.947 10.322 
8.828 6.348 
6.565 10.310 
4.892 8.174 
0.429 4.940 
8.603 4.704 
11.715 4.504 
6.798 8.921 
5.055 9.207 
4.653 10.585 
2.045 7.655 
1.847 4.979 
9.105 5.193 
6.372 9.529 
0.162 5.753 
1.646 3.975 
0.736 5.527 
5.331 11.070 
3.655 10.595 
10.739 3.704 
9.350 4.239 
0.846 4.721 
11.330 4.370 
10.360 5.693 
0.607 5.233 
10.590 4.636 
4.323 10.555 
9.168 6.176 
11.083 5.818 
0.161 5.071 
1.383 5.256 
10.113 7.144 
1.513 4.610 
0.368 3.660 
-0.436 4.155 
4.859 9.760 
11.120 4.627 
7.240 9.528 
7.045 9.890 
-0.073 4.867 
8.800 5.035 
0.239 5.555 
5.770 10.109 
6.185 10.131 
3.768 8.100 
10.962 5.369 
4.582 8.813 
9.199 4.077 
1.885 5.631 
11.449 5.406 
2.193 5.589 
0.374 4.856 
10.381 4.794 
5.167 9.605 
9.237 5.104 
10.217 2.716 
0.832 5.289 
0.386 4.111 
1.929 6.924 
0.379 6.107 
5.516 11.606 
5.819 10.244 
11.357 4.048 
7.859 5.263 
4.848 10.047 
0.696 5.062 
6.628 9.198 
5.377 11.011 
5.017 9.854 
4.819 8.376 
-0.238 5.701 
5.704 10.108 
0.453 6.810 
9.943 4.604 
10.422 3.867 
4.851 9.046 
4.658 9.700 
10.284 4.229 
9.398 5.976 
12.501 6.557 
11.450 4.473 
1.316 4.309 
5.779 10.060 
1.654 4.168 
6.104 10.635 
4.769 8.642 
5.477 11.952 
6.340 10.708 
4.440 9.781 
5.415 9.896 
2.518 5.185 
12.496 3.565 
0.642 5.559 
1.426 3.745 
1.864 4.916 
5.276 8.130 
0.571 5.258 
0.426 4.370 
1.731 4.843 
4.180 9.949 
1.186 5.791 
8.903 4.567 
8.816 4.067 
10.287 5.115 
5.445 8.132 
0.680 6.117 
1.300 4.643 
4.544 9.428 
5.689 10.154 
0.492 2.961 
5.448 10.169 
4.789 9.768 
3.734 10.882 
8.267 5.147 
2.133 6.560 
10.965 5.838 
2.087 4.825 
10.532 5.584 
5.496 9.899 
10.826 4.973 
2.797 6.167 
6.878 9.246 
1.816 4.014 
0.540 4.669 
-0.336 3.856 
10.310 5.170 
6.236 9.375 
10.321 2.868 
4.854 10.582 
4.969 10.203 
4.270 9.789 
6.814 8.701 
3.864 9.795 
4.601 11.242 
9.574 5.605 
4.375 8.521 
6.216 9.389 
6.533 8.613 
5.706 10.816 
10.254 5.395 
1.426 4.910 
9.500 5.858 
11.502 4.559 
0.578 2.813 
10.563 4.864 
9.578 3.983 
9.446 4.111 
6.301 9.976 
0.870 3.932 
9.292 4.927 
3.814 11.466 
-0.078 5.518 
8.386 5.912 
8.701 4.441 
1.352 7.457 
11.164 5.457 
1.166 3.449 
5.867 10.996 
9.900 4.152 
5.240 8.621 
1.684 5.433 
4.431 10.506 
5.131 10.259 
1.401 4.767 
4.678 9.618 
4.877 8.309 
3.217 5.115 
5.040 10.671 
4.427 8.956 
12.337 6.118 
4.703 9.885 
10.742 4.617 
5.415 10.793 
10.235 6.695 
6.081 10.412 
0.002 5.404 
5.717 8.990 
1.428 5.192 
1.606 3.881 
6.700 8.865 
8.160 5.100 
5.448 8.695 
10.124 5.909 
5.421 8.597 
0.553 5.582 
1.734 4.702 
5.151 10.223 
1.565 4.930 
1.245 4.234 
4.997 9.464 
-0.665 3.005 
0.540 4.577 
5.681 9.507 
