2000 3
.526 2.342 
3.937 1.284 2.603 
1.700 1.634 3.661 
2.804 1.987 1.100 
2.059 3.348 1.108 
3.568 3.696 1.067 
3.099 3.776 3.254 
2.010 3.972 1.325 
2.199 3.722 3.822 
1.504 3.200 1.017 
3.164 1.396 2.523 
3.238 2.802 1.377 
2.554 1.356 2.931 
3.191 2.851 1.589 
2.097 3.171 1.044 
3.842 1.989 2.744 
2.583 1.445 3.295 
2.127 1.502 3.208 
3.242 1.081 3.296 
1.817 3.300 2.390 
1.860 1.102 2.407 
1.688 1.640 1.338 
2.597 2.049 3.266 
1.152 3.823 3.094 
2.829 3.158 2.373 
3.422 3.347 3.728 
1.264 1.802 1.875 
1.736 1.241 1.854 
1.474 2.627 3.848 
2.699 2.672 3.568 
3.074 2.851 1.641 
2.097 1.946 1.216 
1.258 3.986 2.928 
1.386 3.102 3.325 
3.787 2.257 2.042 
1.201 1.848 1.909 
2.489 2.817 3.463 
1.351 2.389 1.712 
1.521 1.880 1.952 
3.328 1.070 3.279 
2.361 3.284 2.270 
3.116 3.246 1.250 
2.679 3.062 1.734 
1.350 2.304 2.630 
3.656 2.616 2.845 
3.874 3.687 1.860 
2.004 3.616 1.963 
1.308 3.633 3.495 
1.411 3.255 3.170 
3.478 2.406 1.377 
3.897 3.108 3.728 
1.447 3.297 3.327 
2.588 1.568 2.191 
3.776 1.462 3.225 
3.429 3.189 3.625 
2.126 2.984 3.163 
1.853 2.052 1.891 
1.598 1.036 1.643 
1.686 2.116 3.114 
1.049 1.340 3.395 
3.100 3.779 3.998 
1.925 2.300 1.208 
3.164 3.408 3.466 
3.247 1.136 3.131 
3.713 3.954 3.341 
1.104 2.250 3.806 
3.986 3.061 1.347 
2.497 1.364 3.222 
3.549 2.337 2.887 
2.193 1.047 2.613 
2.406 2.318 1.360 
3.959 3.087 2.013 
2.847 1.656 2.856 
3.857 1.754 3.698 
3.635 2.136 2.516 
3.613 2.703 2.547 
2.540 2.825 3.025 
3.687 1.357 3.671 
3.856 1.436 3.620 
2.240 3.396 1.552 
2.218 2.490 3.785 
2.439 3.030 1.242 
1.269 2.473 3.538 
1.446 1.864 2.704 
3.542 1.830 3.938 
1.800 2.190 3.502 
1.890 2.665 1.709 
2.745 3.595 1.852 
2.915 3.219 2.398 
2.376 2.309 2.806 
3.627 2.771 2.086 
2.154 3.637 3.121 
3.992 2.480 1.290 
1.114 1.762 1.131 
3.651 3.927 2.245 
2.082 2.847 3.007 
3.964 3.068 2.597 
2.536 3.811 3.659 
1.006 1.161 2.346 
2.327 2.212 1.929 
3.257 3.816 1.151 
1.667 2.381 2.837 
1.465 2.038 3.730 
3.350 1.262 1.893 
2.441 3.744 3.266 
1.903 1.834 1.711 
3.546 3.101 2.909 
1.553 2.906 2.320 
1.190 2.946 1.651 
2.826 1.536 2.967 
2.556 1.120 2.910 
3.464 2.118 1.277 
3.242 2.508 1.761 
3.628 1.341 3.158 
3.600 1.484 3.006 
3.015 3.416 1.091 
1.891 3.120 3.747 
3.406 1.001 2.127 
1.252 3.124 1.175 
3.388 2.137 3.805 
2.705 1.913 1.149 
3.133 3.924 3.598 
3.389 3.623 3.610 
2.991 2.064 2.786 
1.517 2.254 2.990 
2.582 3.363 1.647 
1.018 1.027 1.788 
3.580 1.332 3.788 
1.926 1.752 2.859 
2.895 2.676 3.013 
3.126 3.726 3.734 
3.506 2.326 1.739 
3.537 1.404 2.127 
1.115 3.043 1.426 
2.542 1.745 1.022 
2.827 2.256 2.769 
1.261 2.354 2.841 
2.816 1.508 1.947 
3.784 3.508 2.817 
1.623 3.980 3.682 
2.202 1.006 2.922 
1.616 3.841 2.935 
3.561 1.159 3.427 
2.888 1.432 2.048 
1.842 2.596 1.560 
1.842 1.999 3.111 
3.774 2.775 1.660 
2.955 1.276 3.082 
1.504 1.854 2.359 
1.234 1.643 1.845 
1.820 2.188 2.994 
3.767 3.817 1.215 
1.572 3.274 3.801 
3.435 2.568 1.063 
2.998 1.155 1.810 
2.987 1.297 2.199 
2.627 3.290 3.425 
2.302 1.697 1.928 
3.705 1.902 3.574 
1.039 2.985 2.283 
2.577 3.725 1.766 
1.785 3.437 2.521 
1.986 1.687 3.926 
3.832 1.717 1.037 
3.687 1.387 1.769 
2.368 2.391 1.515 
1.741 2.209 1.086 
2.412 3.281 2.626 
1.589 1.550 2.877 
3.639 1.082 3.950 
3.322 3.294 2.198 
2.737 2.898 3.307 
1.091 3.551 2.094 
2.146 2.694 2.098 
2.356 1.675 2.318 
3.301 3.826 2.258 
2.871 3.568 3.871 
3.649 1.531 2.152 
1.084 1.677 3.174 
1.349 1.530 1.008 
2.329 1.708 2.015 
2.423 1.966 1.253 
1.682 2.261 2.505 
2.373 3.373 2.979 
2.330 3.619 2.942 
3.838 2.418 3.626 
3.991 1.230 3.697 
3.026 2.533 3.791 
2.263 1.635 1.620 
1.966 3.207 1.695 
2.289 2.125 3.024 
1.378 1.565 2.289 
1.830 3.583 3.249 
2.054 1.463 3.661 
3.034 2.600 3.123 
2.054 2.252 3.378 
2.481 2.036 3.315 
1.636 1.994 3.614 
1.014 3.100 3.007 
2.888 3.305 3.417 
1.122 2.232 3.996 
2.051 2.301 3.295 
3.564 3.450 1.868 
3.733 2.456 2.617 
3.577 1.348 1.994 
1.316 1.755 2.820 
1.010 3.502 3.853 
2.271 3.303 3.093 
1.877 3.797 2.295 
1.507 1.391 1.580 
1.636 1.517 2.925 
3.621 3.641 2.976 
1.424 1.805 3.786 
3.323 1.262 3.800 
1.592 2.594 1.886 
1.465 1.070 1.617 
2.473 2.265 2.801 
2.428 1.048 3.592 
2.653 2.221 3.534 
2.980 2.267 3.779 
2.287 3.394 2.642 
3.329 3.093 1.678 
2.252 2.656 3.228 
1.333 2.550 3.551 
2.284 3.824 2.421 
2.080 1.348 1.461 
1.044 1.001 2.805 
3.258 3.374 3.014 
3.205 1.304 2.992 
2.745 1.456 1.803 
1.471 3.338 2.709 
3.087 3.002 3.662 
2.403 3.326 3.555 
1.762 2.359 1.229 
1.675 2.112 3.124 
3.222 2.046 3.599 
3.082 1.220 2.508 
2.689 3.985 3.083 
3.484 3.258 1.308 
3.801 3.923 3.233 
2.277 1.121 2.101 
2.062 2.633 2.163 
3.500 2.831 1.020 
2.248 3.495 1.150 
2.713 1.856 3.665 
3.929 3.080 3.402 
3.235 1.215 3.215 
2.559 1.189 1.562 
1.773 3.352 2.857 
1.935 1.055 2.613 
2.000 3.276 3.335 
3.878 1.739 1.665 
1.362 1.637 1.313 
3.724 1.201 3.137 
2.256 1.279 1.398 
2.020 3.012 1.341 
3.254 2.432 2.244 
3.495 3.455 2.004 
1.355 2.984 2.732 
2.114 1.006 2.580 
2.359 1.322 2.415 
1.036 1.145 3.272 
2.885 1.043 2.573 
3.986 1.916 1.073 
1.559 2.546 3.647 
2.854 2.961 3.174 
3.460 3.759 1.139 
2.698 2.144 3.795 
1.470 1.460 1.182 
3.932 1.802 3.388 
3.510 1.233 1.341 
1.198 2.919 3.794 
2.921 2.792 3.865 
1.086 1.847 3.276 
2.062 2.743 2.984 
1.418 2.249 3.780 
2.850 1.927 2.118 
3.189 2.356 2.840 
2.915 3.460 2.574 
1.851 3.850 2.384 
2.106 2.107 1.032 
3.581 2.792 1.075 
3.927 2.043 1.962 
2.555 2.276 3.934 
1.091 1.766 1.522 
2.087 2.642 3.352 
1.396 3.243 3.390 
1.370 2.518 1.711 
2.232 2.797 1.998 
2.460 3.841 1.514 
1.196 2.860 3.993 
2.054 1.530 1.101 
2.747 3.078 2.949 
3.992 2.024 1.039 
2.619 1.273 3.001 
2.453 3.249 3.804 
2.156 3.385 2.703 
3.046 2.028 2.862 
1.092 3.071 3.007 
2.226 1.264 3.843 
1.310 2.299 1.005 
1.800 3.241 1.522 
3.497 1.114 3.977 
3.241 1.871 3.088 
2.002 3.386 3.911 
2.439 3.896 3.374 
2.597 1.227 3.568 
1.267 3.539 3.987 
2.610 3.017 2.413 
2.090 1.608 1.265 
1.773 2.645 1.307 
1.027 2.906 2.487 
2.889 3.254 3.057 
2.326 1.994 3.751 
3.423 1.414 1.639 
1.807 1.244 1.868 
3.419 1.443 2.159 
1.145 1.765 1.740 
3.917 1.616 1.282 
2.220 3.055 1.595 
3.610 1.857 2.330 
2.005 2.100 3.171 
1.954 2.561 3.895 
3.554 3.003 3.161 
2.259 3.997 3.941 
3.262 2.799 1.715 
2.594 3.387 2.601 
1.715 2.937 2.016 
3.804 1.120 3.383 
1.896 3.914 1.716 
1.069 1.019 2.797 
2.269 1.684 2.992 
2.916 2.162 2.485 
3.020 2.709 2.622 
3.902 3.933 1.856 
3.103 2.893 1.590 
3.939 1.257 2.910 
2.128 1.272 3.928 
3.234 1.020 3.726 
2.764 3.823 3.045 
2.809 1.899 3.613 
2.395 2.528 1.549 
1.947 1.427 3.154 
3.501 2.958 2.178 
2.956 1.192 2.837 
1.434 3.633 3.709 
2.543 1.484 3.491 
3.883 3.607 3.115 
1.357 2.527 1.099 
3.524 2.299 3.151 
2.601 2.356 1.531 
3.483 1.664 3.610 
2.335 1.541 1.663 
2.710 3.876 1.813 
2.606 3.032 3.997 
3.612 3.646 1.129 
1.528 1.081 3.507 
2.339 2.259 2.991 
2.854 2.490 2.628 
1.999 1.939 3.544 
1.624 3.534 1.459 
3.165 1.118 1.092 
2.006 1.938 3.716 
3.982 3.779 3.810 
2.051 1.884 2.328 
2.842 3.550 1.802 
3.785 2.552 3.110 
1.294 3.814 3.406 
1.121 1.241 2.612 
2.285 3.786 1.279 
1.744 2.812 3.693 
3.415 1.815 2.286 
3.086 2.204 3.845 
3.403 2.870 3.942 
1.203 1.327 2.459 
1.055 3.532 1.716 
2.418 2.663 2.437 
3.408 1.065 1.582 
2.161 1.013 2.681 
1.116 1.592 2.592 
3.328 1.534 3.600 
3.757 3.187 3.713 
1.766 3.026 3.139 
1.443 3.190 3.519 
2.188 1.068 3.880 
3.229 2.306 3.795 
3.170 3.767 1.493 
1.835 2.489 3.805 
3.942 1.271 3.198 
2.934 3.137 2.086 
1.430 2.624 1.362 
3.313 1.829 1.765 
1.215 2.218 1.440 
3.351 2.437 1.065 
2.040 3.397 2.898 
1.695 3.526 2.177 
3.271 2.141 1.088 
1.667 1.107 1.203 
2.008 1.928 1.667 
1.798 3.610 2.664 
2.238 1.368 3.520 
3.450 1.040 1.067 
1.426 3.761 2.711 
2.006 3.834 2.950 
1.790 3.823 3.716 
1.598 1.223 2.095 
1.358 1.864 2.866 
1.577 3.182 3.272 
3.816 3.561 1.523 
1.550 3.614 2.470 
3.575 2.194 3.884 
3.655 2.884 3.408 
3.466 1.810 3.328 
1.135 3.877 3.524 
2.988 2.384 3.251 
3.169 1.401 3.909 
1.462 3.622 1.143 
3.559 3.577 3.328 
1.812 1.050 2.733 
2.797 3.435 2.176 
1.852 2.165 3.685 
1.736 3.187 1.371 
2.306 1.171 2.070 
1.752 3.813 3.447 
3.084 1.213 1.654 
3.016 2.128 2.924 
3.023 3.867 3.279 
3.020 3.736 1.153 
3.131 1.505 1.545 
1.595 2.316 1.186 
1.797 2.430 1.148 
1.686 2.491 2.973 
1.518 2.375 1.232 
2.788 1.421 3.630 
1.088 1.321 1.237 
1.588 1.061 2.578 
1.669 3.033 2.755 
2.903 1.012 1.845 
3.001 1.908 2.378 
2.503 1.936 1.640 
2.962 2.774 2.780 
1.673 3.219 2.093 
1.350 3.767 3.137 
3.717 1.958 1.522 
3.179 3.297 1.821 
3.818 2.625 2.393 
3.913 2.995 3.968 
3.183 1.257 2.592 
2.690 3.105 1.115 
2.125 2.339 3.205 
2.818 2.310 2.074 
3.072 2.439 2.437 
3.159 1.836 2.110 
3.515 1.646 2.304 
1.392 1.577 1.119 
1.143 1.126 3.162 
1.363 1.938 1.148 
1.472 3.178 2.935 
2.650 3.567 2.477 
1.092 1.998 2.604 
1.038 3.093 2.201 
2.137 3.655 1.010 
3.479 2.589 2.229 
3.918 3.796 1.945 
2.588 2.482 3.291 
2.932 2.670 1.852 
1.986 1.255 1.786 
1.771 1.585 3.354 
3.481 2.635 2.832 
3.386 1.282 3.242 
3.043 3.644 2.147 
2.219 2.672 3.686 
1.618 1.577 2.348 
2.162 2.125 1.575 
3.472 2.030 1.026 
2.074 2.739 3.949 
3.891 2.739 1.579 
3.623 3.350 2.694 
2.940 3.128 2.342 
1.881 2.198 1.679 
2.268 1.211 2.481 
1.557 2.855 3.030 
1.340 3.536 2.991 
3.065 2.959 2.323 
2.422 1.937 2.276 
3.470 2.472 3.988 
2.218 3.187 1.713 
1.250 2.037 2.948 
1.709 3.747 2.023 
2.267 3.523 3.505 
2.664 2.073 1.721 
1.777 3.821 1.103 
1.430 2.128 1.088 
1.193 2.818 1.936 
3.316 3.134 1.312 
1.250 3.331 2.658 
3.610 2.037 2.854 
2.918 3.740 1.935 
3.728 1.118 2.844 
1.382 3.684 1.567 
7.255 6.543 5.111 
5.516 7.274 3.237 
6.905 6.630 4.099 
5.236 5.855 4.448 
6.833 7.130 4.918 
7.569 6.753 4.338 
6.565 5.705 3.520 
6.447 7.939 4.080 
5.364 6.934 5.417 
5.016 5.247 5.273 
5.959 7.590 5.968 
7.695 5.004 4.050 
5.604 5.867 5.441 
7.875 5.790 5.525 
5.957 6.189 5.937 
5.554 7.642 5.315 
5.662 7.901 4.198 
7.055 7.047 5.583 
6.140 6.109 5.497 
6.043 5.849 3.006 
7.745 5.209 5.805 
7.754 5.722 3.434 
5.802 5.098 3.504 
6.090 7.615 3.004 
5.628 6.746 4.070 
6.140 7.234 5.446 
7.050 5.466 4.798 
7.070 7.814 4.349 
5.678 5.562 5.462 
6.368 6.239 5.954 
6.040 7.130 4.882 
7.216 7.602 4.225 
6.997 7.532 5.294 
5.111 6.132 4.641 
6.006 5.965 5.853 
6.111 7.896 5.424 
7.446 5.478 3.217 
6.756 6.642 4.663 
5.391 6.994 3.673 
5.696 5.701 5.670 
7.109 6.919 5.244 
5.275 7.721 4.095 
7.392 5.985 5.551 
5.318 7.396 5.291 
6.828 6.985 4.499 
5.187 7.591 5.724 
5.306 7.700 5.806 
7.150 7.015 4.070 
7.925 5.341 3.111 
5.356 5.529 3.531 
5.921 5.317 3.507 
7.553 5.149 5.481 
7.640 6.301 3.293 
5.193 5.797 4.185 
6.278 6.525 5.596 
5.485 7.026 5.936 
5.283 5.237 4.225 
5.176 5.961 4.585 
5.683 7.349 3.024 
7.254 7.481 3.881 
5.876 7.265 3.761 
7.321 5.512 4.454 
7.560 6.768 3.839 
5.845 5.129 3.958 
5.092 7.964 4.718 
6.990 5.965 4.225 
7.671 6.935 4.227 
6.322 7.395 4.921 
5.559 5.307 3.062 
7.945 5.040 4.269 
6.101 7.038 4.193 
7.928 5.168 5.590 
5.498 6.148 4.454 
5.461 7.639 3.402 
7.785 6.194 5.387 
7.771 7.403 3.026 
7.567 7.163 4.829 
7.746 7.731 3.621 
7.220 6.952 5.175 
7.479 7.752 4.369 
6.758 5.028 4.053 
6.002 5.544 4.005 
7.574 6.630 3.056 
7.080 6.922 5.420 
6.784 5.216 4.055 
6.003 6.586 3.985 
5.194 6.048 4.529 
5.363 5.539 5.492 
5.665 6.138 3.765 
5.648 7.624 3.636 
6.922 7.904 5.946 
7.889 6.591 5.561 
6.106 6.785 5.426 
7.448 5.893 3.840 
6.898 7.299 5.026 
6.024 5.858 4.471 
5.885 7.978 3.209 
5.144 7.800 4.797 
7.194 6.961 5.650 
7.409 7.505 3.783 
5.060 6.898 3.369 
7.099 6.480 5.371 
7.211 6.849 4.882 
7.944 7.265 5.452 
6.244 5.402 3.002 
7.847 5.022 4.808 
6.167 7.193 3.346 
7.926 6.210 4.513 
7.116 6.749 5.718 
7.876 6.161 3.080 
6.209 7.887 3.513 
7.737 7.452 4.361 
7.029 7.421 5.999 
7.001 6.443 3.741 
7.316 6.510 5.810 
6.545 6.898 5.150 
5.937 7.621 3.249 
5.833 7.471 5.903 
7.160 7.632 4.274 
5.086 6.082 3.870 
6.881 7.485 4.722 
7.144 7.652 4.934 
7.296 6.984 3.564 
7.168 7.587 4.946 
5.520 5.315 5.823 
6.273 7.334 4.719 
7.443 7.068 3.001 
6.121 7.219 5.966 
7.840 7.225 3.052 
6.016 5.570 4.160 
6.166 6.359 4.874 
7.913 5.234 3.186 
7.583 6.357 3.189 
6.508 6.859 4.506 
5.103 5.916 3.379 
5.268 6.438 5.276 
6.991 6.882 5.187 
5.515 5.037 4.988 
6.423 6.176 3.816 
6.170 7.293 5.512 
6.694 6.842 5.752 
6.617 6.727 3.481 
5.385 6.624 3.421 
5.686 5.811 5.234 
6.196 6.457 4.752 
6.293 7.452 3.425 
6.260 6.346 5.349 
5.585 7.156 3.130 
6.294 7.335 5.143 
7.696 6.611 3.380 
6.601 5.817 5.744 
5.886 7.919 5.351 
7.365 7.771 4.604 
7.195 7.003 4.183 
6.872 6.352 5.158 
5.896 6.134 3.750 
7.101 7.332 3.266 
6.736 5.039 5.359 
6.129 6.575 4.415 
5.160 7.104 3.981 
7.834 6.897 5.772 
6.753 6.779 3.721 
6.040 5.791 4.819 
6.730 6.051 4.846 
6.068 6.081 5.303 
7.822 7.002 4.171 
6.278 6.478 4.501 
5.387 6.910 5.628 
7.471 6.358 4.277 
6.945 5.674 5.518 
5.378 7.297 5.466 
5.689 5.008 4.280 
5.615 5.592 4.654 
7.769 7.926 4.832 
7.196 7.005 3.795 
5.138 7.652 5.387 
5.147 6.367 5.335 
7.306 7.048 3.306 
5.854 5.564 5.472 
6.647 5.937 3.875 
5.273 5.244 5.124 
5.238 7.651 4.604 
7.048 5.465 4.911 
7.526 6.589 3.317 
7.421 6.553 4.182 
5.846 7.143 5.572 
6.936 5.447 4.940 
5.807 7.560 5.772 
6.834 7.853 3.028 
6.289 5.834 5.324 
5.565 7.253 5.955 
6.815 6.020 5.626 
6.378 6.689 5.975 
6.837 5.190 5.006 
7.081 7.341 4.808 
5.768 6.151 4.127 
5.083 6.822 3.948 
6.872 5.686 3.065 
6.186 5.864 5.229 
6.718 6.982 3.009 
5.775 6.489 4.508 
5.336 6.787 4.761 
5.133 5.681 4.559 
7.491 6.665 3.870 
7.122 6.070 4.657 
6.321 7.734 3.622 
7.344 6.516 4.723 
6.495 6.523 3.696 
5.136 7.789 4.714 
7.728 7.073 4.226 
5.469 5.008 5.864 
5.231 6.569 4.198 
6.982 7.263 3.310 
6.890 7.071 4.792 
5.621 6.952 5.689 
5.109 5.376 4.313 
5.049 7.515 3.499 
6.420 7.730 4.528 
7.338 5.172 3.254 
6.461 6.273 5.338 
7.218 7.336 4.315 
5.530 5.923 4.271 
6.126 7.810 5.013 
7.093 6.064 4.582 
5.978 5.818 5.243 
6.982 7.083 4.823 
7.380 7.554 5.498 
7.303 5.472 4.898 
6.910 6.706 3.897 
6.653 5.693 4.666 
5.450 6.869 4.665 
7.767 5.684 5.853 
7.333 7.501 5.805 
6.303 6.067 5.288 
7.568 6.248 5.391 
7.164 5.803 4.817 
5.775 5.754 5.963 
7.715 5.787 5.629 
7.034 5.505 5.458 
7.775 6.175 4.212 
5.787 7.975 5.149 
5.633 7.170 3.385 
6.890 6.211 5.300 
6.856 6.094 3.712 
5.520 6.706 4.601 
7.299 7.719 4.841 
6.718 6.259 5.996 
7.957 7.645 4.342 
7.633 5.936 3.175 
5.125 6.454 5.542 
7.209 6.920 5.498 
7.672 7.438 4.820 
6.950 5.450 3.188 
7.476 7.280 5.275 
5.980 5.499 4.542 
6.774 6.276 3.439 
5.447 6.331 5.915 
7.170 5.805 4.496 
6.075 5.381 5.034 
7.577 6.257 4.776 
6.737 6.421 5.366 
7.571 7.871 4.441 
6.953 7.642 3.425 
6.259 7.860 5.163 
6.942 5.511 4.282 
7.082 6.025 5.698 
5.140 7.625 3.967 
7.191 6.842 3.288 
6.883 6.973 4.180 
7.902 6.230 3.592 
6.343 5.630 3.939 
7.685 7.093 3.450 
7.343 6.000 5.095 
6.199 5.059 3.530 
6.593 6.107 4.307 
6.376 5.158 4.520 
5.043 7.674 4.870 
6.652 7.474 5.240 
6.213 6.260 4.946 
6.242 5.508 4.233 
7.884 6.310 4.325 
7.890 5.192 3.672 
7.488 7.175 3.932 
5.827 5.237 5.292 
7.831 5.205 5.523 
7.537 5.986 3.216 
5.436 6.328 4.198 
5.862 5.576 5.462 
7.755 6.081 4.616 
5.479 6.132 3.655 
5.903 6.426 3.060 
5.207 6.732 3.717 
7.845 7.186 3.726 
5.158 6.533 4.693 
7.326 6.933 3.004 
5.440 7.157 5.593 
7.124 6.684 5.849 
7.042 6.832 4.813 
5.886 5.372 3.853 
6.686 5.861 5.225 
7.392 7.393 3.294 
5.786 7.051 3.114 
5.909 5.683 5.870 
6.467 7.278 4.784 
6.412 7.099 3.144 
6.332 7.463 4.847 
6.413 5.503 5.777 
5.234 5.973 3.771 
7.665 6.507 4.823 
6.870 7.767 4.886 
7.445 6.427 4.135 
6.451 5.105 5.303 
6.407 7.719 3.189 
5.517 6.098 3.764 
7.044 6.754 5.593 
5.868 6.728 4.374 
5.111 7.934 5.786 
7.078 6.118 4.597 
6.675 6.174 3.771 
6.817 6.935 3.128 
6.218 7.076 3.543 
5.034 5.548 4.056 
7.508 6.666 3.493 
7.909 7.125 4.821 
6.730 7.812 4.496 
7.422 7.179 3.020 
7.798 5.886 4.599 
5.502 7.709 3.855 
7.741 5.537 4.324 
7.055 6.690 4.278 
7.714 5.968 5.746 
7.461 7.910 3.239 
7.410 6.610 3.911 
5.896 5.852 3.569 
6.914 5.099 3.680 
7.399 7.067 3.967 
5.536 7.003 5.821 
6.997 5.769 3.277 
6.105 6.796 5.149 
6.261 5.749 3.792 
6.617 5.659 4.141 
5.542 7.241 3.071 
5.532 7.608 4.711 
5.296 5.749 5.850 
6.458 7.249 3.077 
7.788 6.664 5.579 
5.031 5.071 5.570 
6.941 5.241 4.790 
6.216 5.741 4.829 
6.996 7.016 3.332 
7.265 7.685 3.390 
7.189 6.418 4.888 
6.103 7.864 3.545 
6.141 6.814 4.633 
5.592 5.335 3.218 
6.875 5.238 3.359 
6.253 5.023 3.924 
5.069 6.205 4.825 
7.167 6.167 3.376 
7.236 5.396 4.942 
6.621 6.033 5.364 
5.424 6.984 3.977 
6.025 5.981 4.856 
6.226 6.136 5.411 
6.879 6.465 4.442 
6.648 7.522 3.648 
6.975 5.290 4.864 
5.599 6.653 5.718 
6.436 7.110 5.189 
7.078 5.445 3.405 
6.837 7.332 4.206 
6.779 6.455 4.289 
5.746 7.532 3.658 
7.015 7.125 5.048 
6.609 6.805 5.092 
5.030 6.214 3.352 
7.375 7.291 5.575 
5.247 7.429 3.436 
6.376 6.870 4.571 
6.420 6.939 5.369 
6.611 6.607 4.058 
7.363 5.972 4.497 
7.469 5.306 4.940 
6.607 5.977 4.632 
7.487 6.664 4.961 
7.173 6.903 5.700 
5.002 6.422 5.957 
5.713 6.613 5.046 
5.491 5.606 4.252 
6.779 5.128 3.564 
7.579 6.676 3.755 
6.369 5.784 5.587 
5.818 6.537 4.504 
7.439 6.311 3.650 
5.146 6.277 4.618 
5.724 6.889 5.342 
6.605 5.862 4.294 
5.967 5.013 3.368 
7.753 6.846 5.956 
6.913 6.846 5.427 
6.710 5.355 4.508 
6.562 7.377 4.530 
6.387 7.832 4.023 
6.288 7.764 4.980 
6.405 6.546 5.825 
5.676 7.432 5.334 
7.189 6.245 3.158 
5.124 7.026 3.147 
5.694 6.627 3.064 
6.621 5.129 5.719 
7.423 6.689 3.889 
7.110 6.561 4.297 
6.330 5.702 4.633 
5.118 7.451 3.380 
7.619 6.419 3.055 
7.100 6.283 3.241 
5.795 6.107 3.576 
5.555 7.993 5.138 
6.549 7.383 5.036 
7.725 5.778 3.635 
5.126 7.108 4.839 
7.731 6.441 5.549 
7.766 6.522 4.660 
5.286 7.932 5.002 
6.838 7.737 4.554 
7.473 7.355 4.007 
6.171 7.507 4.945 
6.478 5.990 3.298 
5.991 7.019 5.591 
7.602 5.186 5.624 
6.448 6.688 4.130 
5.573 6.566 5.026 
5.347 6.621 5.042 
6.813 5.302 5.658 
5.885 5.901 5.209 
7.687 6.821 4.595 
6.766 6.333 3.914 
7.718 6.082 3.788 
5.485 5.119 4.104 
5.930 5.189 3.754 
5.840 6.416 6.000 
6.806 5.869 4.018 
6.433 5.766 5.082 
5.866 5.045 4.278 
6.845 5.309 4.661 
6.747 6.461 4.484 
5.893 6.532 3.279 
7.910 5.887 4.254 
7.932 5.715 3.694 
5.571 7.979 3.162 
5.576 6.126 4.046 
7.458 6.796 5.778 
6.652 6.433 4.983 
7.358 7.436 4.671 
6.680 6.564 4.291 
6.721 7.564 4.545 
6.071 7.821 5.610 
5.482 6.439 5.720 
5.037 5.164 4.191 
5.477 6.386 4.861 
7.094 5.180 5.584 
6.234 5.837 5.864 
5.890 7.230 4.006 
5.209 7.377 3.733 
6.141 6.274 4.001 
5.918 5.291 5.676 
5.596 7.065 3.089 
5.112 7.385 3.203 
6.815 6.141 5.290 
6.088 6.274 3.634 
5.477 5.407 4.711 
7.447 7.715 5.600 
5.013 5.406 3.971 
5.990 5.807 4.624 
5.882 6.427 5.203 
6.733 6.522 3.060 
6.035 7.222 4.283 
6.186 7.955 5.656 
7.499 6.296 5.167 
7.866 6.423 5.824 
5.509 5.677 5.937 
6.636 6.403 5.706 
7.693 5.769 5.594 
7.149 6.042 4.299 
5.144 6.958 4.105 
6.339 7.844 3.005 
6.350 7.582 3.356 
7.687 5.613 5.867 
5.052 6.523 3.416 
5.391 7.284 3.081 
6.716 7.096 3.041 
6.565 6.021 4.932 
5.109 5.011 5.329 
6.867 5.599 4.881 
7.621 7.940 4.609 
7.951 7.491 3.816 
6.431 5.126 4.246 
7.734 5.668 3.593 
7.312 5.439 5.166 
7.974 5.379 3.209 
-1.981 -1.654 -1.479 
0.223 -1.236 -4.606 
0.652 -1.197 -3.342 
0.851 -3.110 -2.064 
0.040 -2.560 -1.496 
-0.316 -3.574 -0.853 
-2.251 -3.542 -2.557 
-0.480 -1.630 -1.635 
0.862 -1.676 -2.837 
-1.254 -3.595 -2.732 
1.380 -0.948 -2.517 
0.172 -1.162 -1.424 
-3.195 -3.120 -2.525 
-2.436 -2.164 -1.586 
2.772 -1.240 -1.284 
-1.408 -3.162 -1.512 
1.379 -1.253 -3.054 
2.710 -2.974 -4.900 
3.507 -1.619 -2.856 
-0.706 -1.088 -3.264 
-0.681 -1.557 -2.610 
2.575 -1.911 -3.002 
-1.876 -1.080 -1.172 
-0.361 -3.984 -2.279 
3.730 -0.541 -1.453 
1.741 -1.869 -4.272 
-1.285 -2.561 -2.692 
2.180 -2.205 -2.768 
-1.223 -2.358 -1.861 
-0.382 -3.161 -1.223 
1.964 -1.728 -2.146 
3.112 -1.692 -2.886 
1.542 -1.518 -4.289 
3.825 -2.734 -1.494 
1.479 -0.083 -2.777 
0.176 -2.802 -3.761 
-1.279 -1.505 -1.978 
-2.603 -1.956 -0.622 
2.136 -1.928 -2.311 
-0.989 -1.289 -0.301 
-1.257 -2.230 -3.607 
2.121 -1.517 -5.061 
0.215 -2.222 -1.880 
2.757 -1.490 -3.110 
1.716 -2.688 -3.164 
0.912 -1.735 -4.372 
0.027 -1.037 -2.539 
2.493 -1.627 -2.897 
0.439 -1.077 -1.300 
-2.109 -2.249 -2.675 
0.917 -3.372 -2.930 
-1.913 -2.936 -1.965 
-0.440 -1.505 -2.109 
1.796 -2.188 -4.348 
-0.469 -1.245 0.297 
0.413 -1.150 -1.120 
-2.054 -2.890 -1.519 
-0.563 -2.970 -1.881 
2.063 -1.091 -1.990 
3.385 -1.021 -1.261 
-1.771 -1.947 -2.888 
-1.476 -3.099 -2.642 
-0.043 -0.434 -1.182 
-1.860 -2.147 -3.460 
-2.031 -0.798 -0.856 
0.927 -2.820 -3.891 
-1.369 -1.157 -3.611 
1.914 -0.948 -3.663 
1.514 -2.510 -1.410 
3.049 -3.287 -3.608 
-0.510 -1.542 -1.125 
-0.508 -0.961 -1.995 
-1.324 -3.535 -2.423 
1.378 -3.402 -3.845 
-0.144 -2.617 -3.041 
-0.066 -1.443 -2.532 
3.625 -1.009 -2.245 
1.493 -3.600 -2.636 
1.651 -3.629 -3.059 
-1.006 -0.841 -2.518 
2.044 -1.452 -3.542 
-1.164 -3.270 -0.490 
-0.742 -2.297 -1.736 
-0.328 -2.665 -0.499 
3.949 -3.046 -3.386 
1.259 -3.434 -2.631 
-1.287 -1.745 -2.777 
-0.159 -2.770 -1.462 
1.347 -0.498 -1.174 
1.333 -2.576 -2.546 
-0.999 -1.513 -1.357 
-1.033 0.263 -1.533 
2.296 -2.971 -2.910 
-0.355 -2.763 -2.431 
0.109 -0.753 -1.693 
-0.447 -1.597 -1.833 
1.976 -1.291 -4.070 
-0.846 -0.041 -0.793 
1.864 -3.025 -3.226 
3.131 -1.195 -3.611 
-0.802 -2.436 -3.670 
2.488 -2.678 -3.617 
2.916 -3.340 -4.151 
-1.425 -1.935 -2.209 
3.124 -2.911 -2.726 
3.617 -1.341 -3.602 
2.322 -0.912 -2.710 
2.004 -2.796 -3.540 
-1.427 -1.320 -2.249 
2.232 -3.481 -2.171 
3.230 -1.440 -3.785 
0.773 -1.865 -3.901 
-0.686 -0.911 -1.920 
-1.169 -2.454 -2.061 
-0.158 -2.787 -2.357 
-0.991 -3.855 -1.279 
1.823 -1.967 -2.134 
2.945 0.108 -3.527 
0.552 -0.281 -2.995 
-1.556 -0.752 -0.691 
-1.769 -1.755 -2.360 
0.097 -0.526 -1.830 
2.902 -2.760 -2.130 
1.207 -2.754 -4.010 
1.904 -0.756 -4.543 
1.903 -2.109 -4.845 
1.597 -2.482 -3.853 
2.883 -2.662 -3.833 
3.304 -0.596 -1.253 
1.487 -3.248 -2.683 
-0.582 -1.760 -1.444 
1.141 -3.235 -3.723 
-0.642 -1.839 -2.568 
-2.467 -3.975 -2.237 
1.613 -1.572 -3.099 
2.010 -2.332 -4.456 
3.102 -1.392 -2.423 
-0.661 -2.507 -1.368 
-1.660 -1.860 -2.018 
1.139 -2.525 -2.767 
0.193 -1.120 -0.921 
0.384 0.388 -1.408 
-0.909 -1.572 -1.339 
2.450 -0.885 -4.169 
0.219 -2.114 -1.246 
-2.127 -1.345 -1.785 
0.335 -2.122 -1.432 
1.729 -1.722 -4.324 
-1.244 -2.424 -3.230 
3.573 -1.686 -1.988 
-0.187 -1.714 -1.795 
1.921 -2.079 -3.607 
1.857 -0.266 -2.245 
3.329 -2.389 -4.948 
-0.811 -1.866 -0.235 
1.051 -3.437 -5.269 
0.142 -2.090 -1.373 
0.138 -1.428 -3.228 
1.568 -1.239 -3.410 
-2.050 -0.912 -2.923 
-0.234 -2.584 -0.467 
0.964 -1.230 -1.579 
-1.269 -1.229 -1.062 
-2.184 -1.670 -1.260 
-0.820 -2.017 -2.411 
-0.732 -2.401 -4.213 
1.460 -1.388 -3.281 
-0.134 -2.524 -3.032 
4.360 -2.618 -5.110 
2.134 -2.558 -4.320 
1.306 -3.045 -3.534 
1.967 -1.508 -1.052 
2.292 -2.876 -2.655 
-0.340 -1.088 -1.987 
0.028 -2.055 -3.141 
1.309 -1.005 -2.528 
0.167 -2.437 -3.611 
-0.678 -3.873 -2.626 
-0.937 -1.364 -4.276 
0.687 -4.824 -1.887 
-1.348 -4.373 -2.108 
-0.071 -2.724 -3.388 
1.831 -0.612 -2.341 
-1.055 -2.105 -3.038 
-2.142 -2.164 -0.993 
0.205 -0.111 -2.610 
0.896 -1.061 -1.064 
0.627 -1.680 -2.277 
-2.393 -1.458 -0.949 
0.092 -1.608 -2.674 
-0.892 -2.125 -2.761 
-0.895 -2.225 -0.934 
2.399 -0.245 -2.343 
1.386 -2.563 -2.058 
2.850 -3.042 -3.589 
3.583 0.407 -4.564 
-0.566 -0.506 -3.349 
-0.545 -1.596 -2.966 
-1.029 -1.380 -2.533 
-0.560 -1.314 -1.317 
4.075 -0.588 -2.778 
-2.190 -1.214 -1.494 
3.642 -0.516 -3.177 
-2.247 -1.223 -2.219 
-3.518 -2.484 -1.611 
1.716 -1.817 -3.141 
3.552 -4.042 -2.808 
1.774 -1.880 -1.477 
-1.398 -1.689 -1.285 
2.297 -1.161 -3.577 
-0.841 -1.460 -1.794 
-1.802 -0.336 -0.626 
2.025 -0.766 -4.697 
-0.726 -1.857 -2.724 
2.830 -1.661 -3.091 
1.765 -1.934 -2.442 
-1.886 -0.754 -1.619 
2.654 0.684 -1.514 
2.408 -0.471 -4.497 
1.919 -2.998 -3.940 
-3.028 -1.415 -0.438 
2.892 -3.138 -3.334 
-0.120 -2.413 -3.234 
3.114 -0.648 -2.652 
1.133 -1.240 -2.356 
-0.130 -3.394 -2.394 
-0.013 -1.149 -0.015 
2.364 -2.413 -4.597 
-1.417 -1.107 -2.026 
-0.833 -2.580 -3.155 
-0.520 -1.215 -1.409 
2.400 -0.105 -3.406 
-1.865 -1.332 -2.326 
-2.134 -1.982 -0.747 
1.980 -2.889 -3.000 
1.778 -1.751 -5.520 
-1.453 -0.348 -2.146 
3.011 -4.667 -3.357 
-1.140 -2.256 -1.739 
-1.514 -2.356 -1.373 
-1.156 -3.238 -1.935 
-0.983 0.246 -3.080 
1.665 -1.918 -3.024 
1.129 -0.339 -1.683 
0.249 -1.006 -2.422 
0.855 -2.590 -3.311 
1.464 -2.572 -2.533 
1.227 -1.318 -2.243 
3.461 -2.407 -3.900 
1.513 -3.016 -2.634 
-1.166 -0.596 -2.543 
-0.540 -3.481 -2.397 
2.621 -3.639 -0.142 
-1.849 -2.230 -1.278 
-0.080 -2.363 -4.671 
-0.734 -4.110 -1.658 
3.215 -2.230 -4.081 
-1.631 -1.578 -0.600 
2.620 -1.414 -2.921 
2.004 -1.823 -0.843 
0.404 -2.555 -2.266 
0.463 -2.270 -1.970 
2.661 -2.913 -2.041 
1.093 -4.026 -2.946 
-1.755 -2.899 -1.740 
-2.370 -2.518 -0.530 
2.648 -1.670 -2.515 
2.114 -2.929 -0.716 
0.274 -1.706 -3.183 
3.472 -0.101 -2.076 
-0.170 -2.436 -2.845 
-0.627 -2.758 -2.568 
0.916 -3.416 -0.946 
0.244 0.420 -1.711 
0.514 -2.035 -1.057 
-2.297 -1.530 -3.304 
-0.812 -1.958 -2.429 
0.067 -1.957 -1.064 
1.632 -2.804 -3.123 
1.186 -0.876 -2.635 
0.973 -2.611 -4.159 
2.400 -1.808 -2.970 
-2.577 -1.820 -1.574 
-1.138 -2.626 -2.890 
1.522 -1.857 -4.804 
-0.756 -1.449 -3.428 
2.463 -2.944 -2.924 
-1.737 -3.129 -1.701 
1.748 -1.575 -3.642 
-1.248 -1.860 -0.862 
0.129 -2.534 -1.403 
1.711 -2.472 -4.342 
1.872 -2.474 -3.134 
-1.613 -0.727 0.860 
0.281 -1.024 -2.538 
2.378 -0.469 -2.094 
3.261 -1.899 -2.460 
3.842 -2.020 -1.225 
-1.578 -2.041 -1.923 
-1.055 -2.878 -1.103 
1.939 -0.691 -4.934 
0.762 -0.928 -3.199 
-1.029 -2.296 -0.042 
2.311 -1.192 -3.114 
-0.543 -1.518 -0.055 
0.591 -1.502 -3.545 
-2.289 -1.544 -1.549 
4.431 -2.870 -2.984 
2.861 -2.779 -2.972 
2.211 -1.675 -3.528 
3.352 -3.092 -1.376 
2.260 -2.864 -2.385 
1.286 0.615 -3.668 
2.172 -1.465 -3.967 
1.954 -1.832 -3.174 
-0.356 -1.694 -1.764 
-2.389 -1.283 -3.428 
-0.569 -3.057 -3.406 
2.995 -3.436 -3.860 
-0.306 -1.981 -1.778 
2.005 -3.846 -1.369 
4.353 -0.617 -1.313 
-0.387 -3.118 -0.809 
-0.700 -2.524 -3.285 
-2.229 -1.084 -1.844 
0.155 -0.763 -1.333 
2.100 -2.158 -3.113 
0.208 -3.046 -1.701 
3.022 -1.868 -3.526 
3.356 -2.938 -3.010 
-1.387 -2.017 -1.016 
0.330 -1.379 -2.001 
2.517 0.092 -0.691 
-1.962 -2.134 -1.299 
-0.563 -1.606 -3.263 
1.478 -2.897 -3.928 
-1.532 -2.528 -0.163 
-0.271 -1.119 -1.817 
-0.674 -2.558 -1.874 
1.266 -1.668 -2.859 
-1.392 -2.644 -2.918 
3.156 -3.108 -2.617 
-1.278 -3.257 -3.303 
3.882 -1.789 -3.676 
-0.009 -1.792 -3.837 
-2.763 -0.074 -2.018 
-1.093 -3.568 -2.241 
-2.812 -1.776 -2.374 
-0.147 -3.326 0.399 
-3.057 -1.794 -1.501 
-1.875 -2.684 -0.564 
1.847 -1.640 -2.457 
1.705 -0.932 -2.512 
4.008 -1.062 -3.485 
2.617 -1.075 -2.256 
1.178 -1.698 -2.096 
-1.660 -1.911 -1.640 
0.212 -1.314 -1.722 
1.110 -2.898 -3.666 
3.347 -1.657 -2.653 
0.098 -1.977 -2.292 
-0.798 -1.679 -1.706 
-1.881 -0.824 -1.476 
-0.955 -2.584 -3.045 
0.316 -1.631 -2.834 
4.004 -1.425 -3.738 
-0.921 -3.447 -1.916 
1.005 -1.461 -1.971 
1.989 -1.673 -3.191 
1.701 -1.810 -2.081 
1.384 -3.133 -2.257 
-1.629 -1.405 -0.923 
2.280 -2.852 -2.641 
0.377 -2.180 -3.333 
0.616 -2.397 -2.947 
-0.465 -2.889 -3.399 
1.119 -1.419 -1.880 
2.052 -0.046 -3.877 
-1.256 -2.457 -2.625 
2.671 -4.245 -1.473 
3.572 0.110 -2.757 
3.600 -0.811 -2.072 
3.034 -3.285 -3.857 
-0.075 -1.952 -2.588 
2.466 -0.126 -2.497 
4.111 -1.951 -1.331 
-0.982 -2.092 -2.219 
-1.036 -1.659 -0.405 
2.034 -0.812 -3.025 
-0.498 -2.077 -1.927 
-0.928 -3.091 -3.975 
-1.129 -3.480 -0.983 
-1.012 -2.037 -1.848 
3.461 -0.997 -3.088 
-1.996 -2.090 -2.639 
0.111 -1.251 -0.685 
0.338 -2.861 -3.954 
-0.074 -1.338 -2.314 
3.407 -2.566 -3.172 
-0.282 -1.084 0.492 
1.796 -2.280 -3.597 
-0.044 -2.165 -1.701 
-0.576 -2.918 -1.386 
-0.470 -1.524 -3.546 
1.870 -2.571 -1.856 
0.830 -1.940 -3.749 
1.882 -3.126 -0.822 
3.629 -2.002 -3.276 
1.221 -3.292 -3.680 
0.334 -2.221 -3.551 
-1.649 -1.703 -3.214 
4.197 -2.202 -2.509 
2.820 -2.055 -2.672 
1.742 -0.751 -3.753 
2.047 -2.156 -1.594 
1.000 -2.937 -0.605 
-0.531 -1.431 -4.980 
0.193 -3.004 -2.495 
3.420 -2.940 -2.345 
-2.044 -2.190 -3.289 
-1.602 -2.123 -1.846 
0.681 -2.842 -2.945 
-0.425 -1.332 -3.631 
1.844 -3.768 -2.859 
1.361 -3.421 -4.571 
-0.188 -2.875 -1.557 
-0.337 -1.211 -2.940 
2.350 -1.273 -3.531 
2.078 -4.784 -3.183 
1.144 -2.551 -4.647 
-1.946 -1.891 -1.849 
1.343 -5.023 -4.573 
-1.773 -1.164 -0.790 
2.568 -2.294 -2.124 
2.477 -2.828 -3.223 
-3.004 -2.192 -2.248 
-0.078 -3.784 -1.445 
2.082 -1.988 -2.688 
1.961 -1.515 -3.349 
0.090 -4.463 -2.373 
3.184 -2.861 -4.065 
-2.634 -0.663 -3.150 
-1.683 -1.972 -2.107 
-2.611 -1.429 -1.261 
-1.260 -1.884 -3.119 
1.357 -2.911 -3.544 
3.314 -3.222 -2.976 
1.799 -2.201 -1.968 
1.856 -2.325 -3.430 
2.177 -0.225 -2.906 
-1.142 -1.763 -2.095 
2.647 -3.792 -1.491 
-1.087 -3.748 -2.735 
-0.537 -1.586 -1.648 
1.937 -1.101 -2.309 
-1.391 -3.154 0.070 
2.077 -1.690 -2.754 
1.957 -2.482 -4.020 
0.831 -0.965 -4.722 
0.415 -2.353 -4.528 
2.324 -2.426 -3.032 
-1.456 -2.699 -2.552 
-1.689 -1.663 -2.129 
0.192 -2.362 -2.773 
0.505 -2.263 -4.202 
0.990 -3.865 -2.947 
2.068 -2.620 -0.828 
1.936 -1.825 -1.984 
1.538 -1.903 -2.587 
4.440 -2.632 -5.080 
-0.635 -3.495 -2.712 
1.668 -1.383 -2.020 
-0.134 -2.228 -2.893 
-1.293 -0.074 -2.407 
-0.197 -4.064 -2.137 
2.128 -1.796 -3.077 
-1.761 -1.051 -1.329 
-0.982 -0.551 -2.218 
2.004 -1.623 -3.006 
-1.519 -1.830 -2.219 
3.823 -1.737 -4.091 
-0.973 -1.276 -3.644 
-1.159 -2.116 -0.402 
0.125 -1.952 -1.288 
1.057 -2.379 -1.045 
0.224 -2.653 -3.202 
-2.126 -2.731 -2.777 
2.818 -3.995 -3.238 
-0.277 -2.048 -1.725 
-2.331 -3.361 -2.498 
3.615 -2.629 -3.780 
2.852 -1.446 -1.340 
-2.218 -1.096 -1.344 
-1.439 -1.963 -2.711 
2.023 -2.172 -4.284 
0.770 -1.129 -2.232 
-2.425 -1.143 -1.790 
1.645 1.229 -3.414 
1.746 -1.640 -4.945 
-0.924 -2.950 -1.101 
2.237 -2.195 -3.252 
1.225 -2.624 -3.628 
-1.164 -3.359 -1.638 
4.362 -4.235 -3.310 
-2.184 -0.543 -0.829 
1.388 -2.107 -0.273 
-1.868 -2.794 -1.852 
-1.425 -1.741 -3.792 
0.629 -1.073 -2.310 
-1.494 -0.263 -2.426 
-2.146 -2.898 -1.475 
2.192 -3.070 -2.419 
1.435 -1.375 -3.090 
2.057 -1.521 -2.543 
-2.608 -1.856 -1.891 
0.223 -2.958 -1.615 
2.669 -3.137 -2.369 
-1.577 -0.607 -1.747 
3.569 -1.811 -2.458 
0.934 -2.107 -3.117 
1.736 -1.825 -2.020 
-1.635 -1.955 -0.058 
-0.218 -0.901 -2.245 
1.438 -2.744 -2.420 
2.440 -0.549 -4.584 
2.989 -1.408 -1.303 
1.903 -1.573 -3.550 
-1.562 -2.050 -3.602 
3.526 -1.847 -3.077 
1.870 -1.805 -5.230 
-0.092 -1.595 -3.935 
0.771 -2.875 -2.074 
0.196 -2.817 -3.175 
1.202 -1.419 -2.961 
0.817 -4.083 -4.100 
2.086 -2.080 -3.539 
0.182 -2.353 -2.970 
-1.160 -1.617 -2.172 
1.342 -1.509 -3.881 
3.528 -1.369 -2.738 
-0.377 -0.193 -3.358 
-1.242 -3.376 -2.283 
2.208 -3.526 -4.950 
1.039 -3.428 -1.240 
0.262 -2.278 -2.916 
-0.821 -1.820 -2.976 
-0.024 -1.007 -0.498 
-1.550 -0.020 -2.247 
-0.679 0.014 -1.805 
-1.643 -2.190 -4.052 
-1.262 -1.599 -3.448 
0.854 -3.555 -0.734 
1.201 -2.595 -3.538 
-3.336 -0.492 -3.614 
1.400 -2.013 -4.870 
2.644 -2.014 -2.891 
4.335 -2.456 -2.088 
-2.113 -2.570 -2.542 
2.505 -1.981 -2.907 
0.091 -2.726 -1.910 
2.433 -0.944 -2.717 
2.003 -2.221 -1.028 
2.064 -3.122 -3.269 
-0.843 -1.057 -1.656 
0.066 -4.172 -0.455 
0.291 -1.390 -1.470 
0.669 -2.453 -2.181 
2.842 -2.858 -1.339 
0.206 -2.682 -2.521 
-1.326 -1.366 -2.660 
-0.642 -2.595 -2.779 
-1.499 -1.417 0.252 
1.036 -1.238 -3.195 
-0.591 -0.036 -0.556 
-0.512 -1.099 -1.344 
-1.809 -1.690 -2.946 
2.002 -2.211 -2.953 
0.231 -1.215 -1.734 
0.650 -2.139 -3.638 
1.463 -1.717 -3.517 
3.946 -0.886 -3.250 
2.315 -0.432 -2.858 
2.654 -1.473 -4.082 
1.339 -0.572 -2.884 
-1.002 -1.906 -1.167 
-1.943 -0.957 -2.100 
0.532 -2.473 -2.226 
1.312 -0.658 -0.228 
2.270 -2.668 -2.398 
-2.200 -2.879 -2.086 
2.238 -2.962 -4.417 
-1.143 -3.671 -1.199 
4.290 -1.661 -2.380 
1.531 -1.498 -2.629 
1.309 -0.924 -2.707 
1.278 -0.979 -3.890 
0.738 -1.663 -3.596 
3.598 -0.827 -3.901 
-0.091 -1.498 -2.825 
1.495 -1.087 -1.900 
2.357 -4.005 -2.924 
1.102 -0.002 -1.720 
-2.175 -2.767 -2.673 
1.613 -1.258 -2.249 
-0.178 -1.023 -2.989 
1.733 -2.102 -4.134 
0.348 -2.659 -1.146 
-0.606 -0.953 -3.015 
0.735 -1.735 -2.914 
2.286 -1.937 -2.846 
0.785 -3.569 -3.142 
-0.725 -4.218 0.332 
-2.644 0.067 -1.827 
2.080 -2.361 -2.896 
1.651 -2.422 -3.114 
-2.048 -2.164 -2.114 
-0.053 -2.060 -1.881 
-0.679 -3.030 -2.452 
2.140 -1.410 -3.104 
0.807 -3.349 -3.084 
-1.023 -0.503 -1.446 
-2.670 -2.232 -2.903 
1.852 -1.051 -3.547 
4.077 -2.107 -1.968 
-0.780 -2.750 -1.688 
-1.094 -2.014 -1.029 
1.439 -1.967 -3.446 
2.366 -0.214 -3.320 
1.611 -0.098 -1.973 
1.832 -3.096 -2.863 
3.318 -2.351 -2.899 
-2.746 -1.566 -3.036 
2.926 -1.008 -1.791 
-1.325 -2.763 -2.236 
0.353 -2.170 -3.490 
-2.008 0.269 -3.218 
1.771 -1.000 -3.447 
1.333 -2.166 -2.133 
-1.222 -3.478 -3.687 
2.398 -3.651 -2.307 
1.540 -1.753 -2.516 
3.102 -1.633 -2.660 
2.070 -1.347 -4.547 
-0.336 -2.386 -0.031 
-0.802 -2.863 -2.597 
1.887 -0.889 -1.584 
-0.424 -2.562 -2.022 
1.392 -2.531 -3.068 
-0.491 -2.628 -1.260 
3.606 -1.425 -2.793 
-0.472 -2.956 -2.336 
-0.112 -4.810 -3.378 
-1.028 -1.598 -3.495 
-2.754 -0.692 -1.890 
2.919 -3.824 -3.825 
-1.090 -3.776 -1.498 
2.438 -1.200 -2.920 
3.197 -1.832 -5.552 
1.995 -2.858 -2.595 
2.103 -1.656 -1.783 
2.016 -2.896 -2.040 
0.956 -3.736 -4.638 
1.196 -1.540 -3.442 
-0.107 -1.638 -0.333 
0.762 -1.912 -2.430 
1.601 -0.427 -2.260 
-1.016 -0.281 -1.289 
1.073 -1.237 -3.362 
-1.043 -1.922 -2.649 
1.483 -2.540 -3.132 
0.193 -2.903 -5.033 
2.308 -2.416 -3.973 
1.689 0.111 -3.551 
0.638 -2.086 -3.927 
1.079 -3.606 -2.548 
-1.005 -2.931 -1.300 
1.928 -0.461 -4.539 
-0.568 -2.287 -2.767 
0.385 -1.047 -0.248 
-1.607 -1.847 -5.357 
-1.106 -2.632 -3.391 
2.981 0.116 -3.278 
2.576 -3.978 -2.934 
-1.437 -2.841 -1.645 
3.941 -1.567 -2.497 
-1.417 -1.425 -3.147 
1.879 -1.720 -3.591 
1.949 -0.970 -4.803 
0.681 -1.145 -2.286 
-1.724 -1.635 -2.846 
0.377 -3.345 -1.689 
-1.484 -3.089 -3.774 
-0.524 -1.252 -1.246 
0.214 -2.440 -1.398 
-0.185 -1.897 -1.604 
-0.159 -2.174 -1.194 
-0.045 -3.644 -2.313 
3.186 -3.961 -1.838 
-2.197 -2.395 -4.521 
0.797 -0.804 -2.756 
1.076 -3.031 -2.952 
1.554 -2.274 -2.578 
1.278 -2.088 -1.433 
1.210 -2.603 -3.045 
-0.573 -1.725 -1.350 
-0.663 -1.962 -1.755 
-0.268 -1.187 -2.921 
1.549 -2.690 -3.303 
0.729 -1.183 -2.634 
-0.885 -0.916 -1.781 
1.362 -1.924 -3.773 
1.887 -1.862 -3.625 
0.696 -3.768 -0.823 
-0.558 -3.879 -3.789 
3.813 -2.533 -2.288 
1.166 -2.812 -2.328 
4.176 -2.159 -3.967 
0.731 -3.306 -2.382 
-2.950 -2.516 -4.196 
0.088 -2.524 -2.472 
-0.570 -1.567 -0.458 
-0.954 -1.609 -1.333 
-3.064 -0.638 -3.212 
1.278 -2.109 -2.757 
-2.481 -1.198 -2.443 
-1.802 -3.433 -2.171 
0.362 -2.109 -2.880 
0.926 -1.404 -3.149 
-0.932 -2.260 -1.032 
1.244 -1.463 -3.621 
2.435 -2.069 -2.795 
4.343 -1.303 -4.082 
1.514 -3.073 -2.406 
0.743 -1.152 -1.868 
-0.957 -2.007 -0.212 
1.687 -1.050 -1.975 
-0.261 -2.530 -0.957 
2.831 -1.830 -2.370 
-1.524 -3.581 -2.170 
-0.576 -1.610 -3.070 
-2.185 -1.536 -2.449 
3.126 -2.277 -2.893 
4.904 -2.021 -3.154 
2.525 -1.883 -3.387 
-1.725 -1.421 -1.763 
-0.491 -0.474 -1.061 
-0.049 -3.723 -0.274 
0.505 -2.921 -2.648 
2.989 -2.290 -3.917 
-1.720 -1.688 -1.390 
1.965 -1.151 -3.133 
1.420 -2.318 -1.717 
0.643 -2.254 -3.589 
0.136 -1.809 -2.767 
3.587 -1.979 -1.902 
-1.105 -1.954 -0.205 
-0.671 -3.162 -0.697 
-0.716 -1.458 -0.343 
-1.501 -2.386 -2.155 
0.535 -1.208 -1.360 
2.943 -2.638 -4.015 
2.793 -3.098 -2.137 
-2.967 -1.057 -2.404 
0.875 -1.826 -3.585 
0.622 -1.837 -3.596 
-1.384 -0.799 -2.184 
0.902 -1.330 -2.667 
-0.627 -2.596 -2.284 
0.026 -2.423 -0.814 
1.965 -3.248 -3.532 
2.332 -3.059 -3.496 
-1.959 -2.738 -1.134 
-0.358 -0.953 -1.837 
2.225 -3.134 -2.428 
0.379 -0.932 -1.912 
1.726 -2.534 -0.910 
2.869 -1.557 -3.392 
1.884 -1.754 -3.110 
0.755 -3.673 -2.467 
1.358 -2.952 -2.586 
-1.040 -2.274 -1.356 
-1.315 -0.839 -3.372 
-0.579 -3.752 -2.365 
2.951 -2.377 -4.000 
-1.965 -2.632 -1.025 
1.839 -2.312 -3.899 
-0.906 -1.899 -3.759 
-1.525 -3.069 -2.708 
0.463 -3.380 -1.769 
2.455 -3.679 -2.432 
0.612 0.267 -1.411 
-3.096 -2.885 -0.739 
-1.360 -1.659 -0.733 
-2.307 -2.458 -2.408 
-1.813 -1.582 -1.635 
-1.846 0.013 -1.305 
-1.808 -1.235 -1.642 
-1.932 -3.243 -2.900 
-1.857 -1.633 -2.920 
-1.505 -2.844 -1.848 
-0.070 -1.447 -2.927 
-1.953 -0.466 -3.793 
-2.318 -1.496 0.501 
-1.863 -1.212 -1.758 
2.531 -2.536 -3.442 
1.329 -1.177 -2.754 
-0.587 -2.665 -3.327 
1.276 -3.506 -1.559 
3.049 -0.833 -2.030 
3.301 -2.505 -5.153 
-1.802 -3.209 -0.304 
-1.281 -2.567 -1.180 
1.349 -2.144 -2.593 
-0.220 -2.321 -1.686 
0.256 -1.399 -1.307 
-1.414 -2.316 -3.645 
0.286 -1.368 -3.916 
-0.115 -2.626 -1.753 
2.475 -1.396 -2.903 
2.436 -3.542 -3.064 
-0.814 -2.335 -0.199 
0.917 -2.610 -3.607 
-1.314 -1.630 -1.510 
2.611 -1.549 -2.324 
3.299 -3.046 -3.425 
1.339 -2.856 -3.101 
2.124 -1.735 -2.923 
1.904 -3.692 -2.040 
-2.303 -1.218 -1.963 
2.321 -0.920 -2.317 
-1.058 -2.297 -1.275 
3.139 -3.614 -2.155 
1.727 -2.777 -1.886 
-1.269 -1.305 -0.992 
-1.516 -1.254 -1.714 
-0.625 -1.208 -3.065 
-1.683 -3.557 -1.556 
1.950 -3.154 -2.451 
0.683 -2.439 -2.900 
2.731 -1.451 -2.997 
-1.254 -2.097 -3.720 
2.739 -2.266 -4.538 
-1.469 -1.568 -1.788 
-1.567 -0.926 -1.248 
0.171 -4.158 -1.572 
1.646 -2.541 -2.107 
3.749 -0.970 -1.626 
2.564 -1.786 -2.740 
-2.765 -3.569 -1.833 
0.676 -3.056 -2.268 
1.743 -0.343 -4.468 
1.314 -1.945 -3.691 
0.680 -2.087 -2.667 
1.320 -0.676 -2.230 
1.713 -2.510 -2.289 
-0.601 -2.394 -1.184 
2.021 -3.340 -3.711 
-0.958 -2.639 -1.393 
0.595 -3.711 -1.859 
1.993 -2.043 -1.645 
2.089 -2.276 -1.840 
-1.445 -2.020 -1.549 
-0.183 -0.437 -4.784 
1.651 -0.752 -1.586 
-1.135 -1.270 -0.845 
2.648 -2.745 -2.936 
1.662 -2.723 -1.378 
-2.951 -2.400 -1.462 
-0.533 -1.934 -4.030 
2.258 -3.273 -1.929 
-1.293 -1.093 -2.074 
-1.726 -3.342 -2.038 
-2.395 -0.457 -1.777 
2.075 -2.053 -2.058 
2.246 -2.372 -4.702 
-0.763 -2.044 -1.619 
-1.675 -2.757 -2.211 
-1.367 -3.073 -3.636 
1.352 -1.663 -4.148 
0.463 -1.386 -2.835 
-1.407 -2.513 -1.016 
1.895 -0.650 -2.141 
3.538 -2.225 -4.949 
-1.517 -2.937 -2.353 
-1.859 -2.477 -2.276 
2.995 -2.926 -4.216 
-1.351 -1.274 0.669 
-0.692 -1.765 -0.859 
2.142 -2.780 -1.211 
-0.406 -0.647 -0.606 
-1.441 -2.362 -2.669 
3.055 -3.576 -3.181 
-1.245 -1.993 -1.636 
-0.642 -0.997 -2.066 
-1.975 -1.813 -1.538 
0.344 -1.844 -1.007 
-1.891 -1.124 -1.912 
-1.380 -1.171 -2.443 
-1.075 -2.639 -3.295 
2.230 -1.224 -3.503 
0.677 -3.603 -3.508 
-2.231 -1.297 -4.099 
-4.236 -1.747 -3.295 
-0.793 -1.400 -1.922 
-0.862 -4.148 -1.925 
-1.414 -2.372 -4.466 
-1.775 -2.774 -1.071 
1.293 -2.019 -1.792 
-0.295 -3.199 -2.488 
-0.593 -3.031 -4.628 
0.438 -2.826 -1.678 
-1.940 -1.371 -0.796 
0.706 -2.873 -2.898 
3.630 -0.449 -2.351 
0.282 -1.623 -2.873 
-0.441 -1.293 -0.599 
0.036 -3.303 -2.515 
1.027 -2.022 -2.916 
-2.291 -2.485 -2.205 
1.761 -4.827 -3.639 
-0.288 -3.771 -0.492 
-1.354 -2.374 -3.861 
3.050 -1.177 -1.690 
0.268 -2.355 -3.034 
2.396 -2.265 -1.986 
-1.462 -2.001 -1.964 
0.751 -3.580 -2.512 
1.807 -3.327 -3.302 
-2.872 -3.117 -3.491 
3.793 -2.439 -3.154 
-0.134 -3.304 -2.212 
2.820 -0.564 -4.034 
0.098 -2.898 -2.754 
1.891 -2.360 -3.509 
3.881 -0.716 -4.381 
1.778 -2.318 -2.096 
2.011 -2.268 -4.565 
-0.816 -0.538 -1.543 
1.950 -1.048 -4.705 
-0.337 -1.325 -4.805 
2.392 -2.432 -4.102 
0.756 -1.938 -1.580 
1.253 -2.646 -2.081 
0.530 -1.810 -4.028 
1.368 -2.683 -3.497 
1.949 -2.076 -3.449 
-0.903 -2.606 -1.120 
-0.259 -2.070 -2.775 
-2.287 -3.582 -1.422 
1.019 -1.979 -4.396 
3.810 -0.711 -3.088 
-1.393 -2.249 -1.283 
2.722 -2.174 -0.670 
-1.400 -0.930 -2.986 
2.610 -2.604 -1.655 
-2.016 -2.242 -1.223 
0.499 -1.076 -3.117 
1.528 -2.891 -2.303 
-1.039 -2.656 -2.321 
2.553 -1.838 -1.023 
-0.830 -2.131 -0.351 
4.554 -2.940 -4.787 
-2.004 -4.462 -1.679 
0.069 -2.643 -2.011 
0.220 -2.415 -3.812 
-0.562 -2.467 -1.215 
-0.065 -2.108 -3.213 
1.833 -2.609 -3.096 
1.700 -1.039 -2.576 
-0.604 -3.199 0.030 
-1.688 -3.083 -1.718 
3.095 -1.191 -3.947 
-1.377 -2.778 -1.279 
1.973 -2.706 -2.856 
1.135 -2.012 -2.014 
-0.019 -1.585 -0.863 
2.439 -0.941 -3.046 
2.674 -1.090 -0.676 
-0.873 -3.125 -4.396 
2.891 -2.452 -1.877 
1.798 -1.293 -3.137 
-1.019 -1.859 -2.030 
-1.274 -2.274 -0.975 
0.425 -1.492 -2.034 
-0.528 -2.062 -1.816 
2.066 -2.429 -4.122 
2.311 -1.959 -3.353 
-1.789 -3.411 -2.668 
2.130 -0.016 -3.445 
1.260 -3.137 -1.682 
3.600 -3.237 -3.255 
-0.228 -2.746 -3.463 
0.805 -1.443 -1.773 
1.434 -1.836 -2.911 
-0.532 -3.515 -2.163 
-1.947 -2.324 -0.894 
-1.201 -1.411 -2.234 
1.659 -1.526 -3.723 
-1.461 -3.063 -2.312 
2.343 -0.930 -3.815 
