2447
A 1.777 1.839 9.215 
A 5.046 4.114 2.105 
D -0.534 5.519 11.213 
A 6.194 6.609 3.924 
A 4.651 3.902 2.082 
A 1.216 5.365 7.842 
A -0.847 3.941 8.993 
A 3.006 6.246 3.434 
A 0.352 3.658 8.343 
A -0.307 4.427 8.803 
A 6.205 4.443 2.492 
A 0.415 5.865 7.948 
A 3.998 3.700 4.955 
A -0.931 3.123 10.205 
D -0.261 -2.530 -0.957 
A 3.547 5.938 2.060 
D -0.601 -2.394 -1.184 
D 0.179 6.066 8.333 
A 0.013 5.376 9.234 
A 0.276 4.074 8.652 
A 0.684 3.482 10.889 
A 0.751 4.952 8.810 
A -0.721 4.076 9.584 
D 0.501 4.759 8.612 
A 0.666 4.518 8.148 
A -0.045 3.501 7.475 
D -1.802 -3.209 -0.304 
D -0.085 4.007 8.132 
A 3.451 4.195 2.680 
A 0.563 3.080 7.521 
A 3.064 6.529 1.970 
A 4.757 6.319 4.823 
D -2.050 -0.912 -2.923 
A 5.665 5.917 5.488 
A 5.420 4.715 2.854 
A -0.338 3.487 8.599 
D 1.904 -0.756 -4.543 
A -0.721 2.935 9.799 
A 0.951 2.415 7.730 
A -0.395 4.444 9.646 
D 0.530 -1.810 -4.028 
A 6.707 4.968 3.771 
A 0.430 5.848 10.530 
D -0.218 4.253 10.233 
A 6.362 3.358 4.157 
D -0.168 4.465 8.663 
D 0.036 -3.303 -2.515 
D 0.036 3.658 8.467 
D -0.350 4.310 7.906 
D -0.488 3.723 10.740 
A 5.424 6.163 3.547 
A 5.200 4.852 4.708 
A -0.008 3.412 10.142 
A 0.109 4.542 9.175 
A 5.730 5.875 1.570 
A 0.067 3.746 8.799 
A 0.013 4.054 10.047 
D -0.887 4.645 10.772 
A 3.012 3.139 5.256 
D 0.499 -1.076 -3.117 
D 0.934 -2.107 -3.117 
A 4.673 3.143 2.461 
D -0.024 -1.007 -0.498 
A 0.724 5.520 8.854 
D -0.155 4.374 10.602 
D 0.980 6.546 6.942 
A 1.309 3.573 11.042 
A -0.733 2.781 11.503 
A 5.706 5.704 4.356 
A -1.468 4.623 8.125 
A 0.389 3.207 9.363 
D 0.288 5.723 9.672 
A 6.180 6.632 3.142 
D 0.714 1.925 8.326 
D 0.669 2.895 8.619 
A 6.735 3.258 4.432 
D -0.903 -2.606 -1.120 
D -0.528 -2.062 -1.816 
A -0.666 3.213 8.887 
D -0.306 -1.981 -1.778 
A 4.823 6.992 5.412 
A 0.849 2.360 9.921 
A 5.932 5.133 4.123 
D -3.028 -1.415 -0.438 
A -0.936 7.429 9.678 
A 6.090 6.138 2.186 
A 1.993 4.245 8.773 
A 5.977 5.654 4.209 
A 0.699 4.220 9.052 
D -0.793 -1.400 -1.922 
A -1.522 3.150 10.683 
A 6.795 5.900 2.762 
A 3.805 5.177 3.787 
D -0.361 -3.984 -2.279 
D -0.418 2.953 9.428 
A 0.165 5.051 9.753 
A 5.347 5.278 4.887 
A 4.152 4.658 4.910 
A 3.912 6.514 4.080 
A -0.903 4.019 8.899 
A -0.126 3.953 8.632 
A 4.667 5.431 2.045 
A 0.531 5.713 8.791 
A 5.833 5.732 5.354 
D 2.130 -0.016 -3.445 
A 2.414 4.706 9.762 
A 4.151 3.436 5.202 
A -1.927 4.801 7.961 
A 0.434 1.158 8.539 
A 6.179 6.351 1.667 
D -0.635 -3.495 -2.712 
A 6.642 5.691 1.826 
A 5.179 5.678 4.502 
A 0.233 3.298 8.254 
D 0.352 3.658 8.343 
A 0.085 4.283 10.656 
A -0.075 2.830 9.320 
D 0.160 3.240 7.307 
A 6.915 6.962 4.744 
A 1.056 2.215 9.673 
A 2.561 4.618 9.310 
D -0.280 3.270 9.749 
A 4.256 3.552 5.107 
D 3.749 -0.970 -1.626 
D -0.457 2.848 8.222 
A 4.680 4.374 1.909 
A 5.911 6.048 2.119 
A 5.197 4.501 3.768 
D -0.424 2.493 10.880 
D 0.683 -2.439 -2.900 
A 3.936 5.089 2.089 
A 0.673 4.782 8.565 
A 5.920 6.466 1.736 
D 0.851 -3.110 -2.064 
A 4.898 3.737 1.655 
A 5.830 6.405 3.264 
D -0.282 4.175 10.334 
A 5.557 6.688 5.158 
A 6.251 5.103 1.912 
A 0.117 1.665 9.467 
A 5.178 4.659 1.815 
D -0.932 2.765 9.634 
A -1.043 3.031 9.776 
A 6.927 5.862 2.021 
A 3.897 3.845 2.349 
A -0.939 5.363 9.477 
A 1.613 2.185 6.946 
D -0.627 3.486 8.226 
A 3.420 4.644 2.853 
A -0.310 2.725 7.536 
A 0.102 4.227 8.767 
A 3.252 5.017 2.707 
A 4.845 5.247 5.201 
A 3.569 3.922 4.912 
A -0.396 3.868 8.654 
D 1.102 -0.002 -1.720 
A 0.042 2.367 9.906 
D 0.478 3.762 9.097 
D 0.098 -1.977 -2.292 
D -0.057 5.674 7.060 
A -0.544 3.989 9.967 
A 5.931 3.613 3.699 
A 4.504 5.686 4.637 
A -0.128 4.019 8.518 
A 6.069 5.600 2.683 
D 0.362 -2.109 -2.880 
D 0.303 5.326 9.584 
A 3.884 5.876 2.318 
A -0.537 5.115 10.839 
D -0.620 5.149 9.754 
A 2.404 4.852 10.355 
D 2.321 -0.920 -2.317 
A 5.364 3.986 3.881 
A 4.264 4.737 4.859 
A 0.460 4.493 9.352 
A -1.413 2.818 8.278 
A -0.106 3.759 8.750 
A 0.750 6.075 10.131 
D -0.185 -1.897 -1.604 
A 5.041 5.036 5.249 
D -0.903 4.019 8.899 
D 2.400 -0.105 -3.406 
D -0.412 3.374 6.803 
D 0.464 1.629 10.468 
A 4.590 4.220 3.046 
A 1.798 3.594 9.314 
A 1.288 2.600 8.244 
D 2.621 -3.639 -0.142 
A 5.104 3.868 1.826 
D -0.288 -3.771 -0.492 
A 6.414 3.851 3.671 
A -0.298 3.865 10.212 
D 0.085 4.283 10.656 
D 0.146 2.492 10.358 
A 4.664 5.184 2.501 
A -1.117 3.848 8.006 
D 0.215 -2.222 -1.880 
A 0.242 2.589 10.167 
D -0.681 3.228 9.128 
A 4.367 5.813 2.772 
A 6.980 3.686 2.208 
A -0.627 5.908 11.176 
A 5.472 5.802 3.903 
A 6.519 4.054 5.433 
A -0.568 3.885 9.767 
D -0.465 -2.889 -3.399 
A 0.977 3.897 10.901 
D 0.439 -1.077 -1.300 
A 3.757 5.628 2.284 
A 1.915 2.694 7.572 
A 4.232 5.905 3.380 
A 4.091 6.650 2.534 
D 0.013 5.376 9.234 
D 1.380 -0.948 -2.517 
A 5.877 4.710 4.704 
A -0.207 5.023 10.176 
A 6.071 3.327 2.473 
D 1.312 -0.658 -0.228 
D -1.105 -1.954 -0.205 
A 4.149 6.941 4.425 
A 4.696 3.515 5.474 
A 6.650 3.610 2.203 
A 1.124 5.751 10.013 
A 0.597 5.587 9.101 
A 6.312 5.353 5.493 
A 3.730 5.620 4.383 
A 3.184 6.125 2.488 
D -0.758 2.538 8.311 
A 6.644 6.968 4.384 
A 3.024 5.953 5.136 
D -0.486 4.041 8.250 
A 6.975 6.142 3.961 
D 0.192 -2.362 -2.773 
A 3.497 3.866 2.231 
D 0.530 4.353 7.975 
A 0.148 1.976 8.236 
D 0.167 -2.437 -3.611 
A 4.736 5.183 5.203 
A 4.236 4.573 5.363 
A 0.085 4.836 8.872 
A 5.475 5.969 3.149 
D 0.612 0.267 -1.411 
A 5.681 4.170 1.626 
A 6.972 3.328 2.815 
A 6.729 4.780 2.698 
A 4.594 3.472 2.095 
A 5.834 6.691 2.566 
D -0.295 -3.199 -2.488 
A 3.219 6.068 3.101 
A 4.681 3.780 4.667 
A 0.536 4.605 7.611 
D -1.166 -0.596 -2.543 
D -2.634 -0.663 -3.150 
A 4.515 5.360 4.566 
A 0.370 5.601 6.890 
D 0.420 4.427 7.164 
A 0.668 3.187 8.061 
D 0.438 -2.826 -1.678 
D -0.107 3.881 8.236 
A 0.323 6.165 8.864 
D -0.307 4.427 8.803 
A 3.042 6.175 5.276 
D -0.986 5.261 9.548 
D 0.562 2.786 8.959 
A 6.993 3.108 2.173 
A -0.629 4.096 8.668 
A 4.527 6.738 2.729 
D 0.521 2.403 7.411 
A 6.536 3.067 4.198 
D -1.773 -1.164 -0.790 
A 0.571 3.800 8.191 
A 0.840 4.883 9.787 
A -1.556 4.585 8.785 
D -0.695 3.759 9.773 
A -1.517 3.602 11.403 
D -0.533 5.829 8.441 
A -0.902 3.895 11.197 
A 4.330 5.756 5.493 
A 6.038 4.585 4.716 
A -0.259 3.943 8.396 
A 5.413 3.665 2.607 
D 0.092 3.714 7.333 
D -0.601 3.239 8.543 
A -0.582 3.639 7.562 
A -0.467 2.641 8.285 
A 5.412 5.659 2.573 
A 1.261 3.288 9.919 
A 3.482 3.617 1.759 
D 0.407 5.460 7.355 
A 5.831 3.938 2.621 
A 4.868 5.425 2.592 
A -0.632 5.680 8.775 
A 4.469 6.595 3.593 
D 0.216 3.986 9.588 
A 6.475 4.889 4.661 
A -0.246 3.266 8.444 
A 3.723 5.161 3.069 
A 3.329 4.331 2.680 
A 3.842 3.132 5.086 
A -1.364 2.392 7.955 
A 4.453 4.919 3.084 
D -0.591 -0.036 -0.556 
A 4.276 3.896 3.859 
A -0.475 4.319 9.305 
D -0.871 3.895 8.840 
A 1.512 4.521 10.664 
D -2.644 0.067 -1.827 
A 3.742 4.112 4.255 
A 3.633 6.965 2.185 
A 5.441 3.597 2.924 
D 0.092 4.903 6.802 
A -0.050 5.762 9.561 
A -0.429 4.938 8.767 
A 0.372 2.275 7.859 
A 4.809 6.744 1.777 
D -0.642 -2.595 -2.779 
A -0.108 5.425 7.341 
A 5.008 6.398 4.759 
A -0.839 4.582 10.055 
A 5.819 3.462 3.472 
A 3.817 3.122 2.080 
A -0.859 3.657 10.276 
D -1.029 -2.296 -0.042 
A -0.088 4.036 8.909 
D 1.939 -0.691 -4.934 
D -0.032 1.796 7.805 
D -0.551 4.356 9.033 
A 5.730 3.594 2.816 
A 1.234 5.284 9.092 
D -0.856 2.163 10.759 
A 0.415 4.494 9.376 
A -0.308 5.016 9.853 
A -2.311 4.126 9.248 
A -1.709 3.800 8.038 
A 5.271 6.255 5.097 
A 3.194 5.417 3.007 
A 6.425 6.179 4.715 
D 0.155 -0.763 -1.333 
D 3.881 -0.716 -4.381 
D 0.195 5.014 7.131 
A 4.611 4.421 4.296 
A -0.819 2.890 8.692 
D -0.044 -2.165 -1.701 
A 0.650 3.610 8.093 
D 0.535 -1.208 -1.360 
D -0.661 -2.507 -1.368 
D -0.009 -1.792 -3.837 
D -0.679 0.014 -1.805 
D -0.635 3.743 9.540 
A 5.027 3.872 2.588 
A 5.539 6.259 3.026 
A 3.272 5.123 4.718 
A 6.156 3.295 2.500 
A -0.617 4.738 9.973 
A -0.178 3.558 10.482 
A 4.321 6.889 3.968 
A 3.098 6.233 4.051 
A 1.811 6.155 9.244 
A 0.524 3.441 8.391 
A 0.164 4.173 9.834 
D -0.632 5.680 8.775 
A 1.389 4.360 7.782 
D -0.495 4.231 8.417 
A -1.179 4.198 8.890 
A -0.754 4.126 8.683 
A 4.448 6.600 5.398 
A 5.446 5.620 2.754 
A 3.363 5.895 5.183 
A 3.744 6.879 5.462 
A -0.968 2.679 8.533 
A 6.098 3.776 2.811 
D -0.543 -1.518 -0.055 
A 5.668 3.979 3.321 
A -0.306 4.714 10.879 
A 5.529 3.868 1.582 
A -1.535 3.728 8.009 
A -0.070 4.399 10.025 
A 6.292 6.084 3.859 
A 5.743 4.604 2.687 
D -0.891 4.647 9.608 
A 3.898 5.854 4.283 
A 0.232 3.417 9.270 
A -2.160 5.306 9.858 
A -1.227 2.226 9.664 
D 0.316 -1.631 -2.834 
A 6.337 5.588 2.789 
A 5.628 4.262 2.214 
A 0.179 4.264 8.392 
A 3.944 3.955 4.157 
A -0.535 5.169 8.518 
D 0.085 4.836 8.872 
A -1.325 2.901 9.109 
A -0.636 3.043 9.487 
A 5.189 5.614 4.314 
A 3.536 4.728 4.426 
A 4.206 5.146 3.932 
A 4.688 4.530 2.358 
D -0.906 -1.899 -3.759 
A 4.351 6.363 3.742 
A 4.712 3.714 2.934 
A 1.780 4.807 8.482 
D 0.330 -1.379 -2.001 
A 1.229 3.790 7.944 
A 4.784 4.333 2.346 
A 0.057 2.539 9.353 
A 4.104 5.094 4.902 
A -0.160 2.220 9.766 
A 6.592 3.228 2.504 
A 3.848 6.328 4.850 
A 0.359 4.009 8.090 
A 3.758 4.543 4.266 
A -1.532 5.257 11.298 
A 4.631 3.177 2.901 
A -2.141 3.336 7.476 
A -1.763 3.835 8.757 
D -0.340 -1.088 -1.987 
A 3.254 3.601 5.470 
A -0.057 4.656 12.003 
A 5.310 6.773 3.238 
A 0.288 5.723 9.672 
D -0.044 3.182 9.659 
D -2.603 -1.956 -0.622 
D 0.729 -1.183 -2.634 
A 3.962 6.072 3.283 
A -1.457 5.205 7.722 
A -0.887 4.645 10.772 
A 4.403 3.378 4.428 
A 0.243 2.898 7.723 
D -0.197 -4.064 -2.137 
D -0.642 -1.839 -2.568 
D -0.436 4.634 8.576 
A -0.381 2.845 8.932 
A 4.141 4.255 5.128 
A 5.607 6.043 4.463 
D 0.334 -2.221 -3.551 
A 4.116 3.105 5.324 
D -0.070 4.399 10.025 
A 6.633 4.612 2.394 
A 5.089 6.911 1.986 
A -0.009 4.394 9.492 
D 0.206 -2.682 -2.521 
A 5.483 6.302 3.116 
A 5.286 5.989 1.530 
A 4.872 3.177 2.494 
D -0.183 -0.437 -4.784 
D 0.202 3.634 7.850 
A 3.488 3.141 2.895 
A -0.124 3.985 8.431 
A -0.303 3.429 8.964 
A 0.199 5.800 10.146 
A 5.478 5.180 4.877 
A 6.073 4.638 5.411 
D 0.696 -3.768 -0.823 
A 4.158 5.067 3.351 
A -1.061 3.665 9.283 
A 4.212 3.503 2.153 
A -1.055 2.682 8.909 
D 0.452 3.405 9.643 
A 5.160 6.893 3.108 
D 2.378 -0.469 -2.094 
A 3.615 3.754 1.853 
D -0.085 4.926 9.272 
A 6.677 4.948 4.981 
A 3.628 5.800 2.190 
A 4.937 5.618 4.902 
A 1.078 3.548 9.906 
A 4.370 4.289 3.676 
D -0.447 -1.597 -1.833 
A 4.399 5.606 5.372 
A 6.167 4.661 4.430 
D -0.689 3.996 9.689 
A 0.669 2.895 8.619 
D 0.990 -3.865 -2.947 
A 6.623 5.506 4.756 
A 3.838 4.495 4.641 
A -1.944 3.626 9.973 
A 0.543 3.446 7.997 
A 4.540 6.854 4.339 
A 3.606 5.476 4.130 
A 0.963 4.907 9.513 
A 4.966 4.705 4.383 
D 3.583 0.407 -4.564 
A -0.645 4.095 11.219 
A 5.997 4.444 5.361 
D -0.519 4.600 6.989 
A -0.750 4.339 8.501 
A 4.513 5.809 3.018 
A 6.093 4.007 5.298 
A 1.270 2.354 10.683 
A 5.956 4.281 2.232 
A 6.706 5.335 1.919 
A 5.227 5.166 4.511 
A 0.376 5.348 7.318 
D -0.713 4.749 9.373 
D -0.095 4.408 8.294 
A 4.760 6.603 1.674 
A 3.514 5.112 3.478 
D -0.156 3.566 10.240 
A -1.090 4.057 8.252 
A -1.256 4.572 10.210 
A 6.679 5.532 3.425 
A -0.519 4.022 9.583 
A 0.092 3.714 7.333 
D -0.779 3.954 9.336 
D -0.348 1.813 7.990 
A 3.470 6.739 3.007 
A 3.225 3.973 4.642 
A 6.635 4.280 1.626 
A 3.027 5.650 4.859 
A 5.089 3.962 4.187 
A -0.085 4.926 9.272 
A 4.759 4.948 4.290 
A 0.175 3.592 9.816 
A 4.972 4.520 1.772 
A 5.161 5.982 4.628 
A 3.197 5.359 3.471 
A -0.070 3.969 8.596 
D -0.453 4.500 8.824 
A 3.384 3.521 1.830 
A 5.192 3.619 3.757 
A 4.131 4.717 5.488 
D -0.998 4.024 10.536 
A -0.328 5.394 8.910 
A 6.808 4.913 3.715 
A 5.843 4.942 4.014 
A -0.653 3.309 8.738 
D -3.336 -0.492 -3.614 
D 2.408 -0.471 -4.497 
D -0.185 3.333 8.288 
A 4.611 3.460 1.709 
A -0.156 3.566 10.240 
D -0.427 4.540 6.917 
A -1.438 5.622 8.714 
A 6.209 6.355 2.778 
A 0.561 4.812 9.112 
A 1.275 2.219 8.827 
D -2.184 -0.543 -0.829 
A 3.978 3.313 1.775 
D -0.537 -1.586 -1.648 
A -0.003 4.109 9.622 
A 0.203 2.853 9.651 
A 4.696 3.748 4.850 
A 0.853 1.719 9.399 
A 6.758 6.105 1.761 
D -1.881 -0.824 -1.476 
D 1.479 -0.083 -2.777 
D -0.625 -1.208 -3.065 
A 4.397 6.990 5.249 
A 3.368 6.238 1.852 
A 6.983 6.129 5.017 
A 6.835 3.777 1.868 
D 3.304 -0.596 -1.253 
A -0.076 4.282 7.780 
A 3.007 3.885 3.519 
D 0.855 -2.590 -3.311 
A -0.507 4.059 12.644 
A 3.623 4.180 3.080 
A 3.044 3.944 3.650 
A -0.027 4.440 9.385 
A 5.479 5.705 1.583 
A 2.060 3.400 9.768 
D -0.819 2.890 8.692 
D -0.132 3.313 9.586 
A 5.851 4.909 4.502 
A 3.068 3.305 2.412 
A 6.395 6.349 4.580 
A 3.981 3.664 4.861 
A -0.085 4.007 8.132 
A 5.565 6.102 1.512 
D -0.427 3.284 9.079 
A -0.107 3.881 8.236 
A 6.021 3.213 4.462 
A 3.481 3.983 1.511 
D -0.075 2.830 9.320 
A -1.209 4.955 7.895 
A 4.290 3.559 5.001 
A 3.627 6.323 5.328 
D -0.070 3.969 8.596 
D -0.816 -0.538 -1.543 
A 3.513 5.295 1.960 
D -0.914 2.557 9.158 
D 0.561 4.587 7.878 
D 0.164 4.173 9.834 
A 3.436 6.920 3.444 
A 4.416 5.326 3.646 
A 3.295 6.930 5.353 
A 5.230 4.443 4.993 
A 5.392 3.832 1.738 
A -1.244 5.529 9.179 
D 2.981 0.116 -3.278 
A 5.358 4.265 1.701 
A 4.275 3.849 4.142 
A 4.136 6.246 5.076 
A 6.615 3.486 4.621 
A -0.026 3.357 9.005 
A 0.179 6.066 8.333 
A -0.167 5.268 8.837 
D 0.182 -2.353 -2.970 
D -0.824 4.586 8.762 
A -1.734 4.735 9.693 
A -0.177 5.383 8.642 
A 5.739 3.396 4.915 
A 5.577 5.647 3.082 
A -0.255 4.234 6.145 
A 5.379 5.923 4.654 
D 0.018 2.774 7.866 
A 3.699 4.261 5.483 
D -0.134 -3.304 -2.212 
A 4.563 5.637 4.251 
D 0.069 -2.643 -2.011 
A 4.020 4.676 4.973 
A 3.742 4.822 3.042 
A 0.745 7.553 9.621 
A 1.196 5.778 9.069 
A -0.429 4.608 10.952 
A 6.065 5.517 2.634 
A 3.971 4.545 2.843 
A -0.841 3.022 9.442 
A 5.657 6.533 5.374 
A 4.187 6.912 4.731 
A -0.031 2.879 8.101 
D -0.169 4.847 10.539 
A 5.621 3.231 2.678 
A -1.112 3.893 8.586 
D -0.519 4.022 9.583 
A 5.221 3.096 3.639 
A 6.836 5.926 4.834 
A 6.553 4.241 3.916 
D -0.440 -1.505 -2.109 
D -0.597 6.146 7.487 
A 0.308 5.976 9.780 
A 2.543 5.617 9.188 
D -0.588 3.194 9.502 
A 6.472 4.315 2.767 
D -0.223 3.676 9.506 
A 6.456 6.074 3.769 
A 6.679 3.972 4.032 
A 4.861 5.199 2.695 
A 6.575 6.932 4.662 
A 5.859 4.998 3.900 
A 1.061 4.924 10.842 
A 4.534 5.980 1.882 
A 4.276 6.382 2.689 
A -0.891 4.647 9.608 
A 0.209 3.677 9.943 
A 3.555 5.832 3.365 
D 0.673 4.782 8.565 
A 0.389 4.576 7.623 
D -0.158 -2.787 -2.357 
A 5.273 4.103 5.348 
D -1.274 -2.274 -0.975 
A -0.790 4.085 9.325 
A -0.681 3.228 9.128 
A 3.455 4.247 4.174 
A 4.753 4.419 3.719 
A 6.813 6.516 1.657 
A 4.300 4.673 5.286 
A 4.557 5.659 3.216 
A 4.320 3.538 2.915 
A 6.383 4.779 1.906 
D 3.946 -0.886 -3.250 
A 5.805 3.038 3.604 
A 3.963 5.168 3.653 
A -0.535 3.057 8.150 
A 4.330 5.785 3.470 
A -0.870 3.668 7.798 
A 4.447 3.828 5.164 
A -0.095 4.408 8.294 
A 3.663 4.985 3.790 
D -0.820 -2.017 -2.411 
A 6.956 3.854 2.276 
A 0.216 3.986 9.588 
D 0.770 -1.129 -2.232 
A 0.092 4.903 6.802 
A 1.338 2.805 8.354 
D -0.491 -2.628 -1.260 
A 4.478 6.651 1.715 
A 3.447 4.564 3.455 
D 0.384 3.620 6.934 
D -0.047 4.769 9.695 
A 4.269 6.615 4.626 
A -0.940 3.566 7.914 
A 4.533 3.161 1.637 
A -0.649 4.091 8.675 
A 5.651 5.725 2.697 
A -0.404 1.977 9.292 
A 6.176 4.492 4.827 
A 0.971 3.155 8.929 
A 6.562 4.747 4.503 
A -0.114 3.821 8.391 
A -0.780 2.676 9.124 
A 4.239 5.245 2.878 
A 4.119 6.769 4.166 
A 3.343 4.997 4.367 
A 0.126 3.579 9.456 
A 3.318 6.104 4.267 
A 4.387 3.636 3.668 
A 5.927 4.041 2.786 
A -0.518 4.422 8.782 
A 2.400 4.064 10.544 
A 4.311 3.800 1.659 
A -0.519 4.600 6.989 
A -0.280 3.270 9.749 
A 4.429 3.940 1.864 
D -0.616 3.472 8.843 
A 4.414 4.093 3.440 
D -1.135 -1.270 -0.845 
D -2.393 -1.458 -0.949 
A 6.545 5.647 1.644 
D -0.582 -1.760 -1.444 
A 0.650 3.575 8.671 
A 5.241 6.212 1.765 
D 0.442 4.468 10.473 
D 0.597 5.587 9.101 
A 4.385 5.968 4.136 
A -1.414 3.085 8.890 
A -1.194 4.025 8.563 
D -0.617 4.738 9.973 
A 4.422 6.826 3.306 
A 6.911 5.632 2.087 
A 4.654 5.028 2.890 
A -1.632 3.958 9.136 
A 0.373 4.592 8.753 
A -0.243 5.180 9.757 
A 6.340 3.632 3.164 
D 3.472 -0.101 -2.076 
D -0.124 3.985 8.431 
A 0.013 3.784 8.341 
A 6.420 4.320 4.413 
A 6.745 3.200 4.554 
A 0.007 4.479 9.440 
A 3.345 3.956 4.325 
A 5.540 4.551 2.068 
D -0.606 3.639 10.690 
A 4.108 3.696 5.077 
A 0.312 3.182 9.545 
A 0.582 2.058 8.016 
A -0.057 5.674 7.060 
A 0.697 4.660 8.961 
A -0.289 3.673 8.713 
A 0.204 3.583 8.173 
A -1.292 4.811 8.874 
A 3.295 6.650 3.758 
A 4.148 5.197 2.413 
A -1.216 4.688 9.039 
A -2.214 4.346 11.349 
D -0.982 -2.092 -2.219 
A 0.732 3.800 10.220 
A 1.118 3.611 7.911 
A -0.032 1.796 7.805 
D -1.629 -1.405 -0.923 
A 5.364 5.393 3.660 
A 3.034 3.492 3.490 
A -0.571 2.966 9.708 
A -0.100 2.913 7.599 
A -0.486 4.041 8.250 
A 1.035 4.445 9.436 
A 0.041 2.118 9.692 
A 3.099 6.380 2.742 
A 0.303 5.326 9.584 
A 3.301 5.950 3.880 
A -1.043 3.768 8.907 
A -0.210 3.934 9.835 
A -0.626 2.798 8.956 
A 4.623 5.567 5.098 
D 0.394 3.780 8.782 
A 1.102 4.829 9.065 
A 0.648 1.788 9.882 
D 0.215 3.912 8.341 
D -0.716 -1.458 -0.343 
A 5.544 5.632 4.532 
D 0.875 -1.826 -3.585 
A 1.474 4.164 9.076 
A 4.574 6.688 3.978 
A 0.047 5.855 9.716 
A -0.181 6.541 8.370 
D -0.535 5.169 8.518 
A 5.913 6.917 4.274 
D 0.377 -2.180 -3.333 
A 5.431 4.186 5.007 
D 1.742 -0.751 -3.753 
A 3.252 4.782 2.281 
A 6.725 6.927 1.764 
D -0.336 -2.386 -0.031 
A -1.001 3.865 9.117 
A -0.245 4.642 8.592 
A 6.411 5.296 2.349 
A 3.353 4.758 5.466 
D 0.646 4.140 8.695 
D -0.928 -3.091 -3.975 
A 0.230 3.942 7.567 
A 3.599 6.826 5.425 
A -0.354 3.508 10.273 
A 5.192 6.287 4.680 
A 1.632 4.733 8.294 
A -0.529 6.924 10.327 
A -0.183 5.361 9.785 
D -0.107 -1.638 -0.333 
D -0.358 -0.953 -1.837 
D -0.036 6.615 8.923 
A -0.122 4.843 10.009 
A 3.198 3.037 1.538 
A 3.957 4.028 1.533 
A 3.328 3.256 1.661 
A 0.093 3.523 9.965 
D 0.282 -1.623 -2.873 
D 2.177 -0.225 -2.906 
A -0.151 2.084 9.448 
D -0.114 3.821 8.391 
A 5.092 4.691 2.502 
A 5.069 6.768 3.291 
D 0.598 1.905 9.646 
A -2.970 5.330 9.320 
A 4.421 4.816 3.010 
A 5.391 6.856 4.333 
A -2.251 4.229 8.458 
A 5.047 3.926 4.443 
A -0.143 3.081 8.436 
A 4.221 5.730 3.093 
D 0.956 -3.736 -4.638 
A 4.327 5.732 2.810 
A 5.431 3.813 5.207 
A -0.220 2.986 10.666 
A -0.290 4.137 7.957 
A 6.860 5.859 2.551 
A -0.695 3.759 9.773 
A 0.076 4.172 10.096 
A 0.662 3.013 8.100 
A 3.877 4.573 4.775 
A 4.555 6.922 3.283 
A 6.624 3.892 1.892 
A 0.543 3.174 7.939 
A 4.124 3.834 3.892 
D 3.461 -0.997 -3.088 
A -0.932 2.765 9.634 
A 0.403 5.314 9.628 
A 0.067 4.778 7.953 
A -0.559 3.086 8.975 
A 0.963 4.045 9.064 
A 3.736 4.096 2.042 
A -0.413 4.263 9.327 
A 0.373 4.825 8.644 
D -0.475 4.319 9.305 
A 0.562 2.786 8.959 
A -0.407 6.202 7.776 
A 1.299 6.708 7.338 
A 1.545 5.203 8.405 
A -1.033 5.004 9.413 
A 6.781 5.403 4.257 
A 5.391 3.935 4.464 
A 3.951 4.648 2.305 
A 6.208 5.096 2.562 
D -0.470 -1.524 -3.546 
A 3.610 6.428 4.710 
A -1.101 4.457 8.710 
A 3.177 5.685 4.116 
D 1.000 -2.937 -0.605 
D 0.344 4.357 8.689 
A -0.836 3.127 8.370 
A 0.160 3.240 7.307 
A -0.551 4.356 9.033 
A 3.392 5.898 4.515 
A -0.457 2.848 8.222 
D -1.886 -0.754 -1.619 
A 4.904 6.021 3.411 
A -0.463 6.478 8.067 
A 5.565 3.483 3.170 
D 0.344 -1.844 -1.007 
A 4.607 3.166 3.024 
A -1.840 3.612 8.625 
A -1.038 3.145 8.739 
D 0.817 4.144 7.595 
A 4.205 3.995 5.332 
D -0.078 -3.784 -1.445 
D -0.164 3.452 9.615 
D 0.807 -3.349 -3.084 
A 4.398 3.169 2.154 
D -1.269 -1.305 -0.992 
A -0.013 4.284 6.916 
A 3.905 3.653 2.035 
A 0.546 3.649 10.191 
A 4.089 3.643 2.820 
D 0.723 4.672 8.385 
D -0.035 3.312 10.134 
A 5.149 3.891 4.714 
A 1.271 4.938 11.371 
A 0.065 3.861 9.129 
A 1.532 3.533 8.739 
A 3.979 4.836 3.433 
A 0.968 2.600 8.368 
A 4.462 5.917 5.438 
A 1.422 2.339 8.790 
A -0.972 4.213 9.207 
A -0.385 4.255 10.206 
D -0.958 -2.639 -1.393 
A 5.114 4.086 3.960 
D 0.111 -1.251 -0.685 
A 6.811 3.387 4.475 
A 1.012 3.760 8.659 
A 6.446 6.141 4.281 
A 3.110 5.895 3.455 
A 0.359 3.451 8.439 
A 3.473 6.538 4.844 
A -0.215 3.115 6.821 
A 0.843 4.554 10.172 
A 4.007 5.923 5.029 
A 5.005 4.304 5.235 
A -0.348 1.813 7.990 
A 3.506 3.108 4.150 
A 0.358 3.115 8.707 
A 4.038 3.980 3.760 
A 3.130 4.713 2.630 
D 0.744 2.883 8.899 
D 0.481 3.029 8.681 
A 6.135 6.070 3.850 
D -0.748 3.522 10.492 
D -0.843 -1.057 -1.656 
A 6.001 3.382 3.710 
A -1.031 4.107 7.700 
A -0.287 4.148 7.540 
A -1.017 2.953 7.430 
A 5.720 5.523 4.314 
A -0.627 3.486 8.226 
A -0.700 4.247 8.157 
A 6.168 5.599 2.225 
A 3.659 5.328 4.668 
A 6.125 5.120 4.155 
A 0.227 3.672 9.595 
A -0.068 3.372 8.493 
A 6.004 3.865 5.110 
A 4.166 4.651 3.407 
D -0.353 4.331 7.294 
A -0.468 3.497 9.168 
D 0.145 4.717 8.157 
D -0.407 6.202 7.776 
D 0.531 5.713 8.791 
D -0.587 -2.665 -3.327 
A 5.415 3.631 5.032 
A 6.917 6.628 2.610 
A 3.750 6.097 4.335 
D -0.814 2.944 8.191 
D -0.914 5.377 9.788 
D -0.802 3.958 9.554 
D -2.142 -2.164 -0.993 
D -0.306 4.714 10.879 
A 0.497 4.952 8.899 
D 0.710 3.838 9.771 
A 1.101 2.839 7.413 
D -0.780 -2.750 -1.688 
A 5.471 3.010 5.169 
D -0.208 2.390 7.131 
A -0.318 3.397 9.717 
A 5.310 5.508 3.240 
A -0.266 3.901 7.818 
A 3.783 5.508 1.752 
A 3.446 6.878 4.753 
D -0.560 -1.314 -1.317 
D -0.529 5.314 8.646 
A 0.215 3.912 8.341 
A 4.543 4.408 1.782 
A 4.143 5.968 4.278 
A 6.244 5.195 4.242 
A 1.129 4.984 11.483 
A -0.635 4.447 8.513 
A 2.328 5.768 9.574 
A 2.542 4.254 8.662 
A 0.584 5.251 8.077 
A -2.087 4.096 9.297 
A 1.936 3.343 8.344 
A 5.483 5.654 4.844 
A 3.793 4.768 2.123 
D 0.291 -1.390 -1.470 
D -0.706 -1.088 -3.264 
D 0.290 2.889 8.220 
D -0.545 -1.596 -2.966 
A -0.075 2.952 9.163 
D -0.604 -3.199 0.030 
A 1.756 4.745 8.817 
A -1.007 5.244 10.028 
A -1.239 6.361 9.695 
A -0.680 4.241 7.552 
A 4.237 3.145 4.201 
A 0.159 1.632 10.171 
A 0.018 2.774 7.866 
A -0.964 4.949 9.030 
A 4.639 3.005 1.856 
A -2.152 5.958 9.542 
A -2.633 2.931 9.651 
A -0.359 2.731 8.267 
D -0.069 2.812 8.047 
A 5.525 6.469 3.039 
A 5.484 3.761 3.453 
A 1.450 5.981 8.542 
A 3.621 4.500 1.651 
A -0.350 4.310 7.906 
A 3.820 4.344 3.007 
D 2.722 -2.174 -0.670 
A 5.046 3.461 4.319 
D 0.463 -3.380 -1.769 
D 0.088 -2.524 -2.472 
A -0.069 2.812 8.047 
A 0.077 3.074 9.313 
D 0.536 4.238 8.170 
A 5.435 5.276 5.023 
A 6.851 3.174 3.166 
A 3.091 3.434 4.426 
A -0.954 3.214 9.354 
A -0.306 3.717 9.181 
D -0.214 4.864 7.072 
A 3.997 4.858 1.571 
D -1.384 -0.799 -2.184 
A -0.713 4.749 9.373 
A -0.602 2.395 7.298 
D 1.129 -0.339 -1.683 
D 0.119 3.858 9.173 
D 0.917 -3.372 -2.930 
A 5.429 3.014 4.546 
A 3.157 5.178 2.798 
A 1.656 2.594 9.929 
A 5.781 4.526 3.863 
A 4.024 6.013 1.958 
D 0.628 4.205 8.832 
A 6.682 4.888 1.607 
D 0.702 4.974 9.376 
A 0.036 3.658 8.467 
A -0.933 6.018 10.163 
A 6.700 6.781 4.222 
D 1.186 -0.876 -2.635 
A -0.410 4.412 7.772 
A 2.127 3.959 9.404 
A 0.117 5.595 8.890 
A 0.148 4.118 9.638 
A -0.251 4.348 9.376 
A 6.020 5.261 3.121 
A 3.672 4.374 2.249 
A -2.253 5.197 7.581 
A 3.884 6.611 3.634 
A 6.464 3.198 1.861 
D -0.396 3.868 8.654 
A -0.655 6.667 9.353 
A 1.405 3.900 10.897 
D -0.740 4.075 9.002 
D 0.196 -2.817 -3.175 
D 0.755 -3.673 -2.467 
D 0.785 -3.569 -3.142 
A 4.857 4.299 4.729 
A -0.185 3.333 8.288 
D 0.057 5.759 8.162 
D 0.677 -3.603 -3.508 
D 0.231 -1.215 -1.734 
D -0.732 5.256 9.403 
A 4.918 3.332 3.622 
A -0.194 4.790 7.792 
A 4.569 6.843 2.400 
D -0.306 3.717 9.181 
A -1.805 4.652 8.485 
A 4.027 3.479 2.496 
A 3.353 6.938 2.613 
A 5.759 6.167 1.998 
D 0.830 -1.940 -3.749 
D -0.989 -1.289 -0.301 
A -1.098 2.669 8.940 
A -0.338 4.457 10.341 
D 0.797 -0.804 -2.756 
D -0.571 2.966 9.708 
A -0.223 3.676 9.506 
D 0.091 -2.726 -1.910 
A -1.234 3.742 7.224 
D 0.706 2.618 10.359 
A 4.442 5.238 3.760 
D 2.322 -0.912 -2.710 
A 4.333 6.061 4.077 
A -0.175 4.780 8.699 
D -0.834 4.784 9.171 
A 6.028 4.476 4.106 
D -0.618 5.106 8.824 
D 0.105 3.991 10.021 
D 0.650 3.575 8.671 
D -0.778 5.489 8.759 
A -1.163 2.615 9.008 
D -1.556 -0.752 -0.691 
A 5.036 5.910 3.170 
A 6.045 4.873 5.022 
A 4.243 6.507 1.708 
A -0.418 2.030 9.462 
A -0.076 1.919 7.321 
D -0.988 3.816 10.641 
A -0.206 3.468 9.641 
A -0.619 4.096 10.069 
D 1.914 -0.948 -3.663 
A -1.295 4.658 9.070 
A 0.290 2.889 8.220 
A 5.155 3.676 5.233 
A 6.003 6.691 3.511 
A -0.597 6.146 7.487 
A 6.953 6.422 4.554 
D -0.557 4.902 10.389 
A 5.052 6.698 1.985 
A 3.858 4.224 4.006 
A -0.298 2.471 7.986 
D -0.783 4.566 7.948 
A 3.863 3.298 3.501 
A 3.026 5.543 1.511 
A 6.628 3.823 2.882 
D -0.491 -0.474 -1.061 
D 0.543 3.174 7.939 
A 3.103 4.657 5.415 
A 0.478 3.762 9.097 
A 1.315 4.069 9.043 
D -0.855 4.174 8.749 
A 0.888 3.817 10.113 
A 4.511 5.519 4.609 
A -0.298 4.505 8.380 
D 0.312 3.182 9.545 
D -0.518 4.422 8.782 
A -1.285 2.783 10.065 
A 1.657 4.235 9.535 
D -0.562 -2.467 -1.215 
A 3.174 3.947 1.666 
A -0.091 2.697 8.970 
D -0.542 4.398 9.855 
A 3.845 4.982 5.078 
A 4.167 4.814 4.087 
A 3.768 6.313 5.300 
D -0.074 -1.338 -2.314 
D -0.480 -1.630 -1.635 
A 3.905 6.469 2.897 
D 0.600 2.611 8.204 
A -0.310 4.594 8.081 
A 5.833 5.784 2.602 
A 0.346 2.637 9.285 
A 4.377 3.081 4.445 
D -0.990 3.755 9.455 
A -0.917 5.692 9.783 
D -0.833 -2.580 -3.155 
A -0.635 3.743 9.540 
A 0.655 4.374 10.027 
A 4.473 3.333 2.636 
A 3.560 6.411 3.942 
D 1.601 -0.427 -2.260 
A 1.204 4.302 7.817 
A 4.663 4.929 4.790 
A -0.453 4.500 8.824 
A 5.545 4.123 2.012 
A 5.845 6.423 3.122 
A 0.624 4.960 8.865 
A 3.614 4.628 2.765 
A -0.984 2.822 12.181 
A 3.808 3.048 4.889 
A 6.952 6.035 3.339 
A 4.813 5.651 3.980 
A 5.724 3.097 2.551 
A 1.923 3.587 10.044 
A 5.478 4.946 5.476 
D 0.073 3.789 9.874 
D 0.912 -1.735 -4.372 
D 0.227 3.672 9.595 
A 1.374 3.351 9.119 
A 5.893 6.098 5.040 
D -0.016 2.493 8.928 
D -0.053 -2.060 -1.881 
A -0.412 3.374 6.803 
D -0.847 3.941 8.993 
A -0.552 4.460 7.867 
A 4.210 3.328 3.152 
A -0.321 5.316 10.477 
A 3.269 6.701 1.641 
A -0.278 3.803 9.518 
A -0.285 2.812 10.368 
A 5.580 4.584 2.856 
D -0.134 -2.228 -2.893 
D -0.563 -2.970 -1.881 
A 6.811 5.037 2.793 
A 4.382 5.610 5.026 
A 4.900 6.523 4.560 
A 0.660 2.627 10.127 
A 2.251 3.823 6.994 
A -0.065 4.206 10.292 
A 6.345 4.150 4.388 
A 4.051 5.157 4.753 
A 3.189 5.680 2.691 
A 3.204 3.565 3.127 
D -0.921 -3.447 -1.916 
D -0.027 4.440 9.385 
A 6.840 6.436 2.246 
A 5.925 3.151 2.354 
A 4.101 4.632 2.434 
A 6.061 6.299 4.602 
D 0.888 3.817 10.113 
A 0.180 1.878 10.639 
D -0.368 3.274 7.329 
A 1.670 4.234 9.015 
A 3.167 3.236 2.924 
D -0.290 4.137 7.957 
A 6.520 5.031 1.748 
A 6.191 4.907 2.155 
A -1.678 4.847 7.648 
A 5.685 3.111 5.204 
D 0.377 -3.345 -1.689 
A 6.417 3.776 1.991 
A 4.055 3.050 4.656 
A 5.593 4.330 3.679 
A 6.813 5.740 3.070 
A 1.050 5.217 10.044 
A 5.497 4.261 4.565 
A 5.832 5.466 4.400 
D -0.532 3.532 8.719 
D -2.754 -0.692 -1.890 
A 6.799 4.526 2.677 
A 6.524 5.458 1.571 
A -0.554 2.442 8.384 
D -0.598 5.010 9.101 
D -0.251 4.348 9.376 
A 1.242 3.289 8.657 
A 3.078 6.436 5.306 
A -0.405 2.824 9.096 
A 4.445 5.290 2.283 
D -1.532 -2.528 -0.163 
A -0.320 3.318 8.159 
A 0.230 4.541 6.454 
A 4.688 3.105 4.153 
A 5.653 4.655 2.713 
A -1.611 3.709 10.248 
A 3.635 3.235 2.174 
A 2.075 2.981 9.285 
A 6.715 5.283 4.584 
A -0.885 2.679 9.214 
A 6.320 6.038 3.743 
A 0.106 4.957 6.723 
A -0.163 3.157 8.050 
A 0.197 4.583 5.856 
A 6.486 6.179 2.449 
A 6.078 5.307 1.711 
A -1.565 4.399 10.532 
A 4.073 3.266 3.613 
A 4.407 4.600 2.620 
D -0.653 3.309 8.738 
A 1.554 5.031 8.154 
A 6.028 3.626 5.384 
D -0.188 -2.875 -1.557 
A 4.472 6.249 3.371 
D 1.949 -0.970 -4.803 
A -1.362 5.579 9.682 
A -0.756 5.329 9.666 
A 0.396 3.357 8.277 
A 4.101 3.319 3.738 
A -0.940 5.156 10.801 
D 0.376 5.348 7.318 
A -1.853 3.494 9.074 
A -0.616 4.285 10.731 
A -1.546 3.754 9.102 
A 0.484 4.460 7.130 
A -1.402 5.553 9.306 
A 0.394 3.780 8.782 
A 6.943 3.456 2.426 
A 6.293 6.715 5.399 
A 0.358 3.081 10.240 
A -2.059 8.179 8.436 
A 4.771 4.706 2.320 
D 0.432 4.715 9.817 
A 0.452 3.405 9.643 
A 4.107 3.939 4.981 
A 3.595 4.260 4.385 
A 4.441 6.729 4.243 
A 3.433 3.669 2.785 
A 0.398 4.412 8.876 
A 3.715 4.843 2.064 
A 4.229 3.170 2.088 
A 0.446 5.624 7.684 
A -0.998 4.024 10.536 
A 3.407 6.831 3.377 
D -0.638 4.465 10.873 
A -0.264 4.345 9.244 
A 5.844 4.146 2.771 
A -0.871 3.895 8.840 
A 1.196 2.536 9.518 
D -0.814 -2.335 -0.199 
A 4.068 3.538 2.816 
A 5.766 6.754 5.384 
A 5.725 3.565 2.936 
D 0.125 -1.952 -1.288 
D -1.635 -1.955 -0.058 
D 1.895 -0.650 -2.141 
A 6.214 6.626 4.696 
D 2.004 -1.823 -0.843 
D 0.193 -1.120 -0.921 
D 2.674 -1.090 -0.676 
A 0.735 3.801 9.917 
A 1.158 4.085 8.746 
A 0.051 4.810 8.952 
A 3.353 4.301 5.224 
A 3.665 5.287 4.343 
A 5.293 3.381 5.187 
A 3.003 4.404 4.709 
A 0.207 2.837 8.920 
A 3.112 4.372 2.045 
A -0.758 2.538 8.311 
A 4.234 3.658 2.792 
D -0.246 3.266 8.444 
A 5.069 6.389 2.296 
D 0.243 2.898 7.723 
A 0.464 1.629 10.468 
A 0.685 2.340 9.355 
D -0.128 4.019 8.518 
A 0.690 4.736 10.362 
A 4.672 4.948 4.632 
A 4.894 5.667 4.414 
A -0.418 2.953 9.428 
A -1.496 5.345 9.010 
A 6.573 3.978 2.415 
A 6.499 3.744 5.094 
A -0.347 4.593 8.537 
D -0.932 -2.260 -1.032 
D -0.220 -2.321 -1.686 
A 0.339 3.460 9.242 
A 5.077 4.341 1.899 
D 0.193 -3.004 -2.495 
A -1.052 3.827 10.003 
A 4.071 3.810 5.070 
D -0.320 3.318 8.159 
D -1.351 -1.274 0.669 
A 0.486 4.216 8.813 
D -0.627 5.908 11.176 
D 0.169 3.804 9.793 
A -0.502 3.313 10.023 
D -0.896 3.187 9.059 
A 4.516 6.631 2.804 
A -1.058 3.434 8.184 
A 3.557 6.698 5.346 
D -0.051 1.306 9.022 
A 5.932 3.188 2.105 
A 6.815 6.732 1.871 
A 3.071 6.630 3.476 
A 6.514 4.820 3.724 
A -0.677 2.983 8.608 
A 5.415 5.328 2.784 
A 6.198 5.060 4.514 
A 4.877 3.754 3.666 
A 4.904 5.214 3.454 
D 0.497 4.952 8.899 
D -2.318 -1.496 0.501 
A 4.234 5.308 2.008 
A 6.138 3.280 3.529 
A 0.184 4.903 8.401 
A -0.464 4.446 9.178 
A -0.689 3.996 9.689 
A 0.460 4.111 10.297 
D -0.356 -1.694 -1.764 
A 6.525 5.211 2.055 
A 4.273 3.473 5.254 
A 3.529 5.221 3.679 
A 4.994 3.911 1.702 
A 6.588 6.945 2.429 
A -0.321 4.653 9.381 
A 0.145 4.762 9.783 
A 0.714 3.264 6.988 
A 1.605 5.196 7.363 
D -0.068 4.912 7.267 
A 6.770 5.344 3.721 
A 5.646 6.648 4.934 
A 4.088 5.437 5.486 
A -1.392 2.666 9.807 
A 1.661 2.040 7.572 
A 6.924 4.047 4.186 
A 5.883 6.141 2.767 
A 3.402 5.895 5.136 
A 1.096 3.877 8.599 
A 1.363 3.239 9.766 
A -0.368 3.413 10.949 
D -0.019 -1.585 -0.863 
D 0.874 5.150 8.203 
A 3.872 4.749 2.618 
A -0.280 5.224 8.747 
D 0.964 -1.230 -1.579 
A -0.282 4.175 10.334 
A 5.128 3.896 2.220 
A 6.907 6.557 3.536 
A 6.890 6.440 2.674 
A 4.837 6.793 4.993 
A 0.354 3.910 11.522 
D -0.812 -1.958 -2.429 
D -0.714 3.330 8.257 
D -0.878 3.428 9.260 
D 0.437 3.599 7.853 
A 0.664 5.125 8.593 
A 6.988 4.917 1.841 
A 5.613 3.195 4.207 
D 0.010 3.136 7.034 
A -1.235 5.294 6.992 
A 0.393 5.095 10.109 
D -0.268 -1.187 -2.921 
A 1.155 4.020 8.708 
A 4.871 4.828 2.936 
A 3.357 4.098 4.764 
A 4.276 4.243 2.133 
D 0.224 -2.653 -3.202 
A 5.368 6.055 4.447 
D 0.233 3.298 8.254 
A 4.784 6.952 2.068 
A -1.356 5.623 9.463 
A 6.077 5.393 1.626 
D 1.705 -0.932 -2.512 
A 0.057 5.759 8.162 
A 5.747 4.244 2.374 
A 2.119 3.848 8.588 
A 2.769 4.825 8.406 
A 6.983 5.838 5.020 
A 4.070 6.303 3.320 
A -0.837 3.610 8.347 
A 5.756 6.874 4.234 
A 3.422 6.530 4.591 
A 3.782 5.952 4.363 
A 0.647 1.588 9.907 
A -0.189 4.375 10.117 
A 6.362 4.212 3.945 
A -2.350 5.441 9.516 
A -0.588 3.194 9.502 
A 4.532 6.290 3.326 
A 5.521 4.257 5.379 
D -0.846 -0.041 -0.793 
A 5.628 6.040 1.994 
A 4.044 6.379 1.697 
A 4.315 3.221 3.233 
A 4.310 6.131 5.251 
A 6.992 4.258 2.096 
A 3.063 6.872 3.228 
A -1.749 4.263 8.221 
A -1.103 3.725 11.080 
A 3.037 5.143 2.731 
A 4.486 5.292 4.130 
A 4.176 4.728 5.101 
A 0.028 4.363 9.829 
A 5.927 6.766 5.202 
D 1.887 -0.889 -1.584 
D -0.338 3.487 8.599 
A 4.994 6.094 5.107 
A 6.826 5.080 4.840 
D -0.050 5.762 9.561 
A 6.187 3.856 3.573 
A 4.298 5.740 1.901 
D -0.071 -2.724 -3.388 
A -0.495 4.231 8.417 
A 0.137 3.283 9.518 
A 6.536 6.748 2.432 
D -0.636 3.043 9.487 
D -0.908 5.118 8.767 
A 0.442 4.468 10.473 
A 5.918 6.331 2.018 
A 6.737 6.605 2.547 
A 3.763 5.658 2.409 
A 3.370 5.289 3.804 
A -0.222 4.921 8.777 
A 6.527 6.722 4.532 
A -1.163 2.978 10.167 
A 6.803 5.767 1.744 
D 0.090 -4.463 -2.373 
A 3.217 5.729 4.745 
A 0.239 2.673 8.643 
A -0.834 4.784 9.171 
A 6.672 5.325 2.810 
A 0.780 5.152 9.067 
A 6.378 3.548 5.041 
A 6.013 3.813 2.379 
D 0.076 4.172 10.096 
D 0.751 -3.580 -2.512 
D 0.155 5.835 8.332 
A 4.571 4.659 4.983 
A -0.534 5.519 11.213 
A -0.118 5.828 7.585 
A -0.529 5.314 8.646 
D -0.075 2.952 9.163 
A -1.691 3.917 9.135 
D -0.984 2.822 12.181 
A -0.378 4.201 10.446 
A 5.655 5.927 2.797 
A -1.895 3.268 8.741 
D 0.854 -3.555 -0.734 
A 0.441 2.275 8.373 
A 1.131 3.914 9.030 
D 2.025 -0.766 -4.697 
A 5.621 4.922 2.428 
A -1.689 4.029 8.459 
A 6.316 5.803 4.708 
A 3.058 6.823 3.847 
D -0.836 3.127 8.370 
A 5.672 4.380 3.639 
A -0.132 3.313 9.586 
A 5.594 6.683 1.568 
A 5.373 6.855 5.047 
D -0.076 4.282 7.780 
D 0.463 -1.386 -2.835 
D 0.463 -2.270 -1.970 
A 3.979 6.557 3.710 
D -0.763 -2.044 -1.619 
A 5.190 6.537 4.037 
A 5.628 6.591 5.305 
A 1.416 3.237 9.761 
A 0.701 3.148 9.104 
A -0.180 4.555 9.089 
D -0.645 4.095 11.219 
A 2.063 3.965 9.093 
A -0.353 4.331 7.294 
A -1.195 3.740 9.803 
D -0.308 5.016 9.853 
A 4.832 5.879 4.241 
A -0.680 3.133 9.017 
D 0.647 1.588 9.907 
A 4.541 5.156 2.009 
D -0.031 2.879 8.101 
A 4.158 3.206 4.773 
A 0.831 2.179 9.756 
A -0.371 4.228 6.933 
A 0.710 3.838 9.771 
A -1.340 3.445 8.782 
A 0.415 5.497 8.448 
A 6.801 6.589 3.915 
A 1.156 5.171 9.251 
D 0.340 3.667 11.343 
D -0.259 3.943 8.396 
A 3.761 4.296 5.345 
A 6.031 5.665 5.330 
A 3.751 4.489 1.811 
D -0.507 4.059 12.644 
A 3.508 6.179 4.559 
D -0.328 -2.665 -0.499 
A 5.899 5.079 4.875 
A 5.528 5.134 3.924 
A 5.151 6.407 4.567 
A -0.714 3.330 8.257 
A -1.895 5.267 10.712 
A 5.094 6.165 2.943 
D -0.316 -3.574 -0.853 
A 4.604 4.057 2.908 
D -0.674 -2.558 -1.874 
A 6.841 3.114 2.676 
A 3.812 4.772 5.288 
A 5.263 4.374 2.206 
A 4.063 6.911 5.325 
D 0.743 -1.152 -1.868 
D 0.780 5.226 6.699 
A 4.650 6.939 3.376 
A 0.340 3.667 11.343 
D -0.222 4.921 8.777 
D -1.360 -1.659 -0.733 
A 3.756 5.976 1.608 
D 0.484 4.460 7.130 
D 0.662 3.013 8.100 
A 4.138 3.889 5.287 
A 0.815 1.651 8.301 
A -0.016 2.493 8.928 
A -0.427 3.284 9.079 
A -0.009 5.826 10.536 
A -0.779 3.954 9.336 
A 0.501 4.759 8.612 
A 1.485 4.096 9.652 
A 3.350 6.897 4.637 
A 1.487 4.991 8.037 
A 6.346 6.130 4.391 
A 6.801 6.564 4.031 
A -0.802 3.958 9.554 
D 1.857 -0.266 -2.245 
A -0.741 5.735 10.147 
A -0.035 3.312 10.134 
A 4.333 3.679 5.384 
A 6.395 3.905 3.132 
A 6.399 4.130 2.194 
A 3.253 3.880 4.968 
A 4.744 6.797 4.744 
A 5.201 3.122 2.059 
D -0.377 -0.193 -3.358 
A 3.187 5.139 3.865 
A 5.398 4.163 3.604 
A 0.119 3.858 9.173 
A 3.845 4.016 2.066 
D 0.183 3.954 8.661 
D -1.453 -0.348 -2.146 
A 3.226 5.760 4.317 
A 4.913 6.918 2.903 
D 0.193 -2.903 -5.033 
D 0.731 2.943 8.781 
A 0.314 4.610 8.562 
A -1.207 4.877 9.397 
A -1.404 3.352 8.579 
A 3.047 3.563 3.732 
A 6.688 5.761 1.781 
A 0.070 3.976 10.804 
A 2.797 4.986 10.669 
A 4.702 4.776 2.243 
A 5.073 5.585 3.285 
D 0.524 3.441 8.391 
A 5.088 6.320 2.035 
D -2.395 -0.457 -1.777 
A 4.328 4.523 3.281 
D 0.379 -0.932 -1.912 
A -0.601 3.239 8.543 
A -0.169 4.847 10.539 
A 0.817 4.144 7.595 
A 1.247 3.261 9.563 
A 6.035 5.294 3.043 
D 0.668 3.187 8.061 
A 0.289 3.688 9.436 
D -0.524 -1.252 -1.246 
D 2.343 -0.930 -3.815 
D -0.750 4.339 8.501 
A 3.730 4.180 3.537 
A 5.970 6.312 3.579 
A 4.612 4.735 4.269 
D -0.939 5.363 9.477 
A 3.713 3.396 3.203 
A 4.109 6.292 5.086 
D -0.619 4.096 10.069 
A -0.856 2.163 10.759 
A 5.727 4.739 2.229 
A 4.642 5.881 3.246 
A -0.210 4.185 8.241 
A -1.153 4.888 8.919 
A 0.432 4.715 9.817 
A -1.676 4.525 7.344 
A 5.063 5.377 4.901 
A 0.980 6.546 6.942 
D 0.847 5.152 10.337 
A 0.279 2.433 8.478 
A 1.113 3.281 8.605 
D -0.180 4.555 9.089 
A 4.731 6.364 2.247 
A -0.060 3.810 8.687 
D -0.537 5.115 10.839 
A 6.608 4.633 3.197 
A -0.296 6.163 10.186 
A -0.070 4.334 7.214 
A 5.379 5.148 5.123 
D -0.177 5.383 8.642 
A 0.928 3.613 9.469 
A 0.196 2.897 9.143 
A 5.900 4.731 4.010 
A 0.469 3.554 9.787 
A 4.900 6.361 5.320 
A -0.429 3.877 9.658 
A 1.402 3.770 10.024 
D -1.164 -3.270 -0.490 
A -0.732 5.256 9.403 
A 3.475 6.417 3.347 
A 0.874 5.150 8.203 
A 4.655 6.689 4.549 
A 1.369 4.882 8.109 
A 5.654 5.449 4.184 
A 3.026 5.377 2.385 
A 1.666 2.271 8.031 
A 6.712 4.765 2.946 
A -0.488 3.723 10.740 
A 0.010 3.136 7.034 
A 4.121 3.498 5.166 
A 6.904 6.612 1.989 
A 1.009 3.555 8.556 
A 4.253 5.527 3.645 
A 6.703 3.071 3.032 
A 5.515 3.718 3.484 
A 5.476 3.909 4.416 
A 6.855 4.948 3.017 
A 5.982 5.012 5.199 
A 0.889 4.155 10.181 
A 6.054 5.196 2.826 
D -0.250 3.297 10.396 
A 0.336 5.058 9.361 
A 1.151 3.827 7.850 
A 3.149 5.659 4.850 
D 0.896 -1.061 -1.064 
A 0.730 3.787 8.181 
D 0.268 -2.355 -3.034 
A -0.039 3.813 8.504 
A -0.606 3.639 10.690 
A 3.662 6.708 3.576 
A 5.852 5.395 2.427 
D 0.354 3.910 11.522 
A -0.789 6.353 8.498 
A 0.367 3.135 8.511 
D -0.582 3.639 7.562 
A 0.155 5.835 8.332 
A 4.505 6.157 1.527 
A 4.966 3.465 4.573 
A -0.424 2.493 10.880 
A 6.312 6.144 4.581 
A -0.783 4.142 8.453 
A 4.974 6.113 2.559 
A -1.349 3.176 9.002 
D -0.627 -2.596 -2.284 
A -0.223 3.444 10.170 
A -1.005 4.209 9.502 
A 5.815 4.596 5.246 
A 4.618 6.719 4.584 
A 0.698 2.872 9.026 
A 5.152 5.890 4.543 
D -0.739 5.666 10.116 
A 4.214 5.106 4.454 
A -0.533 5.829 8.441 
A 0.424 4.282 10.118 
A -0.914 5.377 9.788 
A 1.965 3.961 9.368 
D -0.666 3.213 8.887 
A 3.128 4.966 1.765 
A -1.118 4.476 10.406 
A 6.209 5.482 3.351 
D 0.308 5.976 9.780 
A 6.390 6.627 4.563 
D -0.569 -3.057 -3.406 
A 3.167 6.547 2.664 
A -0.971 2.688 9.801 
A 3.431 6.109 2.741 
A 5.305 3.019 2.421 
D -2.370 -2.518 -0.530 
A 3.209 3.307 3.855 
D -0.210 3.934 9.835 
A 4.129 6.686 4.383 
A 6.959 5.996 1.987 
D -1.846 0.013 -1.305 
A 6.489 5.080 4.388 
D 0.643 -2.254 -3.589 
A 4.997 5.937 2.207 
A 0.169 3.804 9.793 
A 0.706 2.618 10.359 
A 4.730 5.490 4.644 
D -0.789 6.353 8.498 
A 1.140 4.158 7.875 
A 5.226 5.935 5.138 
A 5.936 4.684 5.362 
A -0.572 4.680 8.725 
A 3.120 6.263 2.856 
A 0.344 4.357 8.689 
A 5.818 6.468 1.516 
A 5.496 6.034 4.070 
A 3.048 5.705 5.277 
A 5.858 3.682 2.596 
A 4.156 5.836 3.783 
D -0.954 -1.609 -1.333 
A -2.057 4.706 9.744 
A 3.218 3.754 2.327 
D 0.756 -1.938 -1.580 
A 5.936 6.478 4.835 
A 3.007 5.500 3.649 
A -0.706 3.990 10.116 
A -0.323 3.227 8.303 
A -0.087 5.161 7.625 
A 4.225 4.846 3.327 
A -0.838 4.182 9.650 
D -0.080 3.973 7.601 
A 4.912 6.187 4.859 
D 0.286 -1.368 -3.916 
A 4.789 4.309 3.641 
A 0.520 5.025 8.725 
A 3.023 3.900 3.796 
A 4.454 6.226 2.862 
A 4.248 5.502 2.690 
A 1.661 3.262 7.910 
A 0.183 3.954 8.661 
A 4.861 3.775 3.869 
D -0.008 3.412 10.142 
D -0.243 5.180 9.757 
A 4.123 3.352 4.148 
A -1.005 3.731 9.568 
D 0.680 -2.087 -2.667 
D -0.780 2.676 9.124 
D 0.446 5.624 7.684 
D -0.841 -1.460 -1.794 
A -0.208 2.390 7.131 
A 6.098 4.964 3.631 
D -0.178 -1.023 -2.989 
A 4.920 6.428 1.583 
A 0.410 3.418 8.975 
A 0.526 3.381 8.527 
D 0.097 -0.526 -1.830 
D -0.940 5.156 10.801 
A 4.685 4.342 2.547 
D 0.666 4.518 8.148 
A 4.139 4.478 1.934 
A 3.912 6.344 2.867 
A 1.629 3.672 8.489 
A 1.900 6.291 10.781 
A 4.475 5.760 5.299 
A 6.279 6.382 2.308 
A -0.551 3.839 6.702 
D -0.616 4.285 10.731 
A 1.799 2.497 9.146 
D 0.203 2.853 9.651 
D -0.909 -1.572 -1.339 
A 6.970 3.459 1.584 
A -1.014 1.727 8.886 
A 4.276 3.028 5.291 
A -0.754 2.691 10.490 
A -0.578 4.956 9.556 
D 0.232 3.417 9.270 
A 5.424 6.788 2.273 
A 0.884 3.962 9.564 
A 0.744 2.883 8.899 
A 6.383 6.031 2.329 
A 3.932 4.189 1.894 
D 0.629 -1.073 -2.310 
D -2.031 -0.798 -0.856 
A -0.477 5.073 9.157 
A 3.167 4.515 3.925 
D 0.561 4.812 9.112 
D 0.065 3.861 9.129 
A 4.609 4.817 4.419 
A 4.451 3.572 3.945 
D -0.429 4.938 8.767 
A 4.132 3.986 1.917 
A 5.586 6.985 2.777 
D -0.043 -0.434 -1.182 
A 3.918 6.213 3.254 
D -0.677 2.983 8.608 
A 6.057 3.910 4.402 
D -0.971 2.688 9.801 
A 4.377 3.119 4.897 
D 0.681 -2.842 -2.945 
A 6.127 6.447 2.034 
D 0.735 3.801 9.917 
A 0.073 3.789 9.874 
A 3.463 5.535 1.923 
A -1.030 4.389 10.232 
A -0.232 3.969 9.710 
A -0.176 2.810 9.129 
A 4.838 4.799 3.150 
A 1.250 3.057 8.693 
A 5.849 5.539 5.462 
A 0.598 1.905 9.646 
D 0.664 5.125 8.593 
D -0.700 -2.524 -3.285 
D -1.391 -3.154 0.070 
A 6.288 5.674 4.113 
A 3.989 4.526 4.322 
A 0.174 4.655 8.627 
D -0.706 3.990 10.116 
A -0.076 4.574 6.906 
A 6.627 5.902 3.390 
A -0.334 2.431 9.115 
D 0.837 3.501 8.120 
D -1.006 -0.841 -2.518 
A 1.390 2.274 8.377 
D -0.310 2.725 7.536 
D -0.573 -1.725 -1.350 
D 3.049 -0.833 -2.030 
A 0.146 2.732 8.767 
A 3.600 6.517 3.945 
A 3.899 5.367 2.041 
A 6.598 4.636 3.748 
D -0.120 -2.413 -3.234 
A -1.667 5.404 9.077 
D -1.315 -0.839 -3.372 
A -0.908 5.118 8.767 
A 5.040 6.447 4.731 
A 4.078 5.791 3.734 
A 0.173 2.354 8.751 
A -0.036 6.615 8.923 
A 5.006 6.658 2.959 
D -0.837 3.610 8.347 
A 0.627 3.117 8.214 
D 0.701 3.148 9.104 
A 3.579 6.494 3.034 
D 0.415 5.865 7.948 
A 5.060 3.925 3.413 
A 4.852 4.854 1.518 
D 2.399 -0.245 -2.343 
A 4.478 3.378 1.723 
A 3.345 4.258 4.376 
D -0.210 4.185 8.241 
D -0.406 -0.647 -0.606 
A 4.851 3.110 2.999 
A -1.650 5.137 10.344 
A 6.069 6.581 4.185 
A -0.855 4.174 8.749 
A 4.053 4.485 5.118 
A 0.628 4.205 8.832 
D -0.429 3.877 9.658 
D 1.339 -0.572 -2.884 
A 3.693 5.270 4.825 
D 0.735 -1.735 -2.914 
A 3.827 6.899 3.412 
A 6.749 5.819 4.956 
A 4.501 6.211 3.514 
A 0.901 5.004 9.600 
D -2.134 -1.982 -0.747 
D -0.277 -2.048 -1.725 
A 4.283 6.333 1.692 
D -0.159 -2.770 -1.462 
D -0.187 -1.714 -1.795 
A -0.454 3.513 11.141 
D -0.680 3.133 9.017 
A 3.938 6.177 4.212 
A 3.147 5.352 3.425 
A 1.605 5.226 9.038 
A -0.195 4.197 9.478 
D 0.817 -4.083 -4.100 
A -1.940 4.397 9.682 
D 0.928 3.613 9.469 
D -0.223 3.444 10.170 
A 5.011 3.193 4.615 
D -1.613 -0.727 0.860 
A 6.605 5.847 1.737 
A 0.420 4.427 7.164 
A 5.420 3.776 4.490 
A 1.245 3.727 8.936 
A 0.419 2.671 10.582 
A 0.242 3.981 9.635 
A 5.678 6.017 3.516 
D 0.430 5.848 10.530 
A -0.542 4.398 9.855 
A 5.505 3.925 2.838 
A 0.552 2.861 9.638 
D 0.146 2.732 8.767 
D -1.248 -1.860 -0.862 
A 5.890 3.939 3.361 
A 5.381 4.202 5.331 
A 6.115 5.457 2.253 
A 1.598 4.034 8.576 
A 3.861 5.577 1.552 
D 0.165 4.258 9.400 
A 4.004 3.215 2.620 
A 3.437 6.536 4.344 
A 5.989 4.248 4.042 
D -0.721 4.076 9.584 
D 1.928 -0.461 -4.539 
A -0.983 4.571 9.049 
A 4.195 4.757 1.676 
A 5.866 4.394 3.580 
A 3.636 3.976 3.072 
A 4.227 3.246 2.970 
A 3.785 3.153 4.432 
A -0.207 4.405 9.026 
D -0.026 3.357 9.005 
A 3.400 5.021 5.226 
A 3.099 5.009 1.603 
A 3.351 6.807 5.019 
A 0.723 4.672 8.385 
A -0.368 3.274 7.329 
A -0.820 3.884 8.707 
A -0.557 4.902 10.389 
A 5.015 5.465 1.655 
A 6.019 4.223 4.320 
A 6.940 6.825 1.927 
A 4.300 4.222 3.900 
A 3.400 5.373 3.149 
A 4.163 5.871 2.657 
A 6.791 3.650 1.808 
A 6.231 3.596 2.499 
A -0.739 5.666 10.116 
A 2.200 3.825 8.602 
D -0.917 5.692 9.783 
D 0.223 -2.958 -1.615 
A 4.084 6.860 2.630 
D 0.963 4.907 9.513 
A -0.218 4.253 10.233 
A 3.074 6.366 5.366 
A 5.429 4.486 1.575 
D -0.303 3.429 8.964 
A 4.161 5.021 3.323 
A 3.497 4.503 5.325 
A 3.301 6.887 1.691 
A 1.115 4.461 8.094 
A -1.026 2.826 8.080 
A -0.436 4.634 8.576 
A 3.253 6.071 5.337 
A 0.318 5.682 10.840 
D 0.372 2.275 7.859 
A 0.837 3.501 8.120 
A 5.388 5.299 5.327 
A 6.202 3.891 5.220 
A 1.602 3.535 8.977 
D -0.983 0.246 -3.080 
A 4.283 5.993 2.291 
A 3.913 6.178 3.218 
D 0.475 3.643 8.131 
D 2.114 -2.929 -0.716 
D 2.366 -0.214 -3.320 
D -0.741 5.735 10.147 
D 0.165 5.051 9.753 
D 2.440 -0.549 -4.584 
A 4.561 3.704 2.506 
A 5.535 6.082 4.675 
D 0.714 3.264 6.988 
D -1.943 -0.957 -2.100 
A 6.834 6.887 4.330 
D 0.077 3.074 9.313 
A 6.978 6.406 2.370 
A -0.896 3.187 9.059 
A 3.779 5.756 3.289 
A 5.445 6.491 1.814 
D 0.359 3.451 8.439 
D -0.467 3.322 8.548 
A 6.974 4.384 3.612 
A 6.311 5.046 2.149 
A 3.823 4.190 5.120 
A -0.740 4.075 9.002 
A 3.298 5.084 4.051 
A 1.346 2.947 10.269 
A 5.565 4.394 2.202 
A 4.900 4.238 1.518 
A 6.750 5.665 1.718 
A 3.704 5.627 2.345 
A 5.373 4.325 2.803 
A 5.267 5.353 5.484 
A 3.400 3.305 5.138 
D 0.505 -2.921 -2.648 
A -0.164 3.452 9.615 
A 5.484 4.086 2.231 
D 0.843 4.554 10.172 
A 6.236 5.533 2.946 
D -0.627 -2.758 -2.568 
A 3.473 3.149 3.557 
A 3.183 5.505 2.194 
A -0.938 2.294 10.114 
D 3.642 -0.516 -3.177 
A -1.021 4.061 10.040 
A 4.621 5.722 3.608 
A 6.819 4.796 3.117 
A 5.043 4.506 5.286 
A -1.000 5.627 9.805 
A -0.168 4.465 8.663 
A 6.232 3.806 4.708 
A 5.292 3.201 1.651 
D -0.999 -1.513 -1.357 
D 2.945 0.108 -3.527 
A 4.113 5.881 2.822 
A 3.150 6.939 4.777 
A 6.862 6.055 4.513 
D 2.052 -0.046 -3.877 
A 5.798 5.516 4.773 
A -0.856 4.332 9.970 
A -0.331 2.049 9.768 
A 4.223 4.290 4.926 
A 5.848 4.669 1.967 
A 4.149 3.392 4.477 
A 5.089 5.521 4.131 
A 4.426 3.987 3.075 
A 0.656 5.902 9.304 
D 0.706 -2.873 -2.898 
A 6.365 6.136 3.799 
A -1.158 4.420 8.785 
A 5.186 5.187 1.649 
A 3.492 6.561 4.974 
A 5.324 4.852 4.348 
A -0.236 4.120 8.195 
A 5.320 5.069 3.788 
A 3.930 4.417 4.233 
A 3.905 5.128 4.232 
D 0.469 3.554 9.787 
A 3.989 5.059 4.671 
D -0.472 -2.956 -2.336 
A 0.536 4.238 8.170 
D 0.971 3.155 8.929 
A -0.783 4.566 7.948 
D -0.642 -0.997 -2.066 
A 4.383 5.369 1.839 
D 0.175 3.592 9.816 
D -0.331 2.049 9.768 
A 0.561 4.587 7.878 
A 0.847 5.152 10.337 
D 0.385 -1.047 -0.248 
A -0.113 3.199 9.280 
A -1.861 3.172 10.335 
A -1.668 5.489 8.129 
A 4.736 6.996 1.820 
A 4.051 3.096 3.589 
A 5.722 4.735 1.750 
D -1.875 -2.684 -0.564 
A 1.163 5.024 9.609 
A 1.594 5.220 8.949 
A 0.533 3.709 9.929 
A 6.988 6.084 2.934 
A 6.879 5.653 1.666 
A 3.132 3.195 3.413 
A 4.929 6.319 4.518 
A 7.000 4.448 5.139 
A -0.914 2.557 9.158 
A -0.214 4.864 7.072 
D 0.126 3.579 9.456 
A 5.130 5.784 4.242 
A 6.872 6.488 3.854 
D -0.359 2.731 8.267 
A 0.505 3.508 8.575 
A 6.520 5.041 3.768 
D -0.839 4.582 10.055 
A 4.151 5.179 2.356 
A 6.131 4.337 2.788 
A 1.159 3.688 9.764 
A -1.123 2.557 9.470 
D -0.936 7.429 9.678 
A 0.195 5.014 7.131 
D 1.689 0.111 -3.551 
A 4.564 4.222 1.648 
A 0.585 4.274 7.869 
A 3.763 4.544 5.370 
D 0.955 3.653 7.705 
D -0.130 -3.394 -2.394 
D 1.309 -0.924 -2.707 
A 5.778 6.279 5.346 
A -1.769 5.224 8.924 
A 4.339 4.250 5.459 
D -0.264 4.345 9.244 
A -0.990 3.755 9.455 
A -1.839 5.062 9.242 
D 1.771 -1.000 -3.447 
A 5.152 4.512 1.527 
D -0.602 2.395 7.298 
D 4.353 -0.617 -1.313 
D -0.680 4.241 7.552 
A 2.912 5.342 9.702 
A 3.198 6.287 4.274 
A 3.997 6.702 1.891 
A 5.208 4.360 1.888 
A 5.142 4.379 3.544 
D -1.567 -0.926 -1.248 
A 5.022 6.277 4.563 
A 5.570 6.321 2.315 
A 0.202 3.634 7.850 
D -0.298 4.505 8.380 
A 6.902 6.995 4.307 
A -0.417 4.000 8.171 
A -0.816 4.667 10.530 
D 0.262 -2.278 -2.916 
A 5.152 5.059 4.633 
D -0.092 -1.595 -3.935 
D -0.328 5.394 8.910 
A 3.599 5.532 1.520 
A 3.160 3.645 2.966 
A -0.298 3.912 7.218 
D -0.045 -3.644 -2.313 
A -0.824 4.586 8.762 
A 1.013 3.160 9.500 
A -0.549 3.592 5.524 
A -1.431 5.930 8.704 
A 5.926 4.401 2.855 
D -0.469 -1.245 0.297 
A 0.329 4.846 9.977 
A 1.120 1.687 9.421 
A 6.667 6.317 1.528 
A 0.442 4.915 9.663 
A 4.798 5.328 2.965 
A -0.748 3.522 10.492 
A 6.537 4.526 3.903 
D -0.816 4.667 10.530 
D 0.977 3.897 10.901 
D 0.729 2.761 11.123 
A 3.257 4.137 4.666 
A 1.327 4.648 8.521 
D -0.310 4.594 8.081 
A 4.019 3.186 1.825 
A 3.900 4.760 1.554 
A 3.994 3.588 2.079 
D 0.353 -2.170 -3.490 
A 3.307 3.493 2.938 
D -0.355 -2.763 -2.431 
A 0.714 1.925 8.326 
A 5.579 6.845 2.528 
A 6.890 6.775 2.607 
A -0.988 3.816 10.641 
A 5.908 6.656 3.559 
A -0.532 3.532 8.719 
A 6.860 4.525 2.038 
A -0.167 2.165 9.088 
D 0.695 5.413 10.165 
A 5.124 4.022 2.055 
A 4.237 6.608 1.868 
A 6.957 4.567 3.898 
A -0.278 3.286 7.468 
A -0.282 3.750 7.870 
A 3.849 6.699 2.581 
A 0.824 5.732 9.984 
A 6.995 6.181 2.762 
A -1.037 2.047 8.902 
A 1.171 5.111 10.979 
A 6.910 3.235 5.183 
A -0.620 5.149 9.754 
A 1.014 4.283 9.759 
A 5.870 4.838 1.587 
D -0.147 -3.326 0.399 
A 4.543 3.167 4.963 
A 4.974 6.989 2.796 
A 3.585 6.712 4.265 
A 0.146 2.492 10.358 
A -0.945 4.454 8.243 
D 0.446 3.050 8.559 
A 4.650 4.229 2.535 
D -0.228 -2.746 -3.463 
A -0.068 4.912 7.267 
D -0.892 -2.125 -2.761 
D -0.532 -3.515 -2.163 
A -0.080 3.973 7.601 
D 0.398 4.412 8.876 
A 5.031 6.603 5.381 
D 0.219 -2.114 -1.246 
A -0.040 2.501 9.961 
A 4.930 5.234 2.022 
A 1.208 2.956 8.893 
D -0.337 -1.325 -4.805 
A 4.108 6.237 1.746 
A 0.521 2.403 7.411 
D 0.244 0.420 -1.711 
D -1.577 -0.607 -1.747 
D -0.902 3.895 11.197 
D 0.142 -2.090 -1.373 
A 6.539 5.111 3.288 
A 6.723 6.021 1.849 
A 5.420 6.386 2.010 
A -1.482 4.854 9.988 
D -0.563 -1.606 -3.263 
D -0.733 2.781 11.503 
D -0.371 4.228 6.933 
A 0.023 3.330 8.387 
A 3.633 3.160 2.173 
D -0.830 -2.131 -0.351 
A 4.794 5.908 3.509 
A -0.250 3.297 10.396 
A 6.686 6.085 4.048 
A 4.034 6.343 2.634 
A 3.426 3.870 4.913 
A 0.105 3.991 10.021 
D -0.220 2.986 10.666 
A 3.912 3.873 1.799 
A -1.395 5.488 7.237 
D 0.738 -1.663 -3.596 
A -1.136 1.962 10.188 
A 4.795 3.356 5.322 
A -0.123 3.906 9.358 
A 3.899 6.041 3.119 
A 5.502 6.105 3.524 
A 6.789 5.848 4.442 
D -0.510 -1.542 -1.125 
A -0.598 5.010 9.101 
D 0.199 5.800 10.146 
D -0.215 3.115 6.821 
A -0.427 4.540 6.917 
A 4.819 4.460 1.749 
A 6.224 4.258 4.849 
A 0.729 2.761 11.123 
D 0.223 -1.236 -4.606 
A 0.260 3.632 7.663 
D 0.624 4.960 8.865 
A 4.933 6.920 3.457 
A 5.782 4.323 3.225 
A 6.082 4.202 3.348 
A 1.398 2.803 6.766 
A 4.009 6.930 4.968 
A 3.961 5.010 4.971 
A 5.707 4.604 2.854 
D 0.780 5.152 9.067 
A 0.872 4.909 8.506 
A 0.582 3.861 9.318 
A 6.500 6.744 4.805 
D 2.034 -0.812 -3.025 
A 5.693 3.709 1.753 
A 3.527 4.899 5.263 
A -1.475 3.933 9.530 
A 5.388 4.223 3.897 
A -1.015 4.066 8.058 
A -1.444 4.701 8.265 
A 4.805 4.905 4.387 
A 0.407 5.460 7.355 
A 3.711 3.624 2.567 
A 3.498 3.648 4.147 
A 6.613 4.355 5.484 
D -0.080 -2.363 -4.671 
D -0.417 4.000 8.171 
A 3.252 4.735 3.431 
A 6.572 3.318 4.384 
A 1.726 3.324 9.546 
A 3.791 4.484 1.569 
A -0.618 5.106 8.824 
A 0.165 4.258 9.400 
A -0.986 5.261 9.548 
D -0.811 -1.866 -0.235 
A 4.210 3.594 3.670 
D -0.143 3.081 8.436 
A 3.063 4.332 3.244 
D 0.676 -3.056 -2.268 
D 0.648 1.788 9.882 
A 1.959 4.530 8.432 
A 6.963 5.749 5.480 
A 4.699 6.428 1.849 
A 3.926 4.156 2.909 
A 4.226 5.579 1.767 
A -0.878 3.428 9.260 
A -0.058 3.432 9.129 
A 6.576 5.586 2.359 
A 3.157 4.360 4.423 
A 6.121 6.085 3.160 
A -0.916 4.923 10.404 
A 5.043 3.539 4.300 
A -0.155 4.374 10.602 
A 2.264 5.340 10.104 
A 6.976 3.226 4.642 
A 6.478 6.525 3.567 
A 4.552 3.067 1.516 
A 0.955 3.653 7.705 
A 6.819 6.184 5.183 
A 3.029 3.248 4.281 
A 4.799 3.485 3.627 
A 6.756 6.497 1.909 
D -0.756 -1.449 -3.428 
A 3.877 4.985 3.959 
A -0.047 4.769 9.695 
D -0.983 4.571 9.049 
A 3.132 4.173 4.133 
A 0.695 5.413 10.165 
A 0.145 4.717 8.157 
D -0.070 -1.447 -2.927 
A 0.384 3.620 6.934 
A 5.515 5.094 4.740 
D 0.751 4.952 8.810 
A 5.216 3.503 2.813 
A -1.712 4.073 7.548 
A 6.687 5.656 2.472 
D 0.831 -0.965 -4.722 
A 4.671 3.673 4.909 
D 0.731 -3.306 -2.382 
A 6.934 3.776 1.942 
A 4.572 5.380 2.102 
A -1.466 3.944 8.197 
A 4.387 5.324 4.282 
A 3.294 6.660 5.193 
A 3.292 6.963 5.456 
A 0.475 3.643 8.131 
A 3.339 3.903 4.170 
A -1.380 2.768 9.216 
D -0.841 3.022 9.442 
D 0.831 2.179 9.756 
A 5.920 6.566 3.012 
D -0.924 -2.950 -1.101 
A 1.535 2.890 8.542 
A 0.481 3.029 8.681 
A 6.261 4.685 4.171 
A 0.507 3.602 7.267 
A -0.265 4.358 9.243 
A -0.044 3.182 9.659 
A 0.899 4.926 9.213 
D 3.572 0.110 -2.757 
D -0.265 4.358 9.243 
A 6.456 4.701 5.297 
A 0.600 2.611 8.204 
D 0.212 -1.314 -1.722 
A 3.634 4.797 5.397 
A -0.638 4.465 10.873 
A 5.535 6.093 4.749 
D 0.098 -2.898 -2.754 
A 3.233 6.135 3.151 
A 3.155 5.373 4.644 
A -0.397 3.358 9.174 
A -0.962 3.909 8.820 
A -0.533 4.963 9.401 
D 0.773 -1.865 -3.901 
D 0.348 -2.659 -1.146 
A -1.156 3.854 9.174 
D -0.626 2.798 8.956 
A 5.483 6.941 4.201 
A 0.653 3.117 7.644 
A 3.838 3.109 4.664 
A 6.578 5.492 5.451 
A 6.755 3.746 3.433 
D 0.963 4.045 9.064 
D -0.382 -3.161 -1.223 
A 3.867 4.968 3.778 
A -0.467 3.322 8.548 
A 3.586 6.488 3.050 
A -1.009 4.990 10.902 
D -0.568 3.885 9.767 
A 3.639 4.767 3.501 
D -0.091 -1.498 -2.825 
D 0.208 -3.046 -1.701 
D -0.982 -0.551 -2.218 
D -0.144 -2.617 -3.041 
D 3.810 -0.711 -3.088 
A 5.243 5.660 2.452 
A 3.814 4.529 4.311 
D -0.529 6.924 10.327 
A 6.766 5.280 5.312 
A 3.984 3.530 3.939 
A 3.949 3.672 2.949 
D 0.582 2.058 8.016 
D -0.973 -1.276 -3.644 
A 0.244 4.451 8.123 
D 0.370 5.601 6.890 
A -0.616 3.472 8.843 
A 4.290 4.520 3.732 
D -0.802 -2.436 -3.670 
A 6.905 6.151 4.557 
A 3.240 4.305 3.646 
A 4.631 4.658 1.537 
A 4.402 5.187 3.728 
A -0.051 1.306 9.022 
D -0.937 -1.364 -4.276 
D 0.697 4.660 8.961 
D 0.836 2.499 9.799 
A 3.616 4.292 2.251 
A 5.238 3.743 1.846 
A 3.498 5.224 5.480 
D -0.040 2.501 9.961 
A 4.383 3.651 2.178 
D 0.335 -2.122 -1.432 
A 4.954 3.153 3.003 
A 4.081 6.022 3.576 
A 0.530 4.353 7.975 
A 3.682 3.787 4.711 
A 0.437 3.599 7.853 
A -0.814 2.944 8.191 
A 5.068 6.151 2.655 
D -0.289 3.673 8.713 
A 6.082 6.117 2.421 
A 0.199 3.727 7.308 
A 5.142 3.732 2.430 
D -1.631 -1.578 -0.600 
A -0.161 4.175 9.601 
A 0.446 3.050 8.559 
A 0.630 4.971 7.171 
A 6.299 6.085 3.498 
D -0.429 4.608 10.952 
D -0.134 -2.524 -3.032 
D -0.255 4.234 6.145 
D -0.167 5.268 8.837 
A -0.778 5.489 8.759 
A 5.405 3.921 2.176 
A -0.143 3.509 8.632 
A 2.085 3.689 6.089 
A 0.319 6.262 10.505 
D -0.282 -1.084 0.492 
A 0.836 2.499 9.799 
A -0.317 2.866 9.076 
D -0.578 4.956 9.556 
A 2.123 5.434 7.767 
D -0.544 3.989 9.967 
A 4.637 5.456 4.275 
A -0.187 3.806 9.985 
A 6.349 5.552 1.518 
D 1.286 0.615 -3.668 
A 3.925 4.017 3.584 
A 3.697 6.240 2.781 
A 0.646 4.140 8.695 
A -1.375 3.557 8.779 
A 0.780 5.226 6.699 
D -0.075 -1.952 -2.588 
A 0.731 2.943 8.781 
A 5.751 3.246 2.203 
D 0.067 4.778 7.953 
D -0.338 4.457 10.341 
A 0.970 4.744 7.701 
A 4.045 6.805 1.670 
D -0.533 -1.934 -4.030 
A 0.702 4.974 9.376 
A 4.186 5.399 5.035 
D -0.576 -1.610 -3.070 
