2000 2
42.876 -78.799
42.900 -78.850
42.949 -78.785
43.094 -78.957
43.032 -78.882
43.086 -78.991
43.124 -79.043
42.947 -78.730
42.945 -78.868
43.040 -78.874
42.875 -78.862
42.920 -78.792
42.909 -78.814
42.961 -78.898
42.899 -78.875
43.080 -78.960
43.035 -78.866
43.112 -79.056
43.099 -78.944
42.872 -78.791
43.079 -78.958
42.865 -78.822
43.076 -78.969
43.080 -78.981
42.864 -78.823
43.049 -78.877
43.083 -79.044
42.902 -78.865
42.878 -78.873
42.783 -78.747
42.920 -78.873
43.024 -78.778
43.102 -79.043
43.036 -78.827
43.088 -79.058
42.751 -78.817
43.057 -78.833
43.023 -78.966
43.041 -78.877
43.092 -79.036
43.047 -78.992
42.786 -78.772
42.949 -78.819
42.830 -78.824
42.873 -78.841
42.889 -78.873
43.022 -78.856
42.762 -78.812
42.991 -78.716
42.866 -78.868
42.979 -78.784
42.886 -78.874
42.898 -78.854
42.963 -78.725
42.898 -78.806
42.886 -78.870
42.910 -78.807
43.087 -79.022
42.859 -78.811
42.967 -78.804
42.833 -78.854
43.139 -78.934
43.089 -78.892
42.793 -78.756
42.862 -78.825
42.940 -78.891
42.983 -78.796
42.789 -78.762
43.002 -78.814
42.897 -78.713
42.958 -78.910
43.083 -79.023
42.913 -78.860
42.873 -78.864
42.797 -78.818
43.121 -78.954
42.885 -78.850
43.089 -78.963
42.907 -78.905
43.086 -78.733
42.808 -78.765
43.133 -79.047
42.905 -78.874
42.922 -78.880
42.911 -78.864
42.851 -78.809
42.864 -78.794
42.989 -78.815
42.932 -78.839
42.804 -78.796
42.917 -78.829
42.829 -78.769
42.833 -78.782
42.951 -78.826
42.995 -78.786
43.014 -78.769
43.098 -78.976
42.756 -78.887
42.905 -78.896
42.901 -78.814
42.988 -78.887
42.905 -78.878
42.922 -78.832
42.989 -78.823
42.809 -78.719
42.899 -78.871
43.022 -78.922
42.941 -78.822
42.889 -78.876
42.935 -78.904
42.768 -78.816
43.078 -78.960
42.904 -78.851
43.017 -78.946
43.018 -78.788
42.903 -78.863
42.940 -78.841
42.891 -78.878
42.847 -78.821
42.889 -78.881
42.915 -78.897
42.982 -78.789
43.068 -78.780
43.096 -78.941
42.938 -78.892
42.727 -78.813
43.002 -78.734
42.881 -78.878
43.036 -78.825
43.092 -79.046
42.915 -78.709
42.728 -78.820
43.094 -79.058
42.801 -78.744
43.057 -78.890
42.828 -78.753
42.899 -78.863
42.740 -78.794
43.126 -79.041
42.886 -78.872
43.043 -78.889
42.906 -78.887
42.883 -78.858
42.971 -78.851
42.920 -78.885
43.001 -78.965
42.891 -78.890
42.902 -78.702
43.153 -79.044
43.121 -78.987
42.785 -78.785
42.992 -78.801
42.970 -78.871
43.132 -79.041
42.898 -78.877
43.091 -78.963
43.126 -79.037
42.933 -78.846
43.086 -78.982
42.876 -78.843
43.024 -78.863
42.904 -78.871
42.755 -78.816
43.034 -78.701
43.005 -78.773
43.084 -78.976
43.123 -79.000
42.889 -78.868
42.962 -78.858
42.978 -78.853
43.100 -78.934
42.715 -78.965
43.131 -79.018
42.886 -78.877
43.113 -78.975
43.039 -78.744
42.886 -78.886
43.082 -79.052
43.045 -78.860
43.109 -79.058
42.768 -78.824
42.833 -78.792
42.902 -78.872
42.900 -78.900
42.941 -78.875
43.049 -78.710
42.936 -78.709
42.932 -78.900
42.952 -78.909
43.008 -78.927
43.081 -79.000
43.090 -79.058
42.881 -78.864
42.948 -78.784
42.981 -78.865
42.998 -78.936
43.052 -78.871
43.073 -78.944
42.911 -78.846
42.835 -78.701
42.932 -78.897
43.093 -79.023
42.903 -78.886
42.900 -78.790
42.978 -78.814
43.065 -78.857
42.832 -78.807
43.122 -79.040
42.783 -78.767
42.939 -78.800
42.898 -78.845
42.731 -78.826
43.017 -78.832
43.055 -78.967
42.892 -78.866
43.020 -78.752
43.154 -79.038
42.919 -78.716
43.023 -78.708
42.888 -78.802
42.981 -78.818
42.741 -78.911
43.014 -78.863
42.986 -78.873
42.850 -78.790
42.922 -78.849
42.888 -78.875
42.813 -78.752
43.054 -78.892
42.915 -78.821
42.878 -78.801
43.099 -79.034
42.880 -78.703
42.903 -78.892
42.869 -78.787
42.882 -78.871
42.996 -78.863
43.107 -79.049
42.751 -78.853
42.781 -78.824
42.890 -78.866
42.959 -78.865
42.858 -78.831
43.033 -78.874
42.935 -78.851
42.948 -78.865
42.935 -78.814
42.917 -78.843
43.011 -78.855
42.762 -78.793
42.936 -78.898
42.784 -78.850
42.859 -78.834
42.879 -78.876
42.793 -78.820
43.089 -78.974
42.920 -78.877
42.745 -78.805
42.931 -78.835
42.882 -78.881
42.922 -78.844
43.173 -79.033
42.911 -78.843
43.100 -79.027
42.708 -78.908
42.937 -78.895
42.798 -78.752
42.807 -78.809
42.911 -78.867
43.086 -79.020
42.929 -78.874
43.012 -78.818
42.782 -78.835
42.840 -78.761
43.121 -78.966
43.127 -79.030
43.030 -78.768
42.811 -78.757
42.756 -78.747
42.909 -78.898
42.896 -78.880
42.951 -78.725
43.024 -78.873
43.073 -78.858
42.962 -78.919
43.097 -79.050
42.935 -78.900
42.887 -78.880
43.102 -79.052
42.774 -78.768
43.089 -78.866
43.087 -79.052
43.019 -78.861
42.902 -78.879
42.918 -78.868
43.089 -79.063
42.892 -78.846
43.094 -79.020
43.074 -78.945
42.854 -78.760
42.929 -78.833
42.911 -78.880
43.055 -78.804
42.935 -78.878
42.984 -78.951
42.867 -78.839
43.189 -78.930
43.130 -79.012
42.749 -78.761
42.801 -78.847
42.991 -78.838
43.150 -79.039
42.858 -78.825
42.708 -78.966
43.026 -78.880
43.108 -78.987
42.885 -78.874
42.844 -78.844
42.915 -78.868
42.830 -78.788
42.920 -78.895
42.904 -78.898
43.108 -79.055
42.881 -78.875
42.968 -78.809
42.752 -78.833
42.828 -78.821
43.018 -78.801
42.884 -78.854
43.087 -79.000
42.872 -78.851
43.175 -78.998
43.018 -78.752
42.884 -78.877
42.730 -78.749
42.896 -78.886
42.782 -78.752
42.772 -78.823
42.984 -78.958
43.055 -78.899
42.923 -78.825
43.089 -79.048
42.938 -78.890
43.007 -78.945
43.035 -78.881
42.869 -78.837
42.991 -78.818
42.874 -78.818
42.909 -78.870
42.865 -78.863
42.876 -78.806
43.001 -78.818
43.004 -78.921
42.730 -78.832
43.049 -78.989
42.887 -78.876
43.079 -78.969
42.938 -78.817
42.718 -78.904
42.980 -78.803
42.821 -78.772
42.899 -78.870
42.727 -78.774
42.733 -78.706
42.970 -78.725
42.996 -78.795
42.766 -78.785
42.828 -78.802
42.941 -78.854
43.027 -78.874
43.107 -79.018
42.884 -78.791
42.751 -78.740
42.797 -78.826
42.879 -78.870
42.834 -78.789
42.744 -78.865
42.788 -78.791
42.980 -78.964
42.844 -78.759
42.886 -78.844
43.022 -78.875
42.854 -78.819
42.944 -78.897
43.012 -78.781
42.887 -78.854
42.830 -78.775
42.945 -78.791
42.906 -78.895
43.095 -79.060
43.135 -79.012
43.109 -79.049
42.873 -78.802
42.742 -78.748
42.763 -78.863
42.892 -78.701
42.875 -78.798
43.092 -79.050
43.036 -78.872
43.098 -78.967
43.003 -78.905
42.947 -78.791
43.096 -79.008
42.853 -78.826
42.915 -78.860
42.980 -78.810
43.094 -79.057
43.042 -78.859
42.922 -78.856
42.981 -78.830
42.945 -78.844
42.949 -78.905
42.882 -78.870
42.877 -78.854
43.103 -78.909
42.970 -78.959
43.086 -79.023
42.804 -78.806
43.122 -78.937
43.140 -78.970
43.176 -79.046
42.892 -78.863
42.870 -78.781
42.758 -78.828
42.906 -78.872
42.811 -78.796
42.927 -78.899
42.755 -78.762
42.943 -78.721
42.764 -78.756
43.019 -78.797
42.899 -78.873
43.090 -79.019
43.055 -78.833
43.000 -78.882
42.964 -78.794
43.029 -78.869
43.078 -78.976
43.150 -79.034
42.851 -78.816
42.920 -78.900
42.961 -78.814
43.086 -78.901
43.010 -78.772
42.895 -78.849
42.879 -78.882
42.789 -78.832
42.927 -78.874
43.036 -78.984
43.045 -78.825
42.792 -78.847
42.789 -78.831
42.982 -78.725
42.895 -78.893
43.021 -78.880
42.959 -78.847
42.759 -78.746
43.030 -78.822
42.922 -78.894
42.877 -78.870
43.046 -78.752
42.996 -78.706
42.933 -78.785
43.108 -78.989
43.118 -79.011
42.953 -78.788
42.991 -78.923
43.089 -79.040
42.899 -78.890
42.994 -78.853
42.792 -78.793
42.978 -78.911
42.887 -78.872
43.041 -79.006
43.035 -78.732
42.988 -78.884
42.958 -78.823
42.974 -78.959
42.896 -78.873
43.170 -79.023
43.024 -78.764
42.828 -78.795
42.802 -78.811
42.718 -78.814
43.101 -78.921
43.102 -78.907
42.839 -78.723
43.035 -78.756
43.084 -78.879
43.090 -79.022
42.911 -78.841
43.091 -79.053
43.151 -79.040
43.184 -78.953
42.857 -78.827
43.069 -78.929
42.994 -78.928
42.988 -78.903
42.941 -78.882
43.117 -78.994
42.890 -78.879
42.922 -78.875
42.931 -78.829
43.132 -79.039
42.872 -78.817
43.023 -78.791
42.979 -78.791
42.829 -78.851
43.107 -78.988
43.035 -78.743
43.108 -79.030
42.973 -78.964
43.107 -79.050
42.724 -78.833
42.869 -78.830
43.113 -79.055
43.122 -79.053
42.790 -78.813
43.018 -78.888
42.848 -78.778
43.044 -78.712
42.896 -78.877
42.946 -78.822
43.022 -78.806
42.990 -78.788
42.855 -78.709
43.032 -78.973
42.877 -78.869
43.023 -78.727
42.991 -78.903
42.733 -78.757
42.932 -78.816
43.035 -78.766
43.122 -78.972
42.881 -78.877
43.019 -78.880
43.012 -78.862
42.855 -78.790
43.192 -79.027
42.931 -78.789
42.916 -78.897
42.948 -78.891
43.039 -78.800
42.943 -78.907
43.025 -78.877
42.922 -78.793
42.903 -78.839
43.088 -79.061
42.864 -78.875
42.925 -78.846
42.971 -78.814
42.868 -78.701
42.902 -78.870
43.055 -78.842
42.890 -78.873
42.902 -78.845
42.889 -78.879
43.134 -79.044
43.062 -78.808
42.875 -78.857
43.061 -78.955
43.096 -79.051
42.928 -78.880
42.742 -78.798
42.892 -78.875
42.922 -78.864
42.878 -78.863
42.997 -78.817
42.906 -78.877
42.900 -78.868
42.873 -78.816
43.136 -79.017
43.007 -78.862
43.092 -79.033
42.958 -78.837
42.868 -78.719
42.910 -78.882
42.981 -78.847
42.936 -78.897
42.977 -78.911
43.101 -79.049
43.088 -79.028
43.098 -79.060
42.800 -78.777
42.876 -78.809
42.933 -78.800
42.751 -78.731
42.971 -78.791
42.835 -78.754
43.090 -79.062
42.840 -78.815
42.937 -78.822
42.946 -78.803
43.001 -78.722
42.954 -78.822
43.014 -78.879
42.727 -78.889
42.874 -78.871
42.899 -78.879
42.940 -78.864
43.037 -78.863
42.895 -78.869
42.885 -78.882
42.804 -78.786
42.952 -78.725
42.902 -78.861
43.036 -78.858
42.990 -78.792
43.092 -79.018
42.904 -78.855
43.005 -78.947
43.036 -78.969
43.100 -79.051
42.960 -78.918
42.889 -78.875
42.933 -78.805
42.775 -78.846
42.908 -78.869
43.094 -79.041
42.934 -78.904
43.091 -79.016
42.897 -78.789
43.044 -78.877
43.119 -79.035
42.990 -78.789
42.915 -78.841
42.757 -78.840
43.109 -79.032
42.970 -78.823
42.999 -78.951
42.991 -78.965
43.151 -79.031
42.832 -78.811
42.871 -78.818
43.026 -78.764
42.913 -78.839
42.716 -78.825
42.881 -78.880
43.092 -78.942
42.976 -78.782
42.923 -78.795
43.024 -78.799
42.780 -78.854
42.866 -78.792
43.045 -78.855
42.873 -78.872
42.867 -78.825
42.804 -78.720
42.931 -78.827
42.913 -78.862
43.020 -78.815
43.077 -78.954
42.995 -78.931
42.900 -78.894
42.816 -78.707
43.072 -78.940
42.884 -78.873
42.880 -78.713
42.940 -78.845
42.890 -78.871
43.034 -78.761
42.915 -78.831
42.775 -78.841
42.928 -78.870
42.736 -78.868
42.856 -78.868
42.950 -78.878
43.042 -78.826
42.978 -78.710
43.083 -78.705
42.899 -78.889
42.933 -78.809
42.903 -78.893
43.091 -79.035
42.750 -78.731
43.084 -78.823
42.973 -78.838
42.762 -78.753
43.092 -78.988
43.089 -78.922
43.035 -78.984
43.094 -79.024
43.112 -79.032
43.103 -78.965
43.077 -78.937
42.972 -78.955
42.751 -78.720
42.994 -78.725
43.122 -79.047
42.825 -78.850
42.957 -78.844
42.866 -78.848
42.928 -78.784
43.066 -78.901
42.893 -78.785
43.053 -78.990
43.066 -78.715
42.885 -78.861
42.957 -78.727
43.109 -79.055
43.107 -78.997
43.093 -79.017
43.113 -78.993
43.024 -78.877
42.888 -78.861
42.901 -78.872
43.023 -78.871
42.880 -78.870
42.925 -78.881
43.109 -78.985
42.946 -78.908
43.022 -78.871
43.118 -79.032
42.961 -78.865
42.734 -78.927
42.700 -78.833
43.066 -78.866
43.080 -78.975
43.049 -78.865
42.890 -78.880
43.120 -79.046
42.850 -78.820
42.819 -78.788
43.020 -78.796
42.747 -78.821
43.009 -78.965
42.999 -78.822
42.946 -78.827
42.933 -78.793
42.942 -78.851
42.976 -78.802
42.739 -78.798
43.105 -79.034
42.830 -78.704
42.980 -78.959
43.074 -78.983
42.961 -78.811
42.883 -78.878
43.053 -78.726
43.036 -78.847
43.022 -78.964
43.046 -78.945
42.998 -78.836
43.020 -78.877
42.846 -78.817
42.811 -78.720
42.898 -78.873
42.974 -78.863
42.714 -78.747
42.960 -78.870
43.158 -79.034
42.844 -78.807
42.928 -78.894
42.885 -78.879
42.877 -78.876
42.932 -78.893
42.927 -78.868
42.868 -78.844
43.038 -78.870
42.989 -78.936
42.884 -78.880
43.090 -79.068
42.896 -78.843
42.957 -78.710
42.924 -78.811
42.903 -78.860
42.915 -78.784
42.862 -78.781
43.009 -78.810
42.913 -78.865
42.948 -78.873
42.939 -78.902
43.106 -78.991
42.780 -78.790
43.030 -78.738
43.021 -78.799
43.087 -79.053
43.177 -79.046
42.807 -78.798
43.000 -78.942
42.993 -78.928
43.016 -78.871
42.918 -78.824
42.842 -78.789
43.032 -78.861
43.095 -79.032
42.832 -78.737
43.049 -78.994
42.743 -78.740
43.079 -78.828
42.994 -78.893
42.876 -78.802
43.062 -78.889
42.896 -78.850
42.886 -78.873
43.095 -78.934
43.046 -78.992
42.991 -78.848
42.891 -78.833
42.866 -78.825
43.022 -78.711
42.981 -78.910
43.096 -78.984
42.885 -78.878
42.845 -78.712
42.772 -78.845
43.075 -78.866
42.888 -78.869
42.917 -78.794
42.991 -78.958
42.747 -78.762
43.079 -78.977
42.715 -78.841
42.947 -78.889
42.879 -78.878
43.075 -78.994
43.017 -78.966
42.896 -78.876
43.040 -78.884
42.841 -78.793
43.046 -78.989
43.051 -78.833
42.937 -78.901
42.804 -78.753
42.712 -78.906
42.902 -78.863
43.013 -78.725
42.715 -78.834
42.883 -78.879
42.948 -78.819
43.014 -78.956
43.074 -78.989
43.083 -79.063
42.872 -78.819
42.894 -78.868
43.026 -78.735
43.109 -79.029
42.789 -78.756
42.887 -78.879
42.882 -78.879
42.900 -78.851
42.918 -78.882
43.173 -79.022
42.938 -78.862
42.820 -78.735
43.035 -78.785
42.849 -78.811
43.000 -78.875
42.830 -78.790
43.052 -78.824
43.092 -79.026
42.885 -78.876
42.979 -78.868
42.895 -78.894
42.950 -78.859
42.712 -78.869
42.873 -78.844
43.001 -78.854
42.881 -78.854
42.909 -78.713
42.882 -78.877
43.086 -78.728
42.936 -78.899
42.982 -78.852
43.031 -78.830
42.885 -78.869
42.928 -78.875
43.034 -78.879
42.993 -78.874
42.933 -78.790
43.103 -79.056
43.095 -79.052
42.839 -78.848
43.106 -79.049
42.884 -78.870
43.034 -78.824
43.028 -78.755
42.845 -78.783
42.879 -78.785
42.970 -78.793
43.022 -78.950
42.878 -78.840
42.881 -78.871
43.062 -78.842
42.915 -78.901
42.901 -78.877
42.877 -78.851
42.845 -78.810
42.872 -78.869
42.920 -78.879
43.089 -78.984
42.899 -78.834
42.915 -78.872
42.915 -78.852
42.996 -78.871
42.994 -78.876
43.017 -78.871
42.722 -78.839
43.052 -78.826
42.888 -78.878
43.135 -79.041
42.727 -78.760
42.959 -78.876
42.913 -78.877
42.882 -78.873
42.917 -78.839
42.897 -78.848
42.997 -78.849
43.007 -78.946
42.960 -78.833
42.996 -78.962
42.975 -78.855
43.105 -79.053
42.892 -78.886
42.983 -78.879
42.846 -78.860
43.107 -79.055
42.995 -78.815
42.905 -78.815
42.930 -78.833
42.851 -78.719
42.913 -78.841
42.923 -78.818
42.951 -78.878
43.039 -78.869
43.098 -79.055
43.090 -79.053
42.904 -78.845
42.933 -78.836
42.983 -78.793
42.902 -78.867
42.916 -78.859
43.023 -78.833
42.849 -78.788
43.086 -79.042
42.960 -78.889
43.038 -78.864
43.032 -78.799
43.026 -78.868
43.119 -79.056
43.000 -78.941
42.996 -78.790
42.909 -78.792
42.896 -78.839
43.090 -78.990
42.894 -78.865
42.884 -78.871
43.059 -78.866
42.991 -78.831
43.066 -78.882
42.817 -78.804
42.937 -78.710
42.890 -78.874
42.958 -78.816
43.160 -79.010
42.917 -78.891
42.734 -78.739
43.032 -78.879
42.862 -78.819
42.875 -78.795
42.743 -78.841
43.045 -78.822
42.872 -78.833
42.997 -78.820
43.058 -78.900
42.891 -78.870
42.941 -78.899
42.901 -78.900
42.909 -78.874
42.940 -78.839
43.021 -78.875
43.034 -78.860
42.938 -78.867
42.994 -78.882
43.090 -79.061
43.076 -78.968
43.078 -78.968
42.906 -78.809
42.789 -78.788
42.899 -78.847
42.876 -78.796
42.900 -78.859
42.923 -78.854
43.137 -79.021
42.761 -78.766
43.003 -78.947
42.822 -78.791
42.991 -78.856
42.894 -78.802
42.735 -78.867
43.088 -79.063
42.859 -78.823
43.091 -78.944
42.736 -78.841
42.929 -78.897
42.736 -78.813
43.069 -78.746
42.989 -78.853
42.908 -78.844
42.782 -78.851
42.991 -78.795
42.911 -78.892
42.851 -78.709
42.878 -78.800
42.868 -78.802
42.873 -78.874
42.839 -78.832
42.933 -78.798
43.084 -79.040
43.089 -79.050
43.043 -78.882
43.022 -78.878
43.093 -79.034
43.107 -79.047
42.878 -78.855
42.987 -78.872
42.923 -78.843
42.907 -78.900
43.083 -79.037
43.080 -78.990
42.906 -78.854
42.992 -78.788
42.899 -78.708
42.827 -78.789
42.945 -78.843
42.928 -78.845
42.847 -78.829
43.103 -78.983
42.707 -78.783
42.861 -78.803
43.098 -79.039
42.900 -78.839
42.845 -78.812
42.874 -78.844
43.152 -79.030
42.733 -78.864
43.152 -79.028
42.958 -78.826
42.907 -78.792
42.905 -78.839
42.705 -78.945
43.005 -78.905
42.866 -78.857
43.025 -78.782
42.749 -78.766
42.940 -78.810
42.872 -78.806
43.022 -78.861
42.861 -78.709
43.091 -79.060
42.984 -78.837
43.092 -78.989
43.034 -78.877
43.094 -79.009
43.034 -78.966
43.048 -78.966
43.018 -78.725
43.026 -78.784
42.932 -78.828
42.930 -78.821
42.903 -78.847
42.749 -78.754
42.955 -78.911
42.836 -78.824
43.175 -79.028
42.919 -78.706
43.025 -78.785
42.885 -78.868
42.902 -78.825
42.944 -78.814
42.721 -78.827
42.953 -78.796
42.920 -78.824
42.872 -78.847
43.098 -79.051
43.019 -78.800
42.976 -78.879
42.902 -78.876
42.939 -78.905
42.888 -78.873
42.876 -78.848
42.854 -78.782
42.716 -78.842
43.020 -78.768
42.940 -78.834
42.983 -78.896
42.860 -78.868
42.889 -78.878
43.089 -79.059
42.915 -78.888
42.927 -78.877
43.004 -78.946
42.911 -78.858
42.850 -78.754
42.849 -78.785
43.141 -79.039
43.051 -78.770
42.944 -78.908
42.841 -78.784
42.905 -78.869
43.045 -78.871
42.884 -78.883
43.096 -78.912
42.899 -78.840
43.057 -78.990
42.894 -78.864
42.981 -78.875
42.886 -78.837
42.732 -78.835
43.152 -79.033
42.958 -78.894
43.095 -79.019
42.956 -78.824
42.879 -78.801
42.978 -78.818
42.903 -78.838
43.075 -78.990
42.944 -78.818
42.802 -78.796
43.106 -78.984
42.719 -78.818
42.975 -78.925
43.085 -79.059
43.109 -79.040
42.793 -78.824
43.093 -79.020
42.858 -78.829
42.935 -78.871
42.882 -78.869
42.878 -78.881
43.075 -78.983
42.725 -78.853
43.097 -78.890
42.913 -78.896
42.852 -78.832
42.804 -78.829
42.966 -78.710
42.713 -78.838
42.870 -78.822
43.120 -78.998
42.926 -78.849
42.886 -78.868
42.911 -78.869
42.788 -78.802
43.170 -79.022
42.867 -78.827
42.722 -78.784
42.984 -78.913
42.970 -78.858
42.720 -78.802
42.988 -78.893
42.772 -78.790
43.079 -79.007
42.870 -78.819
42.879 -78.872
42.983 -78.721
42.857 -78.730
43.084 -79.054
42.723 -78.794
42.916 -78.862
42.798 -78.843
42.984 -78.911
42.745 -78.729
43.164 -79.040
43.092 -79.058
42.881 -78.873
43.000 -78.948
42.956 -78.907
43.076 -78.952
42.912 -78.895
42.833 -78.757
43.000 -78.798
43.075 -78.964
43.004 -78.869
42.895 -78.860
42.896 -78.858
42.919 -78.786
43.109 -79.041
42.898 -78.784
42.843 -78.757
42.852 -78.808
42.934 -78.719
42.716 -78.834
42.875 -78.873
42.894 -78.883
42.941 -78.816
42.940 -78.816
42.992 -78.792
42.893 -78.885
42.971 -78.784
42.866 -78.832
42.836 -78.775
43.058 -78.701
42.908 -78.901
43.092 -79.014
42.915 -78.863
42.827 -78.842
42.974 -78.887
42.826 -78.792
43.091 -79.029
42.902 -78.900
43.018 -78.860
42.844 -78.760
42.897 -78.875
42.876 -78.877
42.926 -78.827
43.175 -79.044
42.882 -78.844
42.996 -78.800
42.981 -78.892
43.057 -78.867
43.102 -79.023
42.719 -78.944
43.084 -79.046
42.981 -78.882
42.869 -78.859
42.979 -78.781
42.829 -78.781
42.790 -78.839
42.891 -78.879
42.897 -78.877
42.892 -78.887
43.107 -79.031
42.937 -78.905
43.089 -79.054
42.801 -78.704
42.923 -78.878
42.841 -78.789
42.895 -78.825
42.918 -78.854
42.881 -78.879
42.925 -78.875
42.948 -78.838
42.983 -78.911
42.919 -78.859
43.053 -78.827
42.773 -78.811
42.903 -78.826
42.934 -78.868
43.126 -79.051
42.994 -78.879
42.929 -78.889
42.747 -78.892
43.163 -79.038
42.945 -78.796
42.978 -78.909
42.879 -78.875
42.950 -78.824
43.065 -78.777
42.990 -78.839
43.065 -78.843
43.086 -78.958
42.844 -78.793
42.883 -78.877
42.735 -78.805
42.904 -78.784
42.827 -78.784
42.873 -78.879
42.808 -78.806
42.970 -78.903
42.930 -78.823
42.943 -78.856
42.811 -78.734
42.890 -78.875
42.931 -78.877
42.748 -78.853
43.000 -78.865
42.894 -78.869
42.907 -78.728
42.838 -78.856
43.168 -78.902
42.889 -78.857
42.974 -78.866
42.913 -78.867
43.031 -78.876
43.077 -78.794
43.114 -78.989
42.836 -78.751
42.769 -78.732
43.007 -78.957
42.804 -78.742
42.978 -78.906
42.769 -78.737
42.919 -78.866
43.131 -79.020
43.018 -78.822
43.007 -78.771
43.102 -79.040
42.921 -78.865
42.773 -78.778
42.854 -78.767
42.903 -78.877
42.929 -78.899
42.893 -78.878
43.001 -78.836
42.801 -78.788
42.980 -78.824
43.103 -79.055
42.765 -78.738
42.944 -78.909
42.894 -78.879
42.865 -78.871
42.940 -78.784
42.979 -78.910
42.996 -78.877
42.933 -78.799
43.084 -78.962
43.072 -78.851
42.882 -78.872
42.852 -78.792
42.875 -78.800
42.901 -78.881
42.908 -78.862
43.009 -78.780
42.878 -78.867
42.911 -78.851
42.932 -78.799
42.942 -78.903
43.006 -78.883
42.932 -78.902
42.966 -78.868
43.007 -78.951
42.915 -78.865
42.923 -78.815
43.094 -79.036
42.875 -78.844
42.910 -78.816
42.966 -78.920
43.151 -79.039
42.981 -78.906
42.884 -78.876
42.797 -78.830
43.047 -78.725
43.092 -78.964
43.079 -79.025
42.841 -78.725
43.005 -78.820
42.896 -78.874
43.116 -79.057
42.924 -78.845
42.813 -78.845
42.868 -78.801
42.938 -78.718
42.876 -78.800
42.859 -78.755
42.891 -78.876
42.867 -78.828
42.851 -78.821
42.844 -78.768
42.975 -78.809
43.023 -78.841
42.951 -78.844
42.870 -78.710
43.002 -78.947
42.746 -78.812
43.015 -78.873
43.009 -78.822
42.869 -78.846
43.051 -78.831
42.876 -78.860
42.789 -78.716
42.935 -78.869
42.870 -78.870
42.886 -78.875
42.994 -78.929
42.901 -78.854
42.957 -78.867
43.175 -79.027
42.984 -78.884
43.079 -78.980
42.943 -78.707
43.050 -78.967
43.109 -78.994
42.971 -78.847
42.957 -78.784
42.841 -78.754
42.963 -78.841
42.940 -78.826
42.877 -78.878
42.757 -78.882
42.985 -78.905
42.891 -78.882
42.823 -78.803
42.905 -78.901
42.927 -78.819
42.894 -78.845
42.878 -78.789
43.085 -78.710
43.089 -79.055
42.865 -78.705
43.110 -79.049
43.051 -78.830
42.782 -78.786
43.042 -78.865
43.001 -78.851
42.899 -78.784
43.000 -78.716
42.759 -78.824
42.942 -78.822
43.013 -78.844
42.802 -78.775
42.915 -78.887
42.890 -78.870
42.823 -78.824
43.089 -78.960
42.974 -78.911
42.858 -78.815
42.969 -78.835
42.907 -78.852
42.885 -78.870
43.017 -78.884
42.923 -78.871
43.125 -79.036
42.963 -78.884
42.959 -78.884
42.940 -78.906
42.962 -78.806
43.033 -78.871
42.950 -78.849
43.025 -78.861
42.905 -78.824
43.007 -78.860
42.963 -78.879
42.967 -78.719
42.787 -78.772
42.974 -78.857
42.726 -78.828
43.057 -78.883
42.949 -78.806
42.977 -78.871
42.893 -78.881
42.715 -78.866
43.005 -78.763
42.955 -78.899
42.882 -78.839
42.910 -78.817
42.889 -78.874
43.010 -78.777
42.793 -78.752
43.113 -79.049
42.880 -78.827
42.758 -78.860
43.006 -78.846
43.031 -78.870
43.052 -78.740
43.078 -78.963
43.083 -78.992
42.712 -78.830
43.002 -78.756
42.902 -78.868
42.938 -78.879
43.028 -78.883
42.904 -78.838
42.891 -78.814
42.722 -78.837
43.098 -78.928
42.819 -78.781
43.077 -78.990
42.940 -78.896
42.921 -78.881
42.770 -78.833
42.985 -78.853
42.938 -78.795
43.102 -79.037
42.831 -78.805
42.928 -78.829
42.904 -78.865
42.724 -78.955
42.869 -78.848
43.093 -79.041
43.054 -78.921
43.051 -78.990
42.827 -78.819
42.933 -78.812
42.879 -78.862
42.744 -78.851
43.036 -78.875
42.816 -78.727
42.820 -78.810
42.796 -78.765
43.126 -79.055
42.870 -78.853
42.936 -78.903
42.930 -78.825
42.708 -78.801
42.852 -78.863
42.891 -78.867
42.871 -78.862
42.882 -78.800
42.892 -78.857
42.758 -78.877
42.911 -78.824
43.021 -78.762
43.115 -78.999
42.968 -78.870
42.869 -78.721
42.950 -78.703
43.091 -79.017
42.921 -78.900
43.059 -78.856
43.007 -78.847
43.091 -79.059
43.116 -79.048
42.767 -78.727
42.988 -78.836
42.905 -78.871
43.004 -78.944
42.797 -78.802
42.777 -78.857
42.963 -78.844
42.718 -78.821
42.750 -78.760
42.961 -78.825
42.853 -78.703
42.794 -78.726
43.000 -78.855
42.942 -78.907
42.874 -78.813
42.931 -78.842
42.960 -78.835
43.006 -78.784
42.795 -78.816
42.930 -78.835
42.986 -79.009
42.832 -78.819
43.111 -79.030
43.044 -78.831
42.878 -78.709
42.945 -78.902
42.928 -78.818
42.954 -78.909
43.024 -78.749
42.937 -78.866
42.949 -78.812
43.008 -78.724
42.923 -78.806
43.022 -78.976
43.111 -79.039
42.885 -78.807
42.882 -78.878
43.017 -78.827
43.094 -79.013
43.087 -78.965
43.026 -78.850
43.100 -79.001
42.925 -78.828
42.996 -78.946
43.092 -79.003
42.717 -78.818
42.877 -78.800
42.932 -78.829
42.881 -78.881
43.002 -78.803
42.904 -78.715
43.023 -78.974
42.716 -78.813
43.041 -78.738
42.964 -78.895
42.904 -78.848
42.921 -78.829
42.771 -78.750
42.876 -78.865
42.874 -78.730
43.107 -78.991
42.872 -78.852
42.929 -78.896
43.045 -78.741
42.871 -78.858
43.013 -78.967
42.847 -78.781
42.727 -78.891
42.880 -78.872
42.915 -78.838
42.764 -78.828
42.889 -78.870
42.845 -78.793
42.768 -78.745
42.924 -78.890
42.735 -78.921
43.002 -78.719
43.149 -79.039
42.875 -78.802
42.975 -78.951
42.979 -78.782
42.888 -78.872
43.066 -78.843
43.025 -78.781
42.965 -78.719
43.007 -78.950
42.902 -78.882
42.933 -78.796
42.919 -78.899
43.089 -79.035
42.876 -78.878
43.085 -79.058
42.902 -78.899
43.010 -78.848
42.929 -78.853
42.897 -78.792
42.923 -78.814
42.899 -78.869
42.909 -78.823
42.958 -78.842
43.076 -78.741
42.789 -78.821
42.844 -78.860
43.079 -78.974
42.886 -78.709
42.922 -78.886
43.009 -78.817
43.049 -78.883
42.885 -78.829
42.990 -78.837
42.790 -78.836
43.077 -78.991
42.934 -78.903
42.945 -78.878
42.979 -78.714
43.080 -78.987
42.870 -78.857
42.892 -78.882
42.893 -78.870
42.930 -78.830
43.092 -79.053
42.991 -78.811
42.999 -78.808
43.012 -78.884
43.014 -78.738
42.923 -78.844
42.895 -78.873
42.915 -78.846
42.892 -78.839
42.713 -78.830
42.938 -78.711
43.104 -79.050
43.037 -78.955
42.975 -78.827
42.937 -78.883
42.955 -78.814
42.898 -78.830
42.911 -78.874
42.798 -78.829
43.153 -79.031
42.867 -78.847
42.943 -78.835
42.908 -78.798
43.000 -78.786
42.867 -78.878
43.043 -78.880
43.074 -78.994
42.964 -78.902
42.872 -78.845
43.121 -78.908
43.056 -78.824
42.790 -78.840
42.898 -78.853
42.871 -78.846
42.877 -78.873
43.143 -78.909
42.825 -78.792
42.925 -78.855
43.011 -78.790
43.003 -78.882
42.752 -78.837
43.049 -78.975
42.964 -78.838
42.937 -78.888
42.849 -78.824
43.094 -79.050
42.747 -78.763
42.758 -78.864
43.171 -79.029
42.927 -78.799
43.085 -78.828
42.953 -78.869
43.007 -78.952
42.813 -78.739
42.743 -78.838
43.074 -78.823
42.928 -78.851
42.988 -78.913
42.940 -78.848
42.924 -78.839
42.766 -78.742
43.010 -78.799
43.109 -78.927
42.876 -78.830
42.925 -78.841
43.107 -79.038
42.995 -78.787
42.894 -78.893
42.806 -78.810
42.936 -78.880
43.086 -78.941
42.729 -78.917
43.020 -78.878
43.025 -78.866
43.013 -78.847
42.888 -78.870
43.092 -79.017
42.865 -78.709
42.943 -78.800
42.943 -78.798
42.840 -78.858
42.978 -78.781
42.735 -78.765
42.936 -78.904
42.891 -78.888
43.075 -78.984
42.805 -78.818
42.800 -78.714
42.790 -78.829
42.712 -78.718
42.742 -78.841
43.093 -79.025
42.961 -78.892
42.890 -78.807
42.839 -78.799
43.093 -79.033
43.002 -78.796
42.737 -78.892
42.820 -78.828
43.108 -79.044
42.890 -78.869
43.086 -79.062
42.933 -78.859
42.834 -78.717
42.886 -78.876
43.079 -78.889
43.063 -78.855
42.959 -78.804
42.986 -78.892
43.120 -79.037
42.870 -78.844
42.881 -78.814
42.894 -78.872
43.106 -79.047
42.842 -78.746
42.707 -78.922
42.816 -78.819
42.710 -78.966
42.883 -78.710
43.076 -78.972
43.078 -78.990
42.884 -78.882
42.934 -78.843
42.702 -78.747
42.721 -78.747
42.881 -78.847
42.922 -78.841
43.140 -78.968
42.729 -78.859
42.919 -78.834
42.866 -78.827
43.082 -78.992
43.173 -79.043
42.793 -78.811
42.880 -78.878
42.816 -78.832
42.865 -78.827
42.917 -78.844
42.891 -78.880
43.094 -79.017
42.931 -78.816
42.935 -78.877
43.126 -78.931
42.758 -78.732
42.980 -78.912
42.891 -78.804
42.754 -78.800
42.970 -78.875
43.093 -79.044
43.048 -78.885
43.010 -78.836
42.919 -78.857
43.000 -78.854
43.150 -79.037
42.875 -78.790
42.824 -78.843
42.899 -78.815
43.076 -78.993
42.992 -78.831
42.984 -78.792
43.013 -78.711
42.878 -78.807
42.909 -78.839
43.022 -78.783
42.984 -78.814
42.881 -78.870
43.177 -79.044
42.977 -78.782
42.877 -78.877
43.002 -78.943
42.948 -78.848
42.758 -78.855
43.022 -78.972
43.089 -78.991
42.779 -78.735
43.094 -79.059
42.933 -78.783
42.998 -78.711
42.933 -78.843
42.715 -78.839
43.107 -79.035
42.867 -78.866
42.910 -78.796
42.880 -78.871
43.004 -78.948
43.004 -78.820
43.030 -78.875
42.736 -78.854
42.909 -78.879
43.093 -79.045
43.089 -78.772
42.951 -78.705
42.850 -78.702
42.771 -78.712
43.036 -78.817
42.872 -78.846
43.029 -78.753
42.885 -78.881
42.987 -78.795
42.934 -78.867
42.745 -78.704
42.889 -78.704
43.081 -79.051
42.999 -78.802
43.040 -78.869
42.899 -78.824
42.957 -78.803
42.789 -78.829
43.014 -78.802
43.090 -79.051
43.091 -79.030
43.054 -78.992
42.933 -78.864
43.080 -78.982
43.021 -78.856
42.894 -78.867
42.950 -78.704
42.868 -78.825
43.038 -78.867
43.097 -78.934
43.179 -78.903
42.748 -78.732
42.882 -78.875
43.151 -79.028
42.878 -78.876
42.772 -78.830
42.857 -78.816
42.840 -78.857
42.865 -78.720
42.884 -78.874
42.710 -78.851
42.933 -78.787
42.849 -78.830
43.086 -79.030
42.968 -78.862
43.116 -79.023
43.055 -78.890
42.930 -78.812
42.907 -78.843
43.014 -79.021
42.881 -78.872
42.906 -78.860
42.768 -78.774
42.742 -78.851
42.929 -78.824
43.078 -78.993
42.792 -78.774
42.894 -78.709
42.902 -78.838
42.975 -78.845
42.893 -78.729
42.934 -78.889
43.011 -78.965
42.721 -78.842
42.996 -78.878
43.091 -79.055
42.879 -78.877
42.948 -78.855
42.960 -78.839
42.932 -78.822
43.040 -78.865
42.797 -78.787
43.066 -78.798
42.875 -78.804
43.006 -78.798
42.966 -78.844
42.896 -78.864
42.884 -78.798
43.057 -78.982
42.871 -78.876
42.971 -78.853
43.006 -78.916
42.789 -78.848
42.924 -78.721
42.896 -78.878
42.794 -78.818
42.996 -78.716
43.020 -78.798
42.973 -78.853
43.083 -78.986
42.703 -78.993
42.920 -78.787
43.093 -79.043
43.007 -78.932
42.969 -78.864
43.149 -79.040
42.885 -78.880
43.096 -79.050
42.792 -78.777
42.996 -78.797
42.862 -78.873
42.746 -78.840
42.753 -78.815
43.173 -79.029
42.742 -78.876
42.987 -78.913
43.045 -78.856
42.936 -78.874
43.078 -78.994
42.777 -78.848
43.002 -78.877
42.874 -78.859
42.987 -78.893
42.884 -78.879
42.995 -78.879
42.933 -78.818
43.106 -78.989
42.761 -78.751
42.843 -78.756
43.036 -78.760
43.035 -78.870
42.710 -78.972
42.902 -78.846
42.895 -78.826
43.082 -79.040
43.043 -78.866
43.107 -79.044
43.042 -78.879
43.099 -78.807
43.094 -79.026
42.831 -78.793
42.820 -78.718
42.899 -78.866
42.980 -78.783
42.767 -78.707
42.790 -78.827
42.995 -78.789
42.909 -78.843
42.877 -78.874
42.988 -78.917
42.976 -78.962
42.998 -78.854
42.895 -78.867
42.779 -78.727
42.767 -78.827
43.102 -79.028
42.762 -78.766
43.151 -79.033
43.085 -79.050
42.911 -78.885
42.992 -78.787
42.975 -78.814
43.027 -78.872
43.093 -79.053
43.102 -78.911
43.002 -78.821
43.024 -78.857
43.088 -79.065
42.982 -78.792
42.813 -78.828
42.978 -78.859
42.832 -78.714
43.081 -78.990
42.878 -78.872
43.026 -78.781
42.968 -78.728
43.115 -79.030
42.940 -78.859
43.083 -78.965
42.975 -78.836
42.882 -78.874
42.983 -78.711
42.734 -78.846
42.880 -78.879
43.109 -78.992
42.973 -78.912
42.931 -78.820
42.921 -78.895
43.151 -79.037
43.098 -78.925
42.787 -78.775
42.975 -78.819
42.894 -78.794
42.975 -78.832
42.893 -78.868
43.098 -78.927
42.866 -78.860