1500 2
6.734 4.667
5.045 5.721
7.822 5.064
8.084 5.597
6.177 5.952
7.786 5.237
6.928 5.182
6.444 4.655
7.422 4.501
6.910 5.456
6.024 5.271
6.166 6.122
7.176 5.110
6.767 5.760
6.482 5.767
6.734 4.416
7.790 5.003
6.559 4.612
5.810 5.944
6.934 5.192
6.665 4.424
6.776 5.730
6.642 6.142
6.782 5.290
5.533 6.080
7.838 5.359
6.400 5.999
6.576 5.953
7.691 4.842
7.559 4.470
7.926 5.179
6.017 6.107
6.586 4.454
7.955 4.975
7.975 5.057
5.130 5.387
6.502 4.663
6.861 5.297
8.095 5.358
6.392 4.546
7.275 4.476
5.825 6.005
6.927 5.188
7.542 4.635
6.568 5.812
7.757 4.904
5.003 5.041
5.387 5.889
4.967 5.113
6.210 4.890
7.665 4.742
5.285 5.812
6.605 5.919
6.196 5.111
6.006 5.801
7.957 5.454
6.288 5.935
7.042 4.613
4.903 5.291
6.836 5.713
7.945 5.263
6.862 5.461
4.983 5.102
6.411 4.597
5.970 6.037
6.283 6.066
7.685 4.838
6.692 5.432
6.680 5.708
4.997 5.530
7.495 4.610
5.432 5.864
6.614 4.551
6.302 4.776
6.783 5.733
6.572 5.959
6.947 5.150
6.029 5.269
7.926 5.399
6.694 5.534
6.812 5.471
6.996 5.085
6.733 5.406
6.642 4.536
6.879 5.289
6.944 5.079
4.991 5.493
6.282 4.908
6.888 4.426
5.236 5.669
5.098 5.117
7.138 4.513
7.142 4.469
5.896 6.086
5.952 5.433
6.556 5.887
5.522 5.925
6.846 5.539
7.543 4.793
6.888 5.761
5.054 5.705
6.958 4.456
5.942 5.989
7.701 4.923
5.560 5.820
5.396 5.835
6.658 5.730
5.427 5.456
7.912 5.259
5.314 5.597
7.696 4.932
4.979 5.229
6.668 5.862
4.989 4.934
4.835 5.407
8.054 5.396
7.384 4.577
7.112 4.555
7.108 4.638
6.016 5.346
6.476 4.816
5.965 6.059
6.533 4.725
6.057 5.916
5.270 5.934
7.731 4.935
7.323 4.600
5.097 5.106
6.971 5.305
5.513 6.058
6.913 5.322
7.866 5.156
6.950 4.711
7.611 4.597
6.005 6.018
6.280 4.837
5.118 5.471
7.370 4.569
6.517 5.534
6.974 4.605
5.754 5.908
5.914 5.291
6.864 4.469
6.569 4.689
5.557 5.902
7.592 4.578
6.131 4.946
6.529 4.656
5.203 5.605
5.146 5.502
7.950 5.220
7.579 4.746
6.219 4.896
6.154 5.028
6.155 5.114
6.381 5.941
7.943 5.125
6.045 5.291
5.481 5.939
6.368 4.772
6.724 4.504
6.853 5.343
7.897 5.318
6.480 5.985
5.181 5.044
6.190 5.895
5.815 6.027
5.578 5.870
6.886 5.374
6.411 5.864
6.695 4.548
5.534 5.713
6.616 4.394
8.063 5.051
7.042 4.433
5.972 5.425
5.365 5.812
5.104 5.288
6.058 5.135
5.699 5.798
7.941 5.361
5.047 5.407
6.346 4.971
6.226 4.811
6.156 5.941
6.050 5.264
5.135 5.581
6.474 6.137
6.283 5.140
6.135 4.969
5.028 5.447
7.350 4.600
7.896 5.398
7.578 4.735
7.747 4.899
6.205 6.160
7.245 4.333
5.258 5.969
6.967 5.210
7.970 5.107
6.061 5.478
4.979 5.452
6.210 4.489
5.682 5.934
5.475 5.772
6.965 5.370
6.766 5.754
6.079 6.133
4.859 5.148
5.682 6.110
7.871 4.818
6.110 5.196
7.094 4.426
5.970 4.956
7.532 4.762
6.677 4.529
5.721 5.926
7.291 4.577
6.444 5.713
6.095 5.191
6.498 4.818
6.906 5.156
4.888 5.074
6.191 6.054
5.057 5.149
7.700 5.150
7.318 4.658
6.923 5.476
7.145 4.587
7.707 4.677
6.259 4.846
6.873 4.465
6.195 5.997
6.003 5.287
7.188 4.393
8.009 5.430
6.129 6.105
5.492 5.924
7.627 4.736
5.443 5.498
6.091 4.910
5.208 5.640
5.817 6.004
5.510 5.951
6.164 5.310
5.998 5.483
5.222 5.471
6.767 5.691
7.673 4.774
4.935 4.980
6.531 4.487
5.323 5.525
5.845 6.038
8.014 5.338
7.721 4.673
8.166 5.348
5.301 5.724
6.072 5.203
8.027 4.891
8.066 5.592
7.443 4.567
6.656 4.506
7.008 5.353
6.153 5.047
6.710 5.808
4.933 5.370
6.673 4.566
6.533 5.766
6.370 4.824
6.375 5.885
6.356 5.918
5.502 5.952
6.903 4.512
7.783 5.021
7.025 4.367
6.172 4.934
6.884 4.697
7.159 4.471
5.825 5.889
6.797 5.204
5.893 5.451
6.393 4.683
7.132 5.099
6.863 5.115
6.579 4.436
5.971 5.375
5.965 6.042
6.229 4.922
4.994 5.183
7.588 4.585
6.840 5.619
5.826 5.876
6.959 5.077
6.375 4.703
5.298 5.923
7.807 4.832
6.265 4.816
5.011 5.159
6.989 4.341
6.152 5.970
4.298 -0.356 
-3.267 -6.355 
1.865 5.255 
4.331 -0.759 
-3.568 -4.236 
1.191 5.707 
1.429 5.436 
-2.692 -5.363 
-2.355 -5.073 
2.175 -1.407 
-1.086 5.350 
-1.909 -5.429 
4.813 0.395 
-2.238 -6.150 
4.735 1.300 
0.759 5.969 
-1.583 -4.402 
-4.599 -5.252 
4.861 1.000 
0.275 4.935 
-1.075 4.911 
0.893 6.643 
-3.054 -5.444 
3.202 -1.381 
5.117 0.117 
4.815 -0.291 
-1.010 6.478 
5.991 -0.123 
4.134 0.035 
4.557 -0.272 
0.447 4.475 
-0.710 6.996 
0.854 4.149 
-0.012 7.018 
5.368 0.455 
-1.701 6.367 
4.990 0.045 
1.270 4.392 
3.369 -0.853 
-1.802 3.161 
-2.167 -5.055 
4.761 -1.037 
-3.038 -4.657 
-0.433 4.929 
3.771 0.738 
-4.285 -3.414 
5.340 1.182 
4.952 -0.452 
-1.329 3.713 
6.142 -2.407 
0.640 3.716 
2.577 -0.107 
-2.499 -3.475 
-3.148 -4.309 
5.208 2.112 
-0.676 3.995 
-2.949 -5.082 
6.213 0.703 
-1.150 4.336 
-2.547 -5.041 
3.859 -0.899 
-2.045 -5.284 
-1.773 -4.832 
-3.205 -6.415 
3.344 2.243 
-4.766 -4.443 
-2.485 -5.860 
-3.798 -5.866 
4.715 -0.601 
-0.733 3.424 
4.683 -0.101 
0.440 3.649 
-0.844 6.060 
4.653 0.585 
-5.131 -6.744 
3.839 0.268 
-2.686 -7.984 
5.463 -1.155 
-3.727 -5.031 
4.246 0.027 
3.763 1.555 
-3.332 -5.660 
3.160 -1.055 
-3.294 -5.560 
-3.945 -3.906 
-1.947 -5.991 
0.793 6.277 
4.644 1.777 
0.175 6.118 
4.545 0.144 
-0.966 4.732 
-3.928 -3.250 
3.586 -0.458 
-0.114 6.396 
-3.116 -4.252 
-1.672 3.979 
0.229 3.293 
-0.630 -5.648 
0.331 4.338 
-0.760 6.096 
0.481 4.051 
-0.533 6.023 
-2.292 -6.154 
-4.355 -5.987 
-3.779 -5.763 
-0.619 4.467 
4.746 1.557 
-0.964 4.802 
-3.573 -3.827 
3.805 -2.554 
-2.791 -2.393 
-2.782 -2.404 
-3.725 -3.338 
-1.315 4.121 
0.316 6.001 
5.975 0.427 
-3.965 -4.543 
0.783 4.244 
-0.384 5.257 
1.589 4.764 
6.101 -0.250 
0.431 4.839 
-3.248 -5.616 
0.164 5.979 
-0.468 3.719 
0.916 6.243 
-3.214 -5.853 
-0.530 5.093 
-1.992 -5.363 
-1.191 4.565 
-3.263 -3.667 
-3.338 -3.694 
0.348 5.209 
4.731 2.048 
0.309 2.860 
0.395 4.915 
1.383 4.365 
0.140 5.570 
3.539 -0.403 
-3.115 -5.427 
-4.301 -5.267 
4.472 1.076 
4.151 -0.340 
-2.870 3.654 
-3.011 -4.384 
-0.192 3.076 
1.530 7.423 
4.473 -0.179 
0.704 4.583 
3.625 1.184 
3.913 0.495 
0.772 4.402 
-0.360 4.411 
6.516 1.433 
-0.103 3.609 
-1.624 -5.522 
-2.685 -5.179 
4.951 0.517 
-4.178 -6.578 
1.227 4.242 
5.007 0.563 
-2.498 -4.724 
3.717 -0.460 
-3.686 -2.560 
-2.587 -4.082 
-1.561 -4.203 
4.079 0.453 
-0.532 7.170 
-3.131 -5.074 
0.588 4.397 
0.975 5.313 
-0.763 4.419 
-0.544 5.722 
-1.393 5.321 
3.632 -0.280 
4.597 -0.776 
3.604 -0.925 
-1.580 -6.076 
5.419 0.570 
1.119 5.270 
-0.115 5.672 
-3.520 -4.638 
4.917 0.044 
0.654 4.597 
4.442 1.488 
0.550 4.214 
-3.424 -5.550 
4.038 0.067 
1.367 6.281 
-2.072 4.711 
3.078 -0.253 
3.286 -0.301 
4.525 1.204 
-1.917 -4.676 
-0.312 5.935 
-0.570 5.667 
1.259 7.173 
4.071 0.580 
-1.839 -5.452 
5.075 -1.672 
0.429 5.646 
-0.519 3.981 
4.823 -1.025 
-0.608 5.271 
-2.755 -5.858 
3.111 5.007 
4.959 -0.056 
-3.689 -6.734 
4.721 -0.068 
4.013 0.920 
-2.731 -6.271 
1.396 1.911 
4.715 0.090 
-3.995 -6.176 
4.777 0.025 
-1.227 6.478 
4.015 0.326 
3.879 -0.075 
-0.670 5.517 
5.783 0.689 
0.682 6.623 
1.081 6.104 
4.499 -2.143 
-0.431 3.439 
-3.283 -5.711 
4.009 0.511 
5.375 0.893 
0.068 3.445 
-2.708 -4.831 
1.243 5.579 
-0.975 4.158 
-3.623 -5.160 
-3.036 -5.484 
-5.054 -4.201 
1.261 6.357 
-3.385 -5.575 
-0.503 5.450 
5.103 -0.459 
-3.749 -5.477 
0.735 7.051 
-3.143 -4.418 
-4.704 -5.833 
3.139 -0.882 
-2.741 3.637 
3.126 1.274 
-1.560 -4.503 
-3.512 -5.666 
-1.554 -4.687 
5.730 0.004 
5.825 0.611 
0.992 4.775 
-2.485 -5.559 
5.964 -0.645 
-0.119 6.391 
5.072 -0.355 
4.208 -0.326 
-4.757 -6.466 
5.177 1.691 
-1.123 -6.628 
-0.667 5.487 
-0.800 5.760 
-1.327 4.462 
5.425 -0.201 
-0.714 5.137 
0.833 3.909 
4.718 0.694 
-4.157 -7.176 
4.284 -1.727 
-3.698 -4.811 
-3.663 -3.954 
5.661 0.163 
4.322 0.707 
6.110 -0.046 
0.568 5.213 
4.144 0.016 
-0.806 5.980 
2.756 -1.013 
-1.768 -5.797 
5.590 -1.665 
0.322 3.944 
1.000 4.647 
5.088 -1.010 
-3.275 -3.896 
1.279 -4.584 
-3.743 -3.974 
0.588 5.135 
4.458 -1.081 
4.342 1.504 
-0.736 6.139 
-1.368 5.912 
-3.741 -4.155 
-3.627 -5.863 
1.080 6.062 
-2.983 -6.445 
4.064 -0.376 
0.812 5.284 
-0.561 4.810 
4.838 -1.190 
0.096 4.072 
-0.312 4.476 
0.131 3.942 
-2.243 -5.508 
1.423 4.551 
0.451 4.580 
4.976 1.469 
5.650 -0.522 
0.540 5.522 
0.659 4.775 
5.200 -1.458 
-0.043 3.785 
0.370 4.657 
-2.641 -5.911 
-4.406 -6.419 
4.141 0.608 
5.373 -1.248 
4.148 0.227 
5.155 0.681 
-1.154 4.617 
0.817 5.595 
-3.256 -5.425 
0.509 4.702 
1.229 7.340 
-2.642 -4.847 
4.614 -0.749 
-0.027 6.867 
4.060 -1.549 
-1.686 -4.174 
0.733 4.633 
-4.037 -4.298 
4.343 -0.184 
-2.363 -5.594 
-3.198 -5.384 
-3.080 -6.717 
-3.961 -5.534 
4.117 -0.891 
-1.617 -4.004 
-0.848 5.438 
-3.280 -6.103 
-3.300 -6.890 
-3.612 -6.465 
-0.321 5.263 
-3.503 -7.227 
3.619 1.240 
3.541 -1.109 
4.354 1.472 
3.895 0.079 
-2.079 -5.420 
2.571 0.293 
3.529 -1.854 
0.158 3.369 
-2.033 -5.734 
1.728 4.715 
5.839 0.276 
-2.515 5.911 
4.139 0.142 
3.286 0.308 
4.696 0.246 
4.355 -0.842 
-2.388 -4.681 
-0.015 6.016 
-0.721 5.803 
-2.980 -3.572 
5.239 0.315 
5.531 0.863 
4.263 0.102 
-0.115 5.322 
4.374 -0.969 
-0.569 5.526 
-0.482 5.802 
-4.187 -4.714 
-0.241 3.559 
-2.242 -3.703 
-0.832 4.978 
3.783 -1.708 
-1.182 3.660 
1.818 6.262 
1.138 3.262 
4.280 -0.532 
-3.060 -4.681 
-3.264 -5.377 
5.875 -0.661 
-3.299 -5.475 
-2.099 4.686 
-2.109 -4.463 
-0.292 5.953 
-0.900 5.955 
-0.211 3.863 
4.238 -0.429 
-0.903 3.638 
3.792 -0.311 
-1.013 6.259 
3.582 0.948 
-2.520 -3.282 
-0.963 5.663 
4.902 -1.813 
0.916 4.148 
-1.617 -2.937 
-1.206 5.344 
2.812 -1.410 
-0.198 4.515 
-3.697 -5.117 
5.325 1.174 
-3.477 -4.407 
-0.485 4.221 
5.143 -0.548 
-1.250 -4.945 
0.407 5.779 
6.088 -0.197 
1.753 7.681 
3.332 1.100 
-3.230 -5.660 
4.385 -1.204 
0.631 6.514 
0.042 5.029 
-1.366 6.459 
5.115 -1.159 
-2.912 -7.427 
4.182 -1.209 
-1.388 3.423 
0.568 4.125 
4.176 -0.751 
0.519 5.529 
-1.527 7.219 
5.309 -0.450 
-0.948 -5.485 
-1.733 3.705 
-3.603 -5.818 
-4.283 -4.635 
4.697 1.541 
5.776 -0.390 
3.469 1.605 
0.000 3.492 
-1.441 -3.994 
4.044 -0.298 
0.144 4.845 
4.199 -1.453 
-0.517 3.857 
-3.131 -4.655 
-5.719 -5.045 
0.543 4.505 
-4.019 -6.061 
5.716 -0.715 
-3.940 -4.344 
-3.121 -4.635 
-1.761 6.452 
4.778 -0.157 
-4.216 -4.774 
3.433 -1.277 
-3.435 -6.354 
1.011 4.294 
-4.984 -3.255 
5.121 -0.784 
1.884 5.197 
-1.772 -5.814 
-3.320 -6.010 
-1.290 -5.431 
5.777 1.007 
0.971 3.405 
2.476 0.826 
0.344 5.692 
1.494 6.614 
-1.338 5.984 
5.283 -0.393 
-2.809 -5.674 
3.905 1.368 
0.184 5.601 
-2.898 -3.352 
5.435 0.518 
-2.776 -2.685 
6.051 1.085 
-0.670 6.204 
4.364 1.447 
4.071 -0.090 
4.336 -0.155 
0.576 4.973 
-3.404 -3.288 
-4.902 -4.737 
-1.127 5.589 
-0.444 5.152 
-1.669 5.575 
5.150 -1.142 
4.753 -0.655 
4.908 -0.807 
-0.204 5.493 
-3.715 -3.976 
-1.427 -6.588 
-1.386 4.420 
4.470 1.532 
1.055 5.766 
3.974 -0.362 
4.526 -1.290 
-0.561 5.778 
4.322 -0.738 
-1.285 -5.253 
5.057 0.432 
-4.710 -4.669 
3.812 -1.084 
3.681 0.564 
-1.990 -7.162 
-3.605 -5.116 
3.676 0.151 
-3.115 -5.474 
0.669 2.324 
3.588 -0.956 
-3.809 -4.052 
-0.124 4.635 
0.690 4.468 
4.746 0.377 
0.350 5.752 
-2.736 5.238 
0.913 5.073 
5.733 -0.407 
-3.232 -5.322 
-4.233 -4.838 
5.179 -0.029 
4.298 0.506 
1.507 4.101 
5.751 -0.304 
4.480 0.514 
-3.604 -5.225 
4.446 0.640 
-3.890 -4.560 
-2.201 -4.760 
4.170 0.443 
-1.126 5.649 
-4.232 -5.618 
4.458 0.760 
-0.543 6.211 
6.225 0.593 
4.407 0.609 
-0.084 5.719 
-2.409 -3.510 
0.478 5.375 
5.186 -0.972 
4.962 -0.228 
0.795 5.372 
0.465 4.297 
-2.187 4.647 
1.357 5.110 
0.062 4.736 
4.514 -1.314 
4.912 0.869 
2.606 0.239 
-3.537 -3.161 
-1.282 -3.782 
1.681 3.665 
-3.490 -4.175 
4.127 0.217 
0.293 4.372 
0.061 3.338 
0.368 6.068 
1.583 5.261 
0.029 4.865 
0.964 4.463 
3.705 -0.930 
-0.761 5.142 
-1.415 6.360 
1.688 3.507 
4.198 0.130 
-3.386 -5.205 
4.187 0.585 
0.315 2.249 
-1.764 -3.896 
5.377 1.314 
-0.124 5.729 
4.919 0.110 
4.497 -0.332 
-3.925 -6.620 
-1.340 -3.558 
-2.703 -2.273 
-2.019 -5.800 
-4.063 -4.423 
2.792 -0.107 
-0.986 4.295 
-1.437 5.656 
-0.648 4.676 
-1.572 3.939 
-3.988 -4.353 
4.930 0.054 
-3.280 -4.488 
-2.316 -5.382 
-3.797 -3.148 
-3.493 -3.397 
-1.387 -6.345 
5.212 -1.450 
-0.328 5.815 
-2.904 -5.671 
-2.492 -4.901 
-3.377 -4.835 
-2.720 -4.413 
1.276 4.127 
5.567 -0.028 
0.457 4.426 
-4.487 -4.425 
4.884 -1.128 
0.126 6.398 
-4.646 -4.748 
-5.091 -3.626 
-1.767 -5.205 
0.328 4.939 
-0.131 5.069 
1.459 4.593 
-5.250 -5.200 
-4.117 -3.967 
-0.193 4.870 
-0.833 5.290 
-1.329 5.039 
3.960 0.456 
5.680 0.041 
5.549 -0.080 
-2.716 -5.915 
-2.666 -3.620 
4.107 0.048 
4.627 1.624 
4.690 -1.150 
0.913 5.126 
-1.430 -5.857 
-2.371 -4.417 
-1.638 -7.382 
0.268 5.626 
4.740 -0.013 
-2.073 -4.664 
-2.687 -4.890 
-4.042 -5.784 
1.144 4.504 
-4.091 -7.138 
4.860 0.106 
1.448 5.739 
1.683 5.485 
-1.682 -4.427 
-3.473 -2.888 
4.686 0.721 
-1.802 6.556 
-0.631 6.171 
-0.529 5.379 
4.000 -0.816 
-0.587 5.176 
-2.403 -6.074 
3.727 -0.324 
-0.371 4.143 
-4.085 -4.935 
1.130 4.438 
-1.110 5.441 
4.212 -0.136 
-1.305 5.598 
-0.498 5.853 
5.686 -1.673 
5.218 -0.960 
4.906 -0.901 
4.411 -0.389 
-3.134 -6.919 
-2.178 -5.156 
5.153 -0.806 
3.175 -0.792 
4.521 0.123 
-1.780 -3.992 
3.166 -1.682 
-2.402 -3.876 
-2.886 -6.222 
-2.226 -5.254 
-0.303 6.526 
5.396 -0.025 
-3.935 -6.072 
0.258 7.750 
-4.179 -3.919 
-2.423 -4.669 
5.783 -0.582 
-0.537 4.062 
-3.806 -6.879 
-3.497 -3.634 
-3.006 -4.045 
6.015 1.328 
-0.574 5.701 
-3.456 -6.040 
3.783 0.223 
-0.224 4.924 
-2.646 -5.781 
-0.849 -5.331 
5.637 0.898 
-4.613 -5.346 
4.885 -1.252 
5.511 0.884 
5.798 -0.223 
-2.001 -5.240 
-3.135 -5.256 
-3.476 -1.851 
3.039 0.358 
-0.241 4.748 
6.173 -1.104 
1.539 5.377 
-0.337 4.340 
-0.771 -5.593 
-3.303 -4.873 
-0.209 3.984 
3.689 -0.358 
-4.540 -4.336 
1.852 3.139 
-5.312 -4.549 
4.604 0.057 
0.077 4.878 
-3.113 -6.025 
-2.729 -5.160 
-3.832 -4.778 
-3.297 -5.504 
-3.042 -4.983 
-1.163 -4.352 
3.591 1.035 
4.476 -1.356 
2.521 1.323 
-2.812 -3.789 
-0.962 4.992 
5.006 1.875 
-2.165 -5.023 
5.963 0.025 
-1.133 4.697 
4.182 -0.405 
3.108 0.474 
-0.756 2.873 
-3.624 -4.673 
-1.860 -5.272 
0.165 5.377 
-0.192 7.173 
-1.055 6.047 
-0.000 5.844 
5.569 0.141 
-0.244 4.303 
3.480 -1.665 
-4.843 -5.114 
0.801 5.472 
-1.747 -5.160 
5.348 -0.960 
-3.485 -5.537 
-3.780 -4.794 
-4.974 -7.354 
-3.295 -5.386 
4.386 -0.034 
-4.066 -3.051 
3.933 1.057 
2.960 -0.027 
4.406 1.554 
3.883 -1.704 
4.488 0.285 
2.409 4.923 
-2.927 -5.301 
3.287 0.308 
3.050 -0.935 
5.478 1.291 
-3.523 -6.167 
0.598 3.553 
5.553 -0.510 
-3.038 -3.928 
-2.739 -2.767 
-0.315 5.442 
4.333 -0.701 
-3.264 -4.520 
-0.872 4.062 
4.644 0.595 
0.588 4.573 
0.090 6.844 
4.180 -1.334 
-0.622 5.413 
7.111 1.517 
3.635 1.108 
-3.554 -4.990 
-3.523 -6.074 
3.961 -1.443 
-2.882 -2.825 
-2.802 -7.361 
6.328 -0.807 
3.608 -0.422 
6.139 0.068 
-1.792 -6.588 
3.760 -1.041 
-2.869 -5.839 
0.087 4.407 
4.835 -0.641 
-3.787 -4.461 
-3.883 -5.066 
-0.701 4.848 
-4.456 -5.503 
0.224 4.697 
5.576 -0.089 
5.932 -0.546 
5.865 -0.305 
3.710 0.853 
-1.091 4.686 
-2.764 -4.145 
6.606 -0.678 
-2.652 -6.850 
-1.395 -4.776 
-4.176 -8.808 
-0.222 4.087 
0.801 4.895 
-0.135 5.109 
-3.616 -4.498 
4.068 -0.820 
-2.901 -5.762 
4.894 1.185 
0.531 4.677 
-3.897 -5.942 
3.843 0.182 
-0.357 3.943 
5.448 -0.142 
3.490 0.233 
-4.322 -3.473 
-3.498 -3.820 
-1.137 4.347 
0.091 5.568 
4.391 -0.617 
2.936 -0.569 
-1.966 -5.232 
-2.866 -4.592 
-1.108 5.367 
0.455 5.133 
-0.773 4.476 
-1.806 -3.990 
4.062 0.359 
-0.514 3.690 
5.088 -0.434 
-0.900 4.417 
-2.486 -3.010 
-1.933 6.276 
-2.720 -4.273 
-3.771 -4.785 
-3.609 -5.586 
5.250 -1.729 
-4.268 -4.614 
5.283 0.161 
-3.720 -4.431 
-2.437 -4.260 
-1.582 -5.401 
-3.916 -4.443 
3.322 -0.366 
5.070 1.872 
-3.040 -4.882 
-0.009 3.918 
-0.306 4.723 
-3.973 -4.327 
-3.112 -4.749 
0.782 5.684 
-3.756 -5.249 
-4.231 -5.116 
-3.478 -6.284 
3.917 0.772 
4.414 1.156 
3.518 0.067 
3.947 0.904 
-3.395 -4.152 
3.786 -0.883 
-1.553 4.337 
-2.187 -5.883 
-0.894 6.382 
-1.829 5.539 
-0.117 5.825 
3.614 0.142 
1.459 4.739 
4.698 -0.440 
4.148 -0.729 
3.300 0.391 
0.618 4.011 
5.004 -0.184 
-1.172 3.334 
4.076 -2.131 
5.084 -0.654 
-1.046 4.979 
-3.577 -5.688 
4.794 0.836 
5.388 -1.775 
0.326 4.532 
5.693 -1.004 
4.196 0.063 
-1.951 -5.610 
-1.608 -5.218 
2.758 0.215 
6.142 -2.808 
-3.281 -3.177 
-2.610 -6.026 
-2.821 -3.632 
-0.875 5.348 
-2.751 -3.689 
1.572 3.716 
-1.736 3.279 
-1.533 7.139 
-3.032 -6.336 
5.544 -1.361 
-2.873 -5.002 
-1.973 -5.182 
4.722 0.059 
-4.096 -6.062 
0.974 5.569 
-0.818 6.173 
-1.890 -5.802 
3.406 -1.672 
-0.248 4.440 
-3.848 -4.483 
-3.478 -5.697 
5.726 1.482 
0.949 5.895 
-3.262 -3.301 
4.355 -0.124 
4.654 1.650 
1.115 4.148 
0.270 5.123 
-0.723 5.113 
-3.168 -5.956 
-3.036 -4.689 
4.315 0.715 
-1.100 2.533 
-0.542 7.621 
-3.320 -4.746 
-1.520 3.703 
-4.110 -4.805 
5.046 0.525 
-2.633 -4.379 
-3.682 -3.285 
2.884 0.515 
-1.935 7.046 
-2.736 -5.780 
-1.804 -4.763 
-0.270 3.864 
0.429 4.699 
-0.853 4.422 
0.459 2.994 
-1.874 5.203 
4.097 2.027 
-1.932 -4.175 
1.833 6.074 
4.550 -0.574 
-4.843 -4.188 
-3.783 -5.133 
3.109 0.334 
4.165 1.505 
3.171 0.871 
-0.750 5.026 
-4.669 -5.512 
-1.629 -4.532 
-4.214 -5.405 
5.017 0.599 
0.700 3.928 
-4.045 -4.992 
0.340 4.135 
5.781 -0.307 
-0.761 -3.843 
-3.301 -3.822 
4.195 -0.193 
-2.429 -3.101 
4.401 -0.439 
4.780 0.045 
4.134 0.144 
-2.572 5.702 
-2.330 -6.452 
-0.839 3.602 
-2.713 -4.556 
-1.705 -4.833 
4.949 -0.084 
-0.013 4.704 
3.489 0.676 
-4.263 -4.676 
-2.975 -6.307 
-1.106 5.358 
-1.285 4.832 
1.266 3.691 
3.906 -0.616 
-0.061 4.742 
-0.389 2.699 
2.805 0.943 
-1.815 -3.743 
-0.529 4.532 
2.779 -0.348 
4.675 1.593 
-2.928 -4.237 
3.695 0.091 
-4.365 -4.342 
-1.996 -6.985 
-2.067 -4.244 
-2.330 -4.212 
2.553 -0.279 
1.381 4.943 
4.723 -1.663 
-0.964 5.122 
-1.727 -5.126 
-2.594 -5.534 
0.224 5.776 
5.402 -0.711 
2.315 -1.283 
-4.385 -6.484 
-0.605 -5.631 
-2.749 -2.972 
0.904 3.960 
5.192 -1.599 
-3.094 -3.717 
0.435 4.338 
0.792 4.692 
4.187 0.506 
-4.195 -4.016 
-1.826 -3.245 
4.448 0.122 
0.222 5.286 
-0.584 6.354 
-2.669 -5.204 
-0.928 -0.407 
0.173 0.708 
-0.303 -0.964 
0.435 0.524 
-0.115 0.642 
0.654 0.068 
0.310 0.644 
0.636 -0.098 
-0.041 -0.637 
0.391 -0.887 
0.118 -0.999 
-0.243 -0.992 
-0.186 -0.708 
-0.196 -0.981 
-0.282 0.755 
-0.838 0.460 
0.437 -0.594 
-0.764 0.076 
0.644 0.267 
0.976 -0.214 
0.720 0.706 
-0.353 -0.636 
-0.852 -0.551 
0.611 -0.338 
0.669 -0.099 
0.602 -0.016 
-0.596 0.457 
0.807 -0.626 
0.644 -0.086 
-0.109 -0.918 
0.088 -0.691 
1.011 -0.365 
0.982 0.155 
0.574 -0.512 
0.912 -0.216 
0.501 -0.459 
0.758 0.490 
0.256 -0.646 
-0.535 0.372 
0.428 -0.475 
-0.338 0.652 
0.641 -0.679 
0.719 0.095 
0.465 -0.517 
0.720 0.411 
-0.869 0.578 
0.291 -0.941 
-0.816 0.501 
-0.592 -0.300 
0.099 0.649 
0.505 0.840 
0.976 0.284 
1.044 -0.308 
-0.713 0.250 
0.099 0.933 
0.416 0.938 
-0.643 -0.264 
0.545 0.267 
0.194 -0.701 
-0.354 1.090 
-0.711 0.620 
0.264 0.984 
-0.551 -0.386 
-0.394 -0.624 
0.663 -0.810 
0.470 0.791 
-0.268 0.950 
-0.431 0.867 
0.402 0.482 
-0.493 -0.456 
-0.666 -0.017 
-0.062 0.986 
-0.936 -0.273 
-1.037 -0.069 
-0.886 0.545 
0.787 -0.757 
0.728 0.677 
0.135 -0.973 
0.344 0.654 
-0.824 -0.398 
-0.813 -0.516 
0.735 0.163 
-0.671 0.329 
0.624 0.308 
-0.792 0.071 
0.640 -0.254 
0.344 0.608 
-0.582 -0.701 
1.111 0.017 
-0.920 -0.400 
0.228 -0.708 
-0.202 -0.601 
-0.803 -0.748 
0.258 0.566 
0.524 0.474 
0.934 -0.116 
-0.288 0.671 
0.827 -0.452 
0.549 -0.855 
-0.636 0.140 
-0.653 0.790 
-0.263 -0.930 
0.076 0.703 
0.799 0.625 
0.859 0.400 
0.260 0.610 
-0.560 0.382 
0.698 0.234 
0.934 -0.122 
-0.052 -0.633 
-0.703 0.034 
0.028 -1.055 
-0.903 -0.534 
-0.492 -0.849 
0.291 0.914 
-0.202 0.691 
0.182 0.656 
-0.633 0.361 
0.319 -0.891 
-0.147 0.936 
0.680 0.733 
0.992 0.365 
-0.491 0.541 
0.777 0.581 
-0.307 0.659 
0.170 -0.991 
-0.052 -1.006 
-0.932 -0.135 
-0.825 0.603 
0.621 -0.735 
0.364 0.853 
0.126 0.988 
-0.561 -0.476 
0.877 -0.533 
-0.571 0.172 
-0.302 -0.639 
-0.696 -0.145 
-0.361 0.642 
0.355 0.568 
-0.955 -0.017 
0.615 -0.401 
1.076 0.198 
-0.714 0.708 
0.896 -0.330 
-0.160 -0.679 
0.573 -0.449 
-0.975 -0.191 
-0.437 0.885 
-0.603 -0.285 
0.663 0.769 
-0.591 0.483 
-0.483 0.551 
-1.064 0.063 
0.248 -0.986 
0.976 0.303 
0.952 0.301 
0.190 1.008 
0.587 0.204 
0.687 -0.246 
0.073 0.974 
-0.910 0.296 
-0.534 0.876 
0.075 -0.691 
-0.440 0.585 
-0.496 -0.864 
-0.328 -0.683 
-1.022 0.207 
-0.632 -0.215 
-0.682 -0.226 
0.968 0.147 
0.353 -0.593 
-0.109 0.689 
-0.050 0.775 
-0.618 0.170 
-0.522 -0.802 
-0.477 -0.518 
0.495 -0.855 
-0.406 -0.893 
-0.153 -0.660 
-0.555 0.828 
-0.137 1.067 
0.692 0.075 
-0.672 0.825 
-0.032 0.732 
0.724 -0.186 
-0.360 0.956 
-0.762 -0.763 
0.517 0.501 
-0.756 0.083 
-0.830 -0.558 
0.318 -0.618 
-0.467 -0.400 
-1.030 0.230 
-0.698 -0.353 
0.635 -0.291 
-0.253 -0.656 
-1.045 -0.070 
0.621 -0.299 
0.694 -0.608 
0.207 -0.667 
