1412 5.60709
1412 2.76775
1412 2.85991
1366 3.40323
3504 6.15837
3131 6.00873
2000 1.32242
2993 2.59364
3204 6.17011
1939 3.70668
2907 5.55293
1719 1.00831
1578 0.947473
2817 3.37052
2550 2.98149
2928 3.03173
2034 3.41076
2399 2.56738
2050 2.78805
2004 3.0771
3223 30.6709
1041 7.76992
693 8.80938
671 8.47772
665 8.36899
610 9.01731
667 8.92769
668 8.19858
583 8.67946
579 8.30541
640 8.35858
614 8.28393
605 8.58327
1259 13.8881
621 3.61051
845 11.2999
2901 7.35694
894 11.1227
941 11.4007
933 11.3564
908 11.4966
1615 20.6323
361 2.62571
414 3.94681
530 3.93879
335 2.52237
307 2.45133
350 2.41763
4967 45.0181
4755 31.7663
3257 112.349
4816 21.1386
4157 63.3803
4791 19.7268
4244 40.956
4426 31.9695
2512 8.93192
1587 8.34302
5000 24.6835
5000 41.3771
5000 19.2848
5000 40.1689
5000 35.2791
5000 17.8598
3952 28.7626
5000 18.9745
5000 18.1795
5000 22.0649
743 6.57982
4969 26.5117
869 4.64477
4527 54.8879
4527 62.7654
4527 62.9775
2865 13.1747
1190 7.72114
4592 61.7597
4595 54.5657
4510 71.0893
4522 69.5108
1743 8.70475
1891 9.60237
3011 20.994
3442 28.2063
1989 18.3937
1995 12.5049
4636 19.8356
4649 19.8074
4511 33.2936
0 25.4188
2788 18.3052
2788 18.8884
2785 19.2495
2776 24.0522
2782 20.8664
2779 22.6874
2776 24.8203
