1429 0.303461
1529 0.303461
1629 0.303461
1729 0.303461
1529 0.352949
1529 0.348847
1529 0.288429
1529 0.545563
1529 0.558443
1529 0.531088
1529 0.539836
1529 0.538742
1529 0.528123
1529 0.552786
1529 0.532722
1529 0.542833
1529 0.283321
1529 0.283389
1529 0.285664
1529 0.293089
4999 0.0231821
4999 0.0202934
4999 0.0185935
5124 11.9968
3635 7.51303
3635 8.24294
3635 16.9036
3635 17.0988
3635 17.6826
3635 9.04668
3635 12.16
3635 12.3025
5714 3.35705
5714 3.34168
5714 4.00886
3000 8.48157
3000 6.20711
3000 6.38178
3000 6.27495
3000 6.51474
3000 6.76459
2089 0.673264
2089 0.516925
2089 0.701189
3800 10.8343
