2000 2
-8.320618792563824 -2.409319168022744 
-8.515135111429707 -0.9604312305587243 
4.579253546824561 -8.55675941364684 
5.4800346400635185 -7.833520992325304 
-9.530652416687916 -0.573040194928749 
-7.802453916296427 0.2814328313726526 
-7.194929842605523 -1.1874114380033134 
-8.700474373007337 -0.9040779703995228 
-9.603660499766185 -0.0949718949312941 
5.198499372204062 -10.440684023254702 
3.1872026898183354 -3.5330312342269283 
0.8672705069929527 -5.149993047352599 
3.6085105731567064 -2.8822920739704783 
2.55268919724974 -3.5198390419084786 
-8.832741195871446 -1.2907921135247786 
4.1125555376045355 -3.7855176659371192 
-7.974261674330943 0.6009517571170704 
-10.463285259167717 -2.1504703819200555 
-10.00189682741448 0.8135770015019095 
1.4260041993671047 -2.1926591450120236 
-7.37055214591481 -0.43818913924139646 
-9.942073068609636 -1.5485636738785438 
3.228773345841149 -2.915402489824215 
3.766769891670939 -3.999429642526561 
3.5279707927854504 -2.3426448408105585 
1.9518804512390475 -2.582769953705524 
6.456858700764506 -7.273422210955076 
-9.72983409024518 -0.12560698392487302 
2.3829436727934588 -4.161624638495093 
1.6749922302911382 -4.074719851964054 
6.444232109049436 -8.51019049008383 
4.446036881287864 -9.967145493726155 
0.9962017937417507 -3.459938481813026 
-9.964007918596101 -0.8183230050052446 
4.749312720912016 -9.570714696009054 
5.0893694008271915 -8.89354466914828 
2.7948458945492067 -1.0699751984331274 
1.2903076382360903 -2.5696910834000604 
1.4372238429359279 -3.55429368645621 
-9.351686366997466 -1.3496408852165618 
5.818207198685884 -8.581862488360855 
4.605099309108642 -4.047411238507375 
2.922683915229487 -9.578417818747713 
4.939611615354723 -9.984989344942987 
3.029079335308999 -3.3083559344442 
2.606531303286438 -2.3989117460959575 
-10.610482482196856 -1.79502441227459 
1.845632907984824 -1.9083593556362701 
-6.912127302508099 -2.020160789489397 
4.227408009041545 -8.966730094258068 
-7.836784515476277 -1.5959743544036122 
-9.0250642212474 -0.9945127946241324 
-7.874004953123726 -0.021586424338431387 
2.8684072517084673 -3.8498998815578327 
4.291555550544318 -8.942758154117415 
4.470378362250923 -3.865188384347299 
4.794977193058559 -7.065332002998064 
-9.57233197558818 0.0014517845680082075 
4.189895911855705 -9.544404701518065 
-6.89206199399283 0.4914809168923726 
1.730837235787731 -1.5538594717533132 
-10.194381278289528 -0.8377911530722706 
-9.271163101025293 -0.6393184044436524 
4.194608704623255 -2.4070737152524084 
4.773357910776446 -9.717664273651934 
5.788526771680496 -9.859997921885473 
-8.64317454551587 -1.0221036511265462 
3.0917882151608995 -3.946878862754874 
2.2987633111585093 -2.468240222217493 
3.8811395813372 -3.8733658526118635 
3.8145421114349203 -2.9531829034674812 
1.9936750250093718 -2.6232413812560305 
0.32093672247135485 -3.1196581875801503 
-8.777735787458635 0.6648913971935981 
-9.544260781122887 -0.3791913361431719 
2.132358253841124 -3.8138758886203914 
5.254005992815787 -10.511795960857242 
-10.28606338476109 -0.3304000222613849 
7.390839563207811 -9.782075938141938 
4.458058932416572 -11.293105354554466 
2.751804091298071 -2.4675924079726808 
3.845525430138597 -3.95794612307439 
1.9864156406094169 -1.8527826639380216 
-9.2900632691462 0.5562110785947232 
1.3647770876611665 -2.712700412913447 
5.773040676073809 -9.063806367854381 
-8.292449428363984 -1.4014740317953467 
4.7880690844285745 -3.0178331127857416 
-8.858027313773656 -0.5453525357570683 
5.329270244835892 -11.16867191518405 
3.003816566472631 -3.0058934643861352 
-6.0047082472440465 -1.8556920446907723 
6.134061531138788 -8.409348496479724 
4.16338536724879 -7.88453813981982 
4.151224942269187 -10.300084914922643 
1.2698954094458628 -3.058027526582578 
3.490138645589315 -7.933304452549534 
5.2625142888661145 -10.32990849021938 
-8.550976796954945 -1.2910715952155283 
4.773120328624902 -8.595406929438951 
1.6466071722354805 -3.7400246480051322 
3.42758295781647 -4.897428643469334 
1.695569628643916 -4.1200641258735 
-7.603520227708962 -0.2346999157144709 
-8.074493788054566 -3.3626628847237 
3.250979390601332 -2.392640886186176 
6.1187982886473025 -10.709147261477293 
5.8334220828977905 -8.530388265507465 
1.3355712372756692 -1.0841288297301968 
-9.934300558368989 -1.769688327060364 
1.0546659976425148 -2.3446423051773655 
-8.46984537881673 0.5963199047880663 
1.4677880605674578 -3.387464913477373 
4.946676504893592 -8.67125888787367 
5.355635178113424 -10.681967891981326 
5.306085207969463 -9.919579041153387 
2.2562454043896905 -3.832497188751792 
-9.122662851296996 -0.5492347180988661 
4.214551992464832 -4.456276637762095 
0.5442799554296485 -3.481518006082623 
2.7947093869968342 -4.237328929426537 
2.1593329106164836 -0.3832237136904073 
5.87781551299048 -8.598873465229564 
6.400227620116449 -7.256890320709852 
-9.31738024737297 0.5756502856720573 
-7.908537446020801 1.1752368122836714 
1.8358509718246099 -2.291508800606395 
1.487326630275614 -3.8174769295479734 
-9.641734134769504 0.6322833917187918 
-8.94720960065033 -2.4274915016579715 
3.6814913328954546 -8.848031877177377 
-8.15913584887003 -1.6810148149184085 
2.371460652862631 -4.297643069454236 
4.059426494096447 -1.7231200765087065 
-8.973597757987088 -0.5803240827270537 
-8.54510085542004 -1.2938844075480909 
6.581117276718716 -9.842384233327214 
5.882857085781919 -9.097467594664952 
2.4153071003292537 -2.2563434434887477 
0.8116162990780951 -3.7615838196514035 
5.074450811690444 -9.73986783536118 
2.4608733842304904 -2.7144190611503864 
2.7478491710765685 -4.368446191906632 
4.905459735100506 -10.452559916474472 
1.3838649871408712 -3.858177385796385 
2.2467074711738393 -4.499986140883612 
5.584133026394591 -10.459991802106407 
-11.292026682346172 -1.2754013678025724 
-9.35746742992381 -1.3873363830061731 
-7.805387112880859 -0.8383222216873818 
4.321106591419934 -8.416034686700531 
5.887628777862771 -8.155961624128489 
2.2830592837085812 -2.6464873464941268 
-8.652970698173101 -1.1985551871434637 
3.4334246312908396 -10.569001451836693 
6.992090475745417 -9.626499125071414 
4.248079666693856 -9.768979767317282 
1.2691034691700747 -4.516080382916848 
4.3367158994591675 -9.094540640820087 
6.484254419011725 -9.771253686901845 
5.417721440662391 -10.039309718842734 
-7.277288605697948 0.35038156540962495 
5.299528721618461 -8.06278461517769 
-7.949050428067373 -1.0059149296582397 
1.2916932363890172 -2.760608066341675 
1.6647148214489043 -2.1257418249766 
-9.873328026856642 -2.566197809072748 
-8.791357426860635 0.133231795028254 
1.6822628394636188 -3.362574887707259 
2.667209673445719 -2.6144457092176645 
5.575520828050248 -10.077342804567914 
2.791827307410413 -4.268535920946035 
6.0995932608659995 -9.558749276600395 
4.50962375783682 -10.0297113267812 
-9.022243197946075 -2.3686464432366714 
4.347251944976657 -8.281245205445007 
-9.343285823274059 -0.8987946416226742 
1.9467792609905954 -4.674038124125843 
-8.354585634324645 -0.5015452518020288 
1.1984222415168133 -2.3869809619475424 
2.3557793817785195 -2.304636217797971 
1.8295485550853252 -0.8193642645234278 
-10.553315633607486 -0.0714422471110645 
5.903579033971554 -9.743525163368563 
3.1802945745162554 -4.075224985556215 
-7.286096629506323 -0.5365057564608489 
-6.70086708430992 -1.7336458584566343 
5.2665786447375815 -11.732420197142092 
2.1053274656680037 -3.2040777970228898 
1.5589664250823327 -3.3801432030604426 
4.765758623661808 -7.576848614546902 
2.5374097673480054 -3.302344761499767 
-8.175190829687901 -0.936866657030606 
2.742408380029257 -2.755386173479589 
1.2036272415501288 -3.4400322861677077 
-0.2984942725450628 -3.7728175949271643 
6.922186108853241 -9.22182629336847 
-8.252829395360854 -2.382731198476931 
6.275639997045265 -11.018177285231527 
4.8674540396053025 -9.07278462859697 
3.8484063959025345 -10.872471795997567 
5.261891232914484 -8.955332988336773 
4.708278077421793 -9.073997551774834 
-9.190013224436791 -1.441351781467805 
3.8251818363700383 -4.128729605854834 
5.336305798141276 -8.203435310260822 
6.885749230871873 -8.95978299631201 
2.594314072337674 -3.6422947603677738 
5.069181630923498 -8.275713291317228 
7.829828676871311 -9.394065213333263 
5.75366491457818 -8.3181585057821 
-7.4796665960290465 -0.7154936255444106 
5.4295129380122145 -8.30696990752979 
-9.28990862300221 -0.5440508025573264 
6.342425923554785 -9.074190131334205 
3.7240694677598896 -9.287770347850765 
5.3168838576191115 -12.707169887207154 
-8.65358544633271 -0.3533277069461457 
3.4003550270753014 -5.509742699406225 
2.2373306659257266 -4.013048715593636 
2.9429883577161773 -1.9592599365409475 
-9.06720662034158 1.3031517771106405 
4.0371477434253205 -8.86054394227457 
2.183031185503145 -3.506675114757046 
6.112546268740344 -7.923280545188377 
6.951873648359751 -8.649146976291822 
-8.66195448683949 -2.621737136513201 
6.184145202726426 -10.212605106294257 
0.1673398256618115 -3.6288204722761144 
-10.187520447412126 -0.18984168825943315 
4.225661471238922 -2.3306333692630985 
5.3551392669446765 -7.916670617770778 
5.085802047774565 -8.620177242371007 
4.768370545763574 -9.712097050495702 
4.325814799943046 -10.067591297817165 
1.312998106770735 -3.6620893502034955 
1.3897828624387216 -2.0721494474481177 
-9.05022533900225 -0.8212726170469594 
6.440657575322631 -10.38589926444017 
-7.504711501833543 -0.09922823260939528 
0.8251352753790482 -3.5720141734871884 
-10.131646309832146 -1.3147867240832727 
5.316484158253058 -8.945067494715252 
-8.900399010031446 -1.5471774767012487 
-9.001276954941865 1.2872880598290495 
3.550960014252407 -1.78710786012729 
-7.486169025476395 -0.7283393317418156 
5.487616768444912 -9.475360197675334 
1.9240096848796198 -3.28979564086507 
4.566040920503953 -9.8024625281731 
4.462285666951331 -8.78518379936242 
4.422059430017376 -7.726456008856492 
5.634566290216173 -9.491431355154816 
3.597557251285719 -1.2346660347179224 
-10.468538987664026 -0.48111641124124027 
3.0208976362220312 -3.9778754613266987 
-7.7604564650376195 -2.061595983599943 
3.5127482983403215 -3.0692043047579056 
4.365083677455134 -1.90350962408342 
5.223588602553111 -9.371285391640814 
3.4895111164353874 -2.090273428533648 
-7.58252141059012 -1.1499366550283203 
3.494382419522726 -2.4872943326565884 
-9.440106533221456 -0.11398771353218462 
5.503326053896774 -10.352061084227913 
3.49690247515155 -0.27860670891656447 
-8.97527422763306 0.22538103880502525 
3.491702669229896 -3.8179467129353974 
5.6042230247027796 -10.061977279556679 
3.709490508040516 -2.8921516812640626 
5.422569757653844 -8.996710696936452 
5.245908910113439 -9.232927871997681 
-7.253975909842994 -1.0261467323152327 
-9.102284431658617 -2.1956201965251427 
3.133739135089031 -4.065762137788412 
4.416139227238087 -2.0577784840470175 
2.5129276913208076 -4.565920941558437 
0.5209738251009071 -2.9008955701653703 
3.722693240417594 -3.8102346734946178 
3.2803469190195207 -10.031761920516741 
-8.476905112451503 -1.822144267273288 
4.636317944494102 -9.631487862139526 
1.8156144980415712 -4.556193165358823 
-7.633103138055021 -3.3881859169933817 
-8.810913186019274 -0.01759099056313851 
6.438594662437319 -9.189194110422502 
3.3746969518681165 -8.25862974200982 
1.2304347309103434 -4.238205519082617 
-9.1696958576448 0.3182366385146529 
5.394779873550003 -10.247355940688815 
0.9628864476548451 -3.0002715517922893 
4.4989690068328665 -2.8094135569857643 
5.8650975427501875 -9.318143617838263 
-8.720861205515108 -1.2357299388899032 
2.2439668661836945 -2.580090670227976 
1.506842762461225 -3.0116974153110054 
3.4073846911763983 -1.9241494904270078 
6.117367485109036 -7.667640428802965 
0.8976867984692076 -3.2305933062072376 
-8.44244059376261 -2.035627877330404 
-7.0258230048881956 -0.7255412389462828 
-9.015289458761467 0.05537039009063527 
2.9290730641420497 -8.379063498021903 
1.4612098886749405 -2.061416196862072 
4.487887642947446 -10.070967501982732 
4.1896301771369275 -7.757747195482811 
-8.383064140793298 0.3943830837253286 
4.891250881340999 -8.019520572564511 
-6.880790201094284 -1.581325900692529 
1.1441473408772784 -2.8978601866257616 
-8.512969911652153 0.06001871836476158 
-8.592367855150172 -0.7496196233907729 
-9.433737331773814 0.37773526773968746 
-8.563444099472031 1.685390915670793 
6.219591146172899 -8.596713491949325 
2.7650318517744346 -3.2169430980642324 
-7.514710018945826 -2.6590856602017534 
-9.622639645299747 -0.09569523702933813 
-9.533210652726892 -1.117456732052573 
0.5456751773401496 -3.1681127684719668 
-7.821066942735285 -0.4096849011264425 
3.481161296072927 -4.283236398160883 
5.426329190355472 -9.934956181329504 
-8.916809063187563 -0.9520709169594406 
5.897979553639352 -8.677779122810618 
-8.686344735071996 -0.23542659432726654 
-8.968199583206992 -0.9467893222591992 
4.58760135277721 -9.592783900435577 
2.9057780193336504 -7.715957302446046 
-8.742299139649454 1.454430474973333 
4.772401344273468 -10.177160400855552 
-8.27724801552248 -0.23738186749044976 
2.444445833093768 -1.034345242976712 
5.772491602026328 -8.809804738009996 
2.0858759441888926 -2.9561135279247246 
3.18928711202449 -2.258474020799552 
4.201041499860896 -10.922564173466265 
2.225081775116847 -2.0497657040807518 
-9.404795275324389 0.16432298260054568 
-7.329979225545924 0.41642238645144847 
-8.455660267826037 -2.564497285842868 
1.8216471883046408 -2.2453344840935134 
1.3635536847458418 -3.86060239488428 
4.798935189187206 -8.9826406974715 
-10.170843323773072 -2.5478319509895595 
3.7687563336887 -2.7721791968157183 
-6.621334477338114 -2.2460531139860187 
-8.446256680170343 -1.3888713608646486 
5.060050241928521 -8.739281518304242 
-7.2800576487873006 -0.1438076158992342 
3.93890916729573 -2.397288920410311 
3.5905219437461544 -10.284177985025032 
1.9647799301820605 -2.0135156237583796 
3.6561922472962873 -1.880501084203612 
-7.156239192235889 -1.2613517326330281 
-7.457255486638175 -1.131676623580135 
-7.72783037894734 -0.40854075091354847 
-7.574688602709836 -1.4463841827662434 
0.18974155042723329 -0.7217035501476281 
4.831112089616472 -11.136928313781473 
3.333349624251334 -2.8065139922796862 
5.53346282038633 -9.860263275905213 
-9.106278880114774 -0.0919239979655061 
4.870733599748673 -8.220168509807081 
2.0151572976972347 -0.8811096155313694 
4.6069167718929105 -9.855615603202653 
5.261446678976208 -9.570085209386578 
2.928998032757217 -5.104799993419373 
-9.392691400375332 -1.6732599994080433 
-9.260779349357978 -0.9225411056056365 
1.5761898130326735 -2.8646706166926394 
1.1657612494840608 -2.0956219793691604 
-1.061873612539578 -2.1419436961709253 
1.5839453253431854 -3.036410052223314 
-6.3011164939600235 -1.0950775428096204 
0.38811467209047157 -3.8103205165068075 
-7.80168247620229 -0.3248890578493444 
-7.681052934284421 -0.23480528622878127 
1.9404722582960372 -4.194678061087484 
4.061415871885307 -4.553576144220352 
2.2649396718619488 -4.502172459919249 
5.258056341852862 -9.441377939464443 
4.4372629454808665 -9.696853215817946 
-9.893722448192806 -0.8491043398811544 
1.5473556315426615 -2.5371208702045434 
2.891754751782139 -7.947167018540102 
-10.308041705511165 -1.2674239435498373 
-7.395280979690437 -1.5112370232747976 
5.552039204265912 -10.532591745618381 
3.6730612665498152 -2.4074760182123565 
2.0867810685115 -3.1985420643094877 
2.1146592462970077 -2.419509928435217 
2.4892839063823504 -2.6746951723543906 
4.807219362735508 -10.082656810760339 
2.448367822854733 -2.333656998211806 
3.887312796403157 -8.07038601641925 
-8.603503149639272 -0.9887152930960458 
-6.873209554824836 -1.486024980722464 
-9.04962277431409 -1.4652717871147656 
0.5091110283166331 -3.05925555107721 
5.466665944509063 -2.429129157210044 
4.301397547666019 -8.164987475838814 
5.391990525566395 -10.400481610966889 
7.011840460024591 -9.456695193428184 
4.9378746466193855 -10.907866603460288 
0.7961228794069208 -4.047403754317827 
-8.466653459796623 -1.0485967324636805 
-9.647079753183489 -1.744307974024895 
4.244359033562345 -10.563136335414928 
-6.952850406490949 -1.5545078245169874 
2.746270618088243 -4.429705249950443 
5.2500448485923314 -9.71241801304723 
-9.534191774200432 -1.3199543234465665 
3.6432044358785483 -4.779570391652016 
4.935750647051766 -7.926841656922667 
3.619543050570217 -1.8770982414924229 
-9.813121259892103 -2.1665190556008667 
5.6444033192957095 -9.60906270859096 
-8.871042282155221 -2.162972462521247 
6.557694509638812 -8.41526412573001 
2.289506082252348 -4.089291277149202 
0.2946840915133162 -3.825286715247214 
6.359113645323815 -9.141619888632029 
-10.521845691540557 -0.0412247193121934 
-8.676635500141748 -1.6345012107717274 
3.0679051870953784 -3.0112587218910307 
4.728410002044609 -8.021651570294978 
5.291184146938864 -10.34075731052534 
1.5756862946358008 -4.4003434070965834 
-9.066887211032515 -0.23782212596755847 
3.4424060402825765 -2.8536415947994165 
3.595592101116101 -2.5385768167569447 
3.8422939046199414 -10.326736464115966 
3.8158461896495144 -10.114155396352304 
2.4132008086242216 -2.1052129183900514 
5.184579153415467 -7.358010439855213 
2.229606775290448 -2.6731907379875386 
-7.432953297231889 -0.16400031655980352 
2.568936575405675 -2.61523399373526 
4.806240446240133 -9.231840317019387 
5.718004755516861 -9.46165848956666 
-8.781991270730693 -1.4331334126762807 
3.5477970318744765 -8.479405583007972 
-10.643006855363655 -0.803777360511946 
-9.035186716132088 0.8009647935641191 
1.7756747813148013 -2.9741830364347885 
6.783884763482831 -10.395038566477512 
-9.71014261436245 0.48775479224289375 
-9.67326124433922 -2.243380015939419 
1.6053681134028346 -1.9823526184178752 
1.8167511511516201 -3.329167229513799 
2.7377675723027015 -2.8153885592587233 
1.2260327071353883 -4.068262499311359 
4.817031482412357 -10.869117685385394 
3.2665554308733413 -3.429070964055143 
2.681106401367292 -3.521658068089636 
-11.089707221915454 1.1036376660042158 
-9.280288939555147 0.3118476074625689 
5.416818300376989 -10.590001922903657 
1.9176349898307514 -3.2832419707857743 
2.3500350683690034 -3.0190454660196497 
4.496515979663613 -1.8834090853987697 
-9.587052628458155 -0.4971771080586309 
4.5807742089226435 -10.417031515114935 
4.9142405900139705 -9.197394733385106 
7.906447891741254 -8.602579827665672 
6.534319960714558 -10.502358699663459 
1.861341937491181 -2.8985357250316834 
-8.515028339695354 -0.3946243182535252 
3.6104836512057803 -3.9977776227234534 
4.917245861788747 -8.093828971838539 
-9.89936473936036 -1.1797838964204181 
-9.590975315340852 -0.5051456492347061 
4.9410456692246765 -7.629879472301564 
4.490773314603761 -8.822686030939366 
4.573530523291275 -8.775862701201477 
-8.380119643888454 -0.14044767218212562 
5.213044444952994 -10.512383985590917 
4.421586443399463 -3.979978442008494 
5.29252334519271 -8.020457983535378 
-9.89508992414182 -0.9136945025373285 
1.8566920145211487 -4.1873806143513566 
1.101459888987813 -2.947871888785734 
3.5899608094969864 -3.7229139883368036 
5.923041613191536 -10.06510652009724 
5.512737994570597 -10.171815593169576 
-8.262790354809729 -1.4880742434938834 
2.9481196864947696 -3.2766399731122564 
2.536143188115523 -3.0847991404767043 
3.2770251500281384 -4.365408199305617 
6.226196804794495 -8.50430424594856 
5.845150806601928 -9.356411259879204 
-9.187842978987796 -2.2393050215955297 
0.6999556512427016 -5.067333957305188 
3.1903300820737592 -4.098764078604043 
3.4345378134134146 -3.985146643348722 
3.910367305475189 -3.4977773775920253 
-7.893761569933215 -2.054968275171035 
-9.034808108639044 -2.960921366093353 
-8.529475411554747 0.685170756866653 
-10.396419515009555 -0.8956229440900749 
3.8981398205302327 -4.019878750488865 
2.6903905259924765 -3.7991411908337147 
4.716874747675053 -10.161245117369754 
0.5001754952147845 -3.2713487357268205 
-8.360466073280742 -1.835420661646886 
4.870629988662529 -9.37618580320666 
2.7419769885383714 -2.476528839651622 
0.3893433676307563 -4.672966456643746 
-7.428660492904823 -2.3283559268643454 
5.385958788989878 -9.271135035895128 
6.262267618884284 -7.961933428883494 
3.5482355741572382 -2.7965481158153582 
-9.90066918074762 -2.3802663181358943 
4.77306395656019 -9.79536434827822 
1.0033502629126096 -3.8703672208771263 
1.9616105813223985 -3.9186324326462953 
-7.278733419699775 -0.5435987605609459 
3.270917146104099 -1.9846871871082703 
3.4033233410984045 -2.609361053812589 
-7.872720979633593 -1.8911143468756415 
-8.102415041125367 -1.1775585881628432 
4.6643552896088 -8.17751329348557 
6.224920561825203 -10.238407539127486 
5.095840847085164 -9.113888548077778 
1.6520801744617817 -3.7731931223567323 
5.30708815330965 -7.666153839605245 
-6.407095340564397 -1.0766909626699033 
1.5570684743480288 -2.7220654195734304 
6.440191589844918 -8.69271232915444 
0.5595195342050063 -2.205656296898515 
5.919815409100421 -9.310158512907165 
-7.0391634970582775 -0.6016871236767332 
-9.73289461611071 -1.8816541200478212 
-7.103015075367324 -1.7435959438317365 
2.5239150722784687 -2.9832619428026255 
-8.226467357742482 -0.18593505133254806 
-8.955507060757865 -2.313795898726015 
3.3822376460731975 -3.417010459659054 
1.9822733155264725 -3.3999626106460754 
3.295279032590459 -8.845635549554006 
-9.11222241734607 -0.2973622340269174 
-7.097667518170663 -0.04969844386327782 
1.1156339727939697 -2.7466650561495527 
3.833764859521459 -10.629233116581542 
3.761183779932843 -9.598819991905813 
-8.291192685975037 -1.76570143689686 
-0.07074494771092565 -2.414787334019126 
-8.831391548797216 -0.4445110069401841 
4.905569328081876 -10.748067812921123 
-9.074759176742306 0.024779384184429487 
2.6182941941885396 -3.1959002075118215 
1.164752472865801 -3.91335816376541 
3.254086815147344 -2.727485085886788 
5.473628526200627 -11.308394913413771 
-8.436242959396907 -0.6291420450408806 
0.7528680547989763 -3.256587634351571 
-8.140115051069905 -2.558990495014415 
6.373810710213338 -8.185000609443016 
-8.787931001756228 -0.8423572209376536 
4.25300818107837 -2.4414295355975115 
2.7240065399868216 -1.4705430061475016 
4.295140840303959 -10.206902708407805 
5.914842754073184 -9.792824898626453 
-0.5623011845866386 -2.0859261700428258 
4.292865752273625 -8.838250411124715 
3.448264034266139 -2.9188712963690726 
-8.776924437654564 -2.7508177663776125 
-10.01163232238707 -0.21883538464939045 
2.854778718982932 -9.911271088182806 
4.37514289875401 -2.7927231127090346 
4.6092659999663 -9.107382764658812 
1.4041050874380359 -3.1564413634555284 
3.8378382971005607 -2.863224092135641 
3.3090975995796943 -2.580934001964469 
-6.750685064963838 0.07635218102627483 
6.73162782435056 -9.682100919746027 
-9.526171699230737 -0.7945894680943233 
5.331974734589409 -7.823838351988976 
-9.257241430360757 -0.6373411015953926 
4.033089559300404 -4.157111188885805 
5.818125922157201 -9.26456540874925 
5.811402874784979 -7.707716282479159 
5.292253592831398 -8.669886363812335 
1.7531955009879479 -2.1713485795709655 
5.259050621939837 -8.42933647445313 
-8.066301237634905 -1.4330672439780336 
2.329138896391668 -2.8147617679630352 
2.314743998916986 -1.9061362647572313 
-9.426951607611947 -2.4750228955468847 
5.320781469660293 -9.399842860433909 
4.857728573764145 -1.1583796920633973 
-8.603701947404437 -1.2164061331228737 
-9.575862794632691 -0.33788629285816973 
-10.630759124282275 1.5445179497333386 
6.681566738137131 -8.31460933337168 
3.854443811221451 -8.8526575305516 
-9.774548092162657 -2.280470929568189 
3.744376166888016 -7.10333448443412 
1.574818707519953 -2.192020074619636 
6.1485426217096935 -9.356217410382625 
1.228907653670658 -3.3018505434952155 
2.1510348258026277 -4.218048979912412 
5.449751518782567 -11.856928721042708 
-9.953043895290422 0.19438056379877944 
-11.635253222590185 -2.383867713144383 
2.2502320785794017 -3.2650445180257535 
0.8743011099849449 -4.244535756062431 
-8.203393786336878 -2.1429664643883477 
-9.118123776282747 -2.042993161706026 
1.2829862209338359 -2.408901854556085 
6.690294714284435 -10.197159342845316 
2.6361910465076557 -0.6126847021320732 
5.950141455958056 -8.463805653545347 
2.781466702619746 -3.3322877101807022 
5.615423819985362 -9.001497645180217 
-7.371831746949427 -0.10136952322279924 
3.0178469223777666 -3.406624738767885 
1.061943901769582 -3.316924730016137 
3.898253670074863 -1.878282284604109 
6.085157835267851 -8.261209567841638 
-7.613965798845931 0.8365768582096706 
-9.94629350412246 -1.6170460679693364 
-8.61967356324295 0.04343543484688217 
1.3778935951552744 -3.5022598330462524 
6.273382903269694 -10.176362275904268 
8.059291886826701 -7.735321259490202 
3.596364612174434 -3.042917395125693 
3.8831086936789196 -3.129076904352235 
2.9066166048046407 -9.907535826461888 
5.5066147453782435 -8.337011928330945 
2.5011957251612933 -2.0666497658254483 
-8.184238440093155 -3.553582151382576 
3.9410148470676303 -9.473436559168793 
3.3786028975442575 -2.4780999192449573 
2.1532678096914863 -3.101569931834288 
-6.965197916686754 -2.3931079504223653 
4.4722320702574265 -9.701407435417737 
4.473795008005156 -8.394263961853103 
4.391763053033967 -2.0141196811475277 
-10.094084656795406 -1.8110748611088976 
-9.63921002637921 -1.1937093571454007 
6.475789471845907 -9.282805734941961 
6.5572971868032175 -10.669105427413445 
2.76205362139017 -3.9972999437706367 
-10.297105169421036 0.3400401794788861 
4.552055371303071 -9.774687849192858 
-8.226870393391831 -0.5523538754551168 
3.078763329734995 -2.66504733055867 
-11.098986476133847 -3.6552718399582784 
3.1362658504603456 -2.2734555519575688 
5.107450835510425 -9.230094126847009 
2.5573975250366345 -1.8310428633427982 
-7.173622783817584 -2.163874915884062 
6.1508858833356115 -11.10706002071906 
2.562008064999035 -3.489507520434944 
4.6140289198759294 -1.9691970198321151 
4.740735726787133 -9.770839201685288 
0.5076843649151872 -3.839486396270135 
-8.708690948375143 -0.7448126057301127 
-9.313520950231775 -2.0666929527447695 
5.32092647110779 -9.827260142918213 
-9.370274806030665 -1.8395194853400183 
1.6169102474548436 -2.1122519996750815 
5.719872517434484 -9.007588671931568 
-6.560656624049891 -0.8619933948927725 
7.085602832918736 -8.276849642181812 
6.134765224929736 -9.665799150041831 
1.319406162989798 -1.0193359991944584 
-9.107463080902402 0.04931058935775212 
-8.068294710274387 -0.7818820310738265 
1.7921840276677683 -3.8660531587654847 
-9.199357015730195 -1.4256264522984248 
2.916908151338215 -2.228891218553224 
-7.268289470255841 -0.25655032702910296 
2.3366302131930907 -3.8293601356194893 
3.6091391983123926 -6.791509308340364 
4.68981132399518 -7.906686782479959 
3.7797760656848434 -1.4206500653782996 
3.3231071529034812 -9.593973024828783 
-8.74671061806939 0.24472528197308652 
-6.782662191756943 -0.8406297449162902 
2.869224269541168 -2.2923240280906523 
1.309007874026533 -3.595121516010304 
3.2829963552682813 -4.189415267779994 
2.3053948972733127 -2.356490920945586 
5.790061055274544 -9.851247559045161 
1.796396018539451 -1.776292387596718 
1.4164664023315998 -3.996076709403024 
6.2295179490180415 -9.239818019936095 
5.521168144212294 -9.339088652176711 
2.0187212208803107 -2.637048426363556 
4.200780735434002 -10.119650383479678 
2.033489601061864 -3.3788380431443925 
2.968017815560544 -4.2640530569122275 
-7.071616962368218 -1.6811041719586097 
2.8386938571027738 -3.4207402072240507 
-9.352812544359505 -0.47821471549417693 
5.1828746490186335 -8.13787881604829 
-10.944017634344046 -2.8238413943980127 
3.428729716768509 -8.807447521674844 
-6.577107009605814 -0.5169380663550356 
3.369228287246888 -2.0753941249389163 
6.0184905350891835 -8.28681538342703 
5.4505429669702785 -9.06588086985263 
5.541125972285718 -10.272788363176602 
-8.421274080040725 -2.003417844880913 
-7.646397002366018 -1.0025519545259078 
-7.412641054440104 0.09215810599480023 
4.627533001620703 -8.56137470386759 
-9.416357067784398 0.12434964052435671 
2.7679165433706805 -3.113526239852244 
-10.438172652577887 -0.7582823380689653 
2.7076426773814513 -3.33521823036923 
-9.13214943755411 -0.3897161843553292 
-8.343382053047916 -1.522843872557992 
-7.243481506784975 -1.4372465196644082 
1.463039952558903 -4.072268686980463 
2.831027538732715 -3.5090859845735274 
2.8317282515157753 -3.331579928410732 
4.716516344514291 -10.713203684477936 
3.66978579620581 -3.679029215542245 
1.4655375399377 -2.769512184728851 
0.49584410073725094 -2.097710968925211 
5.616064841718039 -8.85584182010731 
5.587820519290912 -7.861920096134114 
5.446467215184097 -9.653396087145513 
-8.150460515640336 -0.7183677760896277 
-8.36739195876071 -0.3705440968869115 
2.8424575121067295 -3.5564789644698775 
5.360852011117627 -9.82281480797813 
-7.664565211961856 -0.33251421387806324 
-7.183950745466981 -0.8623450160976416 
4.76109988118708 -8.345091922904658 
-8.864127095490742 0.43885426364112856 
5.0835772901565495 -9.218462175395626 
4.441417202962358 -9.807653232701412 
4.3969230449603245 -8.561668014822306 
3.0131272906065103 -2.772433001718258 
4.184235718925633 -10.463826915489648 
5.847388904034803 -8.401346793200995 
2.060857973550057 -3.5937981821735705 
5.475449473371745 -10.342387028755713 
-8.410481750541646 0.7736791851640028 
5.046961620582282 -9.245404783723803 
5.47468562806305 -10.69556884021427 
4.20159157489466 -9.545209847782337 
2.750492284012261 -4.422291554616391 
4.768639033998874 -8.518679084213858 
-8.689368916543174 -2.28303304278332 
6.144005735687608 -8.730342607539871 
1.197579400289431 -3.1984253634413 
-8.990031098964447 -2.2729037664379295 
-11.056089626547472 -2.0072953295036706 
-8.38675227153264 0.051627471990149276 
4.528105171342061 -8.77932740296951 
-8.972066485525284 -1.4940835887939605 
0.6962691002477839 -2.7873813443044044 
-7.75330740332594 -2.092603642020171 
-8.362250867969802 -0.9243872044278147 
-8.798669716791773 -1.0185062904178477 
2.4200589122267684 -3.356048913301503 
3.4558187853418803 -2.5141233578426863 
-8.391138279230152 -0.38414791388813807 
5.7549001385915775 -9.359415161985723 
3.148381402619608 -1.1247924942846366 
1.894781501616538 -2.748364058931482 
4.987704643591183 -10.755674195310815 
-9.652382470827412 -0.3580631458129171 
-9.341271085907946 -0.15738057033092945 
6.330283674829602 -8.163940784282502 
3.1299038455860675 -2.0467570231356036 
-7.801960151887949 -2.964968273094323 
-9.773905645210018 -1.4188439055115725 
-9.228851732738182 -2.018140117244384 
4.256204249918714 -3.4526535386286814 
4.900548742960998 -9.537236061235326 
5.438336622703854 -9.527390071261935 
6.571340172812586 -11.221925626936347 
5.480147923717177 -10.163198402655484 
1.0493517031110684 -2.977012195628652 
-10.445558268955624 -0.5184398993452488 
-9.071213286864424 -1.3944679195450762 
-8.966238052016587 -1.8607658716769246 
-9.134452445312704 -0.11302465239440185 
3.045472791264359 -3.5403392832646645 
-8.908621956928803 -1.3169502103601314 
3.1993232270314764 -1.2236066080477672 
2.015856921036969 -3.8982118570650846 
3.62501756301564 -10.384436933286729 
-9.074153188136616 -0.4104272270433379 
-8.969132979015948 0.4277294812842021 
7.11223444049707 -9.284991470101565 
1.9319603570433048 -2.84813452879343 
5.607726315280644 -8.377507765957938 
3.2776012927312754 -7.425963316010428 
6.907319230281106 -9.656622571610852 
-10.534625215944612 -1.3326390490482927 
6.472175183348221 -9.331917470454716 
2.4442188300993606 -3.531882349850343 
-8.536317416249862 -0.2665857090986202 
6.737615868940511 -11.020935886532595 
-9.208062246494197 -1.120865491398932 
0.8229862414032401 -4.087800271304639 
5.67811158092167 -8.155677254147793 
3.6868345266297595 -2.77705566469605 
3.134642013580756 -1.4170621943811084 
-6.797548849867242 -2.1128952186913503 
-8.900990063582796 -0.12525017385270787 
-9.417407041428513 -0.8906977771672036 
1.89896778499652 -1.8314294325889848 
1.1961363152851825 -2.5474406591576746 
1.8451998053374412 -2.7338203248307136 
-9.365099928555617 -0.5672425759917635 
-9.584670121370376 -3.016503178212283 
1.892684652370474 -2.9207280887374094 
2.4658217699196876 -1.4629265359108699 
4.366777916270183 -11.610751071535885 
-7.407653680026181 -0.3888422800388529 
-10.354659607780448 -1.658806729622682 
6.358177294059933 -9.624404828018623 
3.2206018154977007 -1.0238234934569348 
2.482412116390044 -3.522110856457282 
-8.656225862233311 -1.251088178940599 
-9.881016617493202 0.7820255015519462 
-7.9480737224928255 -0.6528217360252551 
-6.886428719183161 1.4565221117836904 
-8.816845362663035 -2.44264791097799 
5.716381180885718 -10.014700725524776 
5.124197838202006 -9.531822148025583 
5.372054570920973 -10.130453769970204 
4.775095879985039 -10.028154224734768 
1.9255121810888398 -2.175357443989149 
2.922432548847345 -4.527970996139153 
5.308424387272213 -10.275337826203746 
4.78492788632325 -10.864807030104675 
-8.766255319373599 -2.724378735388431 
0.25831402692081173 -3.474912104065392 
2.6246769231251754 -3.9701489658992593 
2.7557087201966572 -2.1270798659899333 
-8.577166898347675 -3.102012831793369 
5.34458276098946 -10.079365459882922 
5.97265510318624 -8.895206013479797 
2.3620421126769306 -1.9684501705463708 
2.4962538266048586 -2.771667208309276 
-10.005908026389934 -0.9923926884902253 
-9.374103615070638 -1.7278786283051548 
-9.483135476318246 -0.3241626382016374 
-7.906084860055771 1.528680592595884 
-7.943071941722435 -0.033607243008452525 
5.670246941880319 -9.737579799610746 
-9.044450058491297 -0.8130681682966497 
-8.478665587618213 -0.5793820888004022 
-9.891680290165997 -1.4359542497022832 
2.7607959848563346 -2.1652599486916357 
3.0839950815043573 -4.701342794283266 
-10.305867025343339 0.03132670949652416 
-9.616096214222727 0.026818927526289338 
6.0792021936997065 -9.547981949190667 
4.924244663102177 -11.176058601985819 
4.785319452451056 -8.457058254061678 
-8.305112268383429 -1.1261855518371486 
5.4920869069673754 -10.033516662726061 
-9.585168801940904 -1.6571201007103566 
-9.387828479307155 -1.6225173855439228 
6.513797611220071 -9.90371918484287 
-8.936731989038263 -0.9172575921623342 
-8.46708952148604 -0.5280399281228934 
-8.343645385061638 -1.4165955521558784 
5.127583828520498 -9.697975515454777 
-9.859709414075661 -2.058932911306097 
1.8929173482504917 -2.177131691888651 
6.194948029865355 -7.117662927781243 
5.542675100259194 -7.385877069260644 
-9.720403771408984 2.0400072208641444 
4.620632202528997 -10.031444766780421 
2.8841779616480454 -4.526773067452858 
-9.193192841909763 -1.7468695230988711 
-10.143152630914027 -0.5428692990878902 
2.025582157909826 -2.5235924941284065 
7.291465696022506 -8.813848454241505 
-8.161235799706377 -1.9008726652509744 
3.8063732170346474 -2.1504376040184257 
4.479672584054408 -8.94152845794103 
2.7183574123919936 -1.6709010826793544 
0.4507800949527603 -1.841551201300683 
-9.601040620241132 -3.1481778449166966 
4.655838348593136 -11.010943510343749 
-9.282762556800437 -0.9582092977524513 
-8.047121907195292 -0.7084714043021122 
5.254962237352326 -11.55526561524975 
1.590224669048765 -3.338424533656514 
7.964649815163099 -7.876635677252179 
-10.419681578312925 -2.23035273180045 
4.791434799820084 -9.106520641603188 
5.613200232834862 -8.469137450139886 
1.6309344877418626 -3.484112559026964 
2.6679276580995563 -3.3282448162107983 
4.633707962558228 -10.111825503648854 
4.711666543012233 -9.556513056770507 
1.969820886853674 -4.3127439438841035 
2.7493951791168243 -5.485694655499184 
-6.120862723302156 -0.23704030082862637 
4.613194712809462 -8.996405480648107 
-7.343046016021019 1.6112596342486674 
2.654264475480325 -3.08840196643938 
6.1090787365401855 -8.439301308621493 
2.492090395041413 -2.9590599497882533 
4.9837161116129245 -9.425248401311936 
-10.675141702431237 -1.096801697205432 
-8.845316877641059 -0.5379648152214174 
-8.078463264895213 -0.6225231142865031 
2.452446963933878 -2.455169034632784 
3.9982016241474585 -10.161896984179405 
4.145539975033728 -3.669134795936356 
3.038249097821179 -3.080001576984583 
2.1769351275481807 -2.3990022181283517 
4.8992640346355785 -9.49904602364422 
3.76734031556913 -3.6252820583724374 
-9.704606741196567 -0.7287806820317247 
5.813156220751842 -9.800921017528532 
3.86763184225143 -1.5984721779049955 
4.048984372523197 -9.832528822602242 
3.2397072337436423 -9.983450006386144 
-10.589797509079332 -2.7120873379762243 
3.94953974637148 -9.058229228202144 
-7.402224475269364 -1.5322292835735127 
3.1847233781073236 -8.413500929843751 
-8.263369502266173 -0.09363692595773965 
-7.217970487928668 -3.255095233130772 
1.0070271131661135 -1.2973092742867154 
-9.781729560686799 -1.0335133472113573 
3.800772381670214 -3.79086484708789 
-9.921022021068598 0.7022434957561079 
-7.874524492256816 -1.0731571017296875 
2.534823115418935 -2.535496067091932 
-8.255320855992046 -0.18948768144783557 
-9.388955230149278 -0.8917142603920084 
-9.073971682962513 -0.267797648772961 
-8.94693184855647 -1.0719524900236646 
5.1309292803770346 -8.23770865899448 
-8.275215320523378 -1.2590210896721876 
-8.248020816553916 -1.3319329558096893 
-7.742674973783786 -1.0554523666730296 
3.331959518293745 -11.126110718120596 
1.7933696134441997 -2.919254578471686 
5.545453268862703 -7.5212045417010085 
-9.765724360848886 -0.08275545250503535 
-9.148120604940196 -2.688301011795892 
2.818418059840578 -0.8390748994202784 
6.125746913209463 -9.374234568021615 
2.2910124980200472 -2.8962143003380167 
3.8943781309579486 -3.182483068456315 
2.5958705562342725 -2.3220813365535924 
2.0821784662593057 -0.5175248198905429 
2.3857860819144445 -3.7903401663585927 
4.583311089147159 -9.122996742582176 
-7.347791999613577 -1.4648311738527207 
-8.410484854490248 -1.1283072752479097 
1.452119133776317 -3.581752051402089 
-8.299509506555976 -2.743853392059511 
4.243522208252641 -11.545789267136808 
4.8103970476842655 -7.544978332607641 
2.9259365212792976 -0.9394059808581563 
5.5494289895618385 -8.009353497155539 
6.052868496027223 -9.332675680820023 
5.2623885175584295 -10.020330168520925 
-7.998890560993498 -0.6438697255418384 
-8.903467841853438 -2.68191719923088 
4.898538381318841 -10.007531306792533 
5.626906375504252 -10.674244359445632 
3.2287539580783973 -3.6245829678749306 
5.180921496282434 -11.204131493224315 
6.488748802627089 -8.379826689031258 
-9.428556982863213 -2.587247011742142 
1.540737438079113 -4.072526073259645 
3.7099467157353545 -9.052123462944712 
4.963726933175185 -9.005375336632977 
-7.926371274124473 -2.230903098890555 
-8.005397246538333 -0.21910093353770355 
-9.559129419650155 -0.12237951648579981 
1.2048429024841072 -1.3300279446899745 
3.6385121298212666 -3.46263156520827 
-7.916994100790692 -2.469232612042731 
6.01522052352906 -6.947680572476459 
5.324073643801892 -9.959776843378162 
-6.310149662505566 0.25511744650097534 
2.7306809276417408 -5.395695876619573 
4.056215949991805 -9.583692482600494 
-8.463701293914367 -0.9872030927387612 
-7.515907915683213 -0.14183966202770115 
-9.177921370001854 -1.7634495340049687 
-9.624898825950986 -1.3926683225922658 
4.6859378240336005 -8.454753153777974 
-9.385185855531796 -0.246115060314263 
-8.027827860859409 -1.6988555927703195 
-6.254523434514088 -3.144441104161195 
5.749802597304354 -9.639318574639013 
4.164877238895707 -10.96230861778138 
3.322442483737075 -9.468341684562077 
3.2087709349052735 -8.768554949672595 
-8.665668033275507 -1.349178842083963 
6.275879374241705 -7.419968303523495 
-9.346270751083033 1.6166220970012417 
-10.048936188941529 -1.0272389038122998 
-7.936038132315909 -1.4276798938567812 
4.166415708413509 -9.302788903330988 
3.6597883628770047 -4.1346887992710215 
2.385832456488928 -4.409280953404336 
0.8061686806590365 -4.186625714375574 
5.264925047949772 -7.671864472631831 
3.2752810954107443 -3.1003502416470576 
4.097792932417737 -8.169885157133724 
-8.33971073942712 -1.1748440092301522 
1.6872107538370489 -1.4320890461235454 
3.095544763468466 -1.9897412044764837 
3.0267738910027027 -2.281945497912679 
5.153897679818009 -10.174074552765633 
6.287303133980486 -9.972985225008044 
3.054953521653315 -3.4819902491626302 
5.041856826970441 -11.603123870650386 
2.979920800899112 -2.8496855753851205 
-8.648358759025555 -1.5381715767329711 
-9.23951292585001 -0.4281091354110865 
3.657705777687215 -9.882207366301785 
-7.445798332864528 -1.8318430982958434 
1.5869938788110356 -3.044451742910115 
1.7187954222669113 -3.591193434537814 
-10.726108968168448 -1.9029418414861765 
1.7613124131572104 -4.009679629479531 
-8.571964761985967 -0.22487450547862597 
-10.102066088188739 -1.587542416399744 
-8.466941178676183 -0.9682003863252188 
-8.255597171151067 -0.5659387468091762 
1.8712909169706522 -3.974658888102367 
-8.084128973729086 1.1219641120180168 
1.0847224232786505 -0.8418430944816442 
2.5619707586623424 -1.8609590094911783 
-8.675570175891142 -1.6560575317563233 
2.1229558285673735 -3.8566597896173054 
-8.698290529929583 -0.646625871314433 
3.212415898245285 -2.0343255783574037 
-10.115766153874443 -0.9855663956014528 
-9.9270859889387 -0.8644759303880704 
3.9444045822196236 -10.083598279068436 
-8.237876238655792 -0.4456200642974427 
5.24730029524547 -8.891688586976123 
2.507252331544886 -2.4041955300985363 
-8.703861708244329 -1.0505096724642027 
-9.509482261435771 -0.8669515623406291 
-8.772506915428021 -0.4826668010125247 
4.541197074026879 -7.662553797316915 
5.111662224191736 -8.305062470681685 
1.6497654715879726 -3.0538191748049344 
-9.473948677352382 0.0022260437048289283 
6.153471015372279 -9.77048215851031 
-10.809334239143094 -1.0082179713799035 
-9.95833880649093 -0.9401034098658372 
4.532490463262272 -7.463909365249669 
5.53983188604389 -7.647170163332423 
-7.691377217994571 -2.464675526184708 
4.948468858539163 -8.616521180192612 
3.26179272666847 -2.6925688841948516 
5.527428109874644 -9.74763026416307 
4.525020594572018 -10.758878752740486 
-8.863160429872545 -0.5381338223469521 
-9.103979952617669 -1.5631918962296312 
6.226100232271477 -9.49129522057313 
3.9205145848999923 -2.0882796204594443 
-9.792536936096925 -0.6355646759925766 
3.2678008567957324 -3.2768797593883088 
-9.29655579252084 -1.6679659449167266 
-9.28883967400507 -1.3407401970327322 
-9.571523519858545 -0.9381668522450977 
6.150847933239929 -9.655933903031551 
-8.690733696974865 -0.5544636070587824 
5.266412685794452 -10.078123404618703 
6.794002929848108 -8.063278146038687 
-7.0181727287794295 -0.0764912232213375 
1.40654686494052 -2.3042073434351367 
-11.00275540926295 -3.2490504421846893 
1.3557230551112893 -2.7137757936449636 
2.0352353049083867 -2.1915329726145623 
3.5868542955553093 -4.283101469294514 
2.532991440720285 -4.035536900403636 
2.588615911789267 -2.5980445846815736 
3.746162388195961 -9.353662536232083 
-7.702157399656944 -2.143652300151947 
-10.439973622333415 -0.8328932909771891 
7.074770575018233 -8.847642025520384 
6.080413879495691 -9.556740927874262 
-7.562902550573866 -1.4407186024256313 
-9.53823650613264 -0.44191862242998325 
-8.261185679115982 -1.1419627521681033 
5.275384219144446 -9.604042619531008 
-9.29531262474195 -0.683830085673525 
1.8341129211170704 -3.7239493192736193 
6.585215692114019 -10.214088943025756 
1.918112187576943 -3.2392812262513777 
6.076948225869176 -8.044151340575116 
3.65277632113931 -9.163751980465824 
1.746180614637832 -2.466943934480862 
1.4337923995106574 -3.849959594768004 
-7.848761950396852 -1.5059410923803327 
0.31354529595492275 -0.5191116434845404 
6.391080172465228 -9.107962920545019 
5.3574956500907085 -9.731772734142364 
-0.026659494606193768 -2.738123490143554 
-10.294767166839415 -1.7142562441568094 
5.597580910579537 -8.503850095412965 
-9.97263358733077 -1.398476733365609 
5.007445951054138 -9.642636800816604 
3.218177313779974 -3.4910966179870364 
2.238351831338442 -4.574815686488015 
-8.239473849873722 0.28809408031665673 
4.242040917365254 -9.848167152444848 
3.7389479314197507 -1.730146194630455 
4.346876204278656 -2.852043947366667 
1.8526367747823724 -2.989327658084726 
4.537359121365859 -9.204449167006853 
5.025767775218831 -8.39318289678617 
1.9517631088879837 -2.8016791524568645 
-11.938860973998072 -1.1410213965863667 
1.729645323193321 -2.8751817120674934 
2.6993982461979997 -1.8902394957345097 
-8.373616837537613 -2.0913653678807798 
5.3720522980682714 -9.06917895601045 
-10.560716796756015 -1.2982834451215985 
7.628938521519877 -9.870159354331323 
2.659413062264247 -10.436497323497228 
-9.476165174831957 -2.4562050932555666 
4.225443416535397 -2.607689510118512 
1.3902671833587164 -4.068760039747907 
2.464609799319013 -4.25674604521999 
2.827219953089137 -2.619639183602498 
4.70621969873883 -9.901577236968361 
2.8484191343932688 -3.804362069855436 
4.43543053960479 -10.303810288118019 
5.689381279942851 -9.15233218721417 
-9.359696259083751 -1.127111371600166 
1.7485763675502684 -2.392880730618273 
-8.806746982892061 -2.401300924885116 
7.247477104162266 -7.3850911545898485 
-8.878821599236598 -0.6994111616855919 
-8.882912765432167 1.4656140628129988 
-8.068033992947605 -0.4089294001869873 
-9.224040061281745 -2.092783262100146 
-10.149891231436984 1.394327879383428 
4.8113901317470065 -9.452399966413068 
5.125441041121497 -11.625201181249983 
0.7084126893278291 -2.248021334715567 
2.1059446508492137 -3.956082250198409 
6.555911133126907 -10.257581192195202 
4.54174765630446 -10.359985649695748 
6.147811419160448 -7.9340353535955535 
2.7285861900974675 -1.374639907784452 
5.426642768156623 -10.065035169743915 
-7.053427969708074 -0.8605198462140907 
2.8509952255666904 -2.8439651319252692 
-9.157713064632896 -1.338290139896836 
2.034914681909548 -3.372677586366332 
-10.750196608082144 0.05087642054944497 
-9.191269995730275 0.28313839985287514 
-9.655010980216524 -1.5995567058608529 
0.9551416420221184 -2.960655735865168 
6.2971733467386946 -9.895110282417502 
1.3812504450535186 -2.846335551396155 
-9.940149300115397 -1.5168770170428172 
5.463202839709086 -9.871060639347602 
5.454677232418297 -10.826978115835425 
-7.614030362397967 1.106255973975009 
5.681750577751545 -9.139053708348039 
4.570026340810573 -9.260383397215877 
4.819758342752257 -11.37797177917553 
-9.974738009607934 -1.8020196469550798 
-9.37931462504786 1.019776489914734 
5.70456410698047 -9.64925597062474 
5.291577230712165 -7.796262691862694 
4.264166655806686 -9.608864902175023 
3.165674976092298 -3.421971937482725 
2.20136106926053 -3.3139794311930277 
7.024544091519355 -8.632766434479459 
3.776955051997138 -3.7146986586834663 
5.579701677219495 -9.476455047640474 
4.377573315388475 -11.254183731135061 
1.7724332914855303 -3.1701855700697203 
4.3337046598714855 -8.691163292842639 
1.8020509920759746 -2.7187578343189003 
3.641767746807546 -9.874682061245606 
5.948516598714511 -8.493428662559914 
-7.868167156198254 -1.6615311610640817 
-8.74707935385118 -0.4957640743715967 
1.5608194367485035 -2.111795449706897 
-8.631224746156466 -1.3967617753206876 
5.702040874955686 -9.341895836565838 
4.606200704183758 -7.218146333451518 
6.006425723616251 -10.226864043570442 
3.808319719873822 -2.306051973941309 
6.755352362810146 -9.405681637599718 
4.5742892231960495 -9.078677043145676 
-7.740225482077243 -0.1547921889923226 
1.5792395951701304 -2.2343948878850033 
3.482468957844328 -3.0352780279615295 
5.3952336849550955 -9.67651126050911 
-8.352280129912296 -0.27018303282137424 
-10.162758896816335 -0.22443901771793195 
5.769311458570632 -8.73052297218777 
4.620662608760146 -10.256824155027907 
4.541154143348565 -10.110851712251534 
3.1858406419696763 -11.238497009203785 
4.224872639695375 -11.183588091991208 
6.828012015573098 -9.12410652866877 
2.766872713746792 -3.319494565488619 
-8.539340366047012 -0.3089169090098175 
6.695103576366451 -8.823029379240667 
-8.070892867254233 -0.6296784539963793 
5.615960404198128 -9.170037009866913 
4.031651376028161 -2.6553038624867487 
-10.199531117964973 0.01870183724694563 
4.2070691465407215 -5.030085737161663 
3.8484757958929645 -8.80927806431781 
2.9998856218596783 -1.8557022177208338 
3.0369978439379324 -3.139060988757312 
-9.588388814384986 -1.6410445170992873 
6.4455855779162405 -8.751302305033114 
5.147284747905413 -9.150826360161556 
-7.547974572642405 -0.20381789056045974 
2.8604002063466454 -8.509576847088452 
-10.208437534442556 -0.7775855149736813 
-9.430157177900302 -0.4005583132328491 
2.7895988069894266 -3.866219743908695 
1.1013035448635866 -3.0814066553820916 
3.292827230711308 -3.4682391675515687 
-8.409025024962627 -1.756942544825692 
3.740762299163662 -4.286576879069141 
1.7828509307740483 -3.138148222463764 
-9.582773617442951 -0.257495815616695 
-9.067464193540753 -0.8118824500038031 
1.3637166852313185 -5.1769389656821465 
3.298129477717362 -3.4756884326067445 
-8.716363889314975 -0.5454531387617729 
-8.653070526394368 -2.2611765679794065 
7.497325632204447 -9.662132707344478 
-9.134704246301355 -1.876379305661166 
3.0618438530125514 -3.5320173810816637 
-5.200370134674307 -0.9258437831926561 
-9.96138443530507 -0.5411781314467912 
3.1744818163750206 -4.586752922582244 
-8.236998801985502 -2.299845790538983 
-9.049981221260431 -1.1848619797410445 
1.6473291210795928 -2.9283519160116716 
5.393361492885054 -9.737282203397571 
1.988063911274665 -3.5222180123981564 
-8.36158928826537 -1.8756644782989877 
-8.484083774534003 -1.9649877531769508 
-5.423172409088434 -1.0616551985706824 
-8.952171807368577 -0.5814554949027495 
-8.392076708713077 -2.377566594410132 
-8.154141395762856 0.8418144500542522 
2.684037543210472 -1.362534791821152 
6.689529022106195 -9.96594209215059 
1.3186369536662905 -3.41767916482032 
4.6928183182771255 -8.940489371516978 
3.112173984261297 -11.518609022355554 
5.660796699581117 -9.59776825406095 
0.8240174107878593 -3.894250457508229 
0.8320726721369649 -3.555406488470638 
-7.373579577801587 -0.22482517029141824 
-8.294519046985458 -0.7811028978601264 
-8.130524444300697 -0.5362989395757941 
7.052088000729061 -11.034329247150998 
-7.504140253346507 -0.928238184120914 
-8.944841626781288 -1.6357667827588194 
4.8445751769547805 -10.094902155391054 
5.459175470516801 -7.365755897302656 
-8.886616810383778 -2.1711341420250445 
5.055231917161573 -11.341508693383561 
2.1753738665708653 -2.0589455383989983 
-10.16221444497594 0.25921623522745785 
-9.418524379237288 -1.329750290289171 
5.948749933478902 -8.811193550897539 
3.628453033305303 -2.005591622529498 
-8.817354220183521 -0.15830734042395167 
-9.546752588781583 -0.9967624251904572 
1.302273233927441 -3.468854969157432 
4.976475812456726 -9.727881610569401 
-0.2884791341972983 -3.862450027063618 
-8.710051223213721 -0.8515557209235174 
2.6073925565452862 -3.4654383814285636 
-9.075404446186209 0.18955093112761823 
5.632860087923616 -8.321271169902808 
5.405113937236826 -8.711424249613277 
4.274411935402275 -10.200208076292054 
2.1937190944979394 -2.04221721066704 
3.627434134735778 -2.420778071859527 
-9.288361542890406 -0.5048037515389423 
-9.408118378998362 -1.9619606363266888 
-10.156454920398449 -0.2721573239233289 
3.3451169863799874 -4.643018349956181 
-9.688149269489205 -2.4667852748884087 
2.5550914984977093 -1.352011974228996 
-8.290957494911972 -1.9428893902956983 
2.6173440425935945 -3.7061632549625574 
4.35982833642515 -9.887973833734563 
-8.71093780790107 -1.6848953513301888 
0.4295415293813396 -2.411598252587959 
-6.973602973247241 0.5444956713803957 
3.7602672986588646 -9.444281704373495 
-8.043403466845291 1.1589688496023212 
-9.936269401112124 1.1095625178361916 
-9.209305236718723 -0.33791520168269185 
2.517694981965517 -3.8362277721660165 
4.141956619618321 -8.544294759870155 
3.459305770731911 -1.8273950249262216 
6.504847169654866 -9.334536844500034 
5.141259962559213 -10.486886065726676 
-10.010266400936764 -1.0828944383357695 
-8.070853274892098 0.7911687916373842 
5.445770722530111 -8.080654898770499 
4.783418619708012 -7.946785436862726 
3.7560929634784794 -0.9392604250094401 
3.6941089859947223 -2.1401912292813066 
2.5303265115672384 -3.5655926608527455 
-9.170003813424778 -1.6007134714249494 
7.39471347121358 -9.134659315497506 
6.68059165796028 -9.51077426361721 
-7.508605156326993 0.1499653777096399 
4.685935739071876 -9.354751699586306 
-7.796774527302348 -2.8614857923983914 
6.727358717763545 -9.397180694620566 
4.416358554828355 -8.885236213927584 
6.163655595720028 -8.727534175391844 
4.737323712767044 -8.816785279229217 
3.623173578235811 -3.6645990668084423 
-8.164951248241623 0.25629636403643596 
-9.978744958756048 -1.7223425264505225 
-7.5257562916901755 -1.666437016849556 
3.5903007680976833 -2.0487229657098642 
5.207283222483932 -7.8301519037879626 
2.8478967623183475 -3.87785304086528 
3.114281790724006 -2.481287659756858 
1.937010932391491 -2.375682238654697 
-8.14695112406954 -2.398098159582185 
1.488884999648521 -1.607566137991881 
5.554035577658686 -9.530210691223559 
-7.402431224611056 -1.5364713789187794 
5.1782238918871455 -8.997158957925468 
-6.888391831313521 -0.34555180613264 
1.950382718098663 -3.822221143058948 
-9.822191387697483 -1.850092705599776 
1.775327106206988 -3.049502902951949 
4.254898391731461 -10.072613653912077 
-7.964536222596887 -1.0375794135844392 
-11.120452658954546 0.8749065703242573 
6.152036146765809 -7.517307749736213 
6.27979513038081 -8.50585575040632 
7.0311857855868904 -8.270468981625026 
-9.09852543775315 1.3546373341331526 
2.855803220540694 -10.38192020235955 
1.8912752806004565 -1.997918598589175 
4.591924667858095 -10.422534079546468 
1.2322884422239377 -4.038129832009634 
5.557256749927164 -8.726747535832562 
2.3684557944240936 -3.070792573733298 
4.503242368455472 -8.43215972331955 
-9.840391408915325 -2.0905917845528013 
2.171289799215266 -1.7827398323883932 
2.793857877715153 -2.7967162603148257 
5.675118853954664 -10.914972557136622 
-7.267889812223279 -0.27793547483644054 
5.0872572513784 -8.342482753758325 
5.050686044476984 -9.634711899292077 
1.3992501494012544 -1.1787802052622405 
2.7109597089807482 -3.5318212348258524 
3.0087333743481635 -2.799409722133582 
-7.567384485048819 -0.06594304545804419 
6.625374871254178 -8.447786296608218 
1.8095964896276682 -3.182554982762858 
-8.960230698559268 -1.4445879617617865 
2.334158362695473 -3.077769161327905 
2.0047533705440514 -1.7653281019208313 
-9.199052578222656 -1.3365789634103904 
1.614590392708136 -3.623735364007765 
4.356230907865392 -7.277710811903244 
-7.382867579993951 -2.041133108860182 
3.8844625337463423 -8.55559978597145 
4.114238658180977 -8.533120904816899 
6.174715464221419 -10.317013602201643 
4.467359927124609 -8.308734167882251 
-8.882911312297212 -1.5431501452365546 
4.917050173542049 -9.68947550809733 
4.092552558993737 -7.571969023652837 
-8.69469935778298 -0.9941926765044915 
1.8937983333171033 -2.122572603771354 
5.813041358048964 -8.976292565816983 
2.1422463880084317 -3.2520897246382576 
3.0547500164450767 -2.3070964010040447 
-9.155634429998154 -0.14968080915581006 
-11.314728782984712 -1.541495325790903 
4.763476215337635 -12.235878653716457 
-8.202593859414591 -0.41878143082354824 
4.78467531154466 -7.736413323665854 
7.006577108138537 -9.906299447804681 
-7.830590356312183 0.22369859015330662 
1.6245258071934758 -3.7099836039935967 
4.361345915829162 -9.298048142465069 
3.726148007199516 -3.6380186945634714 
2.88472312506945 -1.6229633797606644 
-9.005510409894457 0.714272312856093 
1.9539812404621961 -3.2871021400656737 
3.8823772718459697 -10.142880606644388 
2.8026215897368 -0.9304927012436357 
4.233143805091596 -3.0154418441075364 
2.4690432032884893 -3.6406679111501576 
-9.669329053303748 -2.960451437228852 
4.2531160793849425 -8.214761769417866 
2.3447967900211806 -3.5631234351806373 
1.6949989533426617 -2.464664305338972 
-10.812305651139416 -0.33390987390660465 
5.039283157017997 -8.65143163448908 
5.526301277304838 -8.8567645867052 
4.038914244769192 -11.388448716332746 
5.640152965994746 -11.651797150559581 
-8.14264605128697 -0.5395351117699779 
2.4704850504993727 -3.978573378953606 
-8.497696222057593 -0.6960095912851092 
3.2852929054938635 -2.818899710641125 
-7.506496677328457 -2.368693294440351 
-7.974525270168636 0.7439375129412467 
-8.357847768908655 0.3116236980926814 
2.3642386535278845 -1.699745193712064 
2.5354356850406305 -3.6054952176728947 
1.7932329866459953 -3.953006515698117 
2.1792300595653717 -4.019586618503973 
5.181937391649495 -8.66553079113159 
1.3170041401531274 -2.5207439493245594 
-8.750653577941305 -1.1287665785528025 
3.6476658110254743 -3.289202529026503 
2.129301019732874 -4.035955405848675 
-8.472719836879481 -0.9218923057946741 
-9.371362077546074 -1.0515521695808767 
2.3182032396897294 -3.750567925181111 
5.755281713695879 -9.36264145852063 
-8.751150700975867 0.26713070595844135 
6.033934817956126 -8.44661229472609 
-7.454664719767942 -1.5050406972756991 
2.7024818863757454 -9.401433746746198 
-10.172627358811456 -1.7909640369567716 
2.8547690206780536 -2.448688504247536 
4.89211390021007 -7.1308829427774985 
-8.516891431399939 -0.5811881425465713 
-10.263163264555617 -0.8527385251452975 
-8.562316320398415 -1.2464106984962846 
6.1894704180614895 -7.769026925570232 
4.849419519967905 -9.880615315012456 
2.6668795736530826 -2.691373362713545 
3.0638323317812985 -1.8051401234646198 
-8.613259269870086 -1.311656560889455 
7.760147005031196 -9.208585123968648 
-7.9548918435524225 0.14118307231428995 
4.600307988940249 -8.065737002213885 
6.813130834245221 -8.705492405109299 
0.2874260783645388 -2.190509301393835 
-7.708690644423299 0.0913047781641152 
2.988557136009817 -4.774607277865693 
5.244106969556549 -9.180016715124303 
3.5387113789920273 -2.4136937253372643 
3.3524753118179835 -3.0936151383610144 
1.9975155760892047 -2.1103322879299773 
6.147873156942107 -8.795999619963883 
3.6288161272133834 -4.633228551138078 
2.653708014287845 -1.9683457749437392 
-9.059104734952665 -0.9380201016749186 
3.7327267172295437 -9.804321962972148 
3.1741016326209603 -2.1335644626978936 
3.060105173866516 -2.5522635970643752 
-9.62824441134718 -0.42035790824167063 
3.1331977836414504 -3.121839051475779 
2.6050612946672795 -3.7114783133266207 
5.389745531639389 -9.088904809415462 
5.521901145383768 -8.014733808368213 
-9.738752433876547 -2.0701295838908638 
-9.997858579720994 -1.70693595183391 
2.118125502166919 -2.940216493055946 
6.605376965723538 -10.519237407112525 
1.646874876181255 -1.4568075387491686 
-9.191841350842223 -0.23783658896149262 
-9.83858049771678 -1.2473088713849376 
-9.676825214083275 -1.964240976897857 
2.5630179719424833 -3.7537821682609196 
4.631678096059151 -8.898327017166501 
4.13844276575521 -3.975174533308883 
1.1437449068565722 -3.7568986017183783 
4.6505006758329905 -9.566085936562494 
-0.12079371527063465 -1.6040108065969576 
-9.985689659563715 -0.18291677249863425 
-9.141378197435232 -2.907875175915662 
4.469343938825155 -2.7125619297387766 
-7.008020227706025 -2.3897760702089634 
2.913369422206741 -9.287737806012531 
-8.127952530343034 0.09763549559975737 
5.999816665973108 -9.145019129951738 
-9.360972971671023 -0.1911534545091904 
3.632016936583349 -4.916941051841578 
-9.875743825864081 -1.9433502253668284 
6.065582501707617 -10.07163003625378 
4.007037988889826 -2.490150869628087 
-11.018858905454515 -0.7436963209897761 
1.98575396379684 -3.821828184462931 
1.3550035823128292 -3.582623650685505 
-8.180687330569954 -2.132881760689262 
2.7352812169682394 -4.20265923721235 
6.306458775918937 -10.385573989722127 
-10.11680980956453 -1.4563498670832116 
-9.319231488805155 -0.6746980368127651 
-9.83533507516902 0.4256278412108796 
5.404546582528971 -8.0246680751215 
7.0256527874300865 -10.351942581710684 
-7.554575570421557 -2.2656506910330627 
1.5830964059217343 -3.144612614986334 
5.007211441043902 -9.181933712966366 
2.473275586653362 -3.1309315796483146 
2.2310237777491078 -3.3004711154994255 
5.460394995555624 -8.648407727605163 
5.218946816536042 -9.54355255175228 
2.8734139136053427 -3.2433228112184858 
3.7883496273983894 -1.796394079491995 
-11.761562952305521 -1.228437378188755 
4.318045013032602 -9.521736995479928 
2.7072869465966725 -4.8930719438041175 
1.8095299650067123 -0.37173524454579754 
1.3491975719910414 -3.4323482563538037 
3.4704811925567327 -4.333238123165285 
-7.6725126074776595 -0.2729745623758917 
4.752727668080568 -10.310850581177775 
3.3213635031970696 -2.2904060608833836 
1.6666247323644412 -2.8460939632770352 
5.830102914702531 -9.195843549689389 
2.1421895831495408 -4.940608558506733 
-8.267203539029332 -1.4144744850667077 
0.6217247061134392 -3.860428074558903 
-7.835277931562884 -2.061441796220431 
-8.494962589373477 -0.599949264477913 
5.560596372423198 -8.921897925301767 
-7.7172145277970845 -2.4128855279444856 
-0.193965389333683 -3.816328058212453 
-10.374428039466608 -1.105536240993847 
2.3352678610293 -1.931991071826712 
-10.237700182033619 0.325906588098523 
0.48408772822661783 -2.633663418576839 
5.892971220730043 -8.37737737150506 
2.436082515955638 -10.995455607220876 
4.103147038914133 -2.0449542867267256 
-8.87192297018541 -0.06610691982286077 
4.654793853291786 -10.041326663862014 
-8.76613354772487 -1.310481446889473 
-9.355901377905695 -0.807637386856414 
3.3458590237505272 -3.8263998518583957 
5.330940392922641 -8.514045818051656 
3.076431285545457 -4.389774139875856 
4.040207774326788 -9.78410438045999 
-7.084629588044688 -0.033746085805188786 
6.391423681912697 -8.84805204719022 
-10.287684831048036 -0.43401199182240946 
3.4169021329693843 -2.170501505612725 
6.523582244997421 -9.912013059191032 
4.976949151774667 -8.333664257017249 
3.9354554790277914 -9.832751369535503 
2.6707990478304935 -2.312856524145877 
-8.454092762938677 0.13661562755664258 
5.677647802319067 -7.736458860362887 
1.473259018880849 -4.088603139906871 
1.4111854115149791 -4.026736645808782 
5.418993549558718 -8.854218330032063 
3.976788535327195 -1.5490126765168595 
2.6376279192984295 -3.7547497393843345 
-8.055792846654853 0.19474455476954033 
4.786140070366455 -9.383862533016943 
2.7446353474136194 -2.879067283421273 
5.228614169569206 -8.999792164473734 
5.388909968422574 -9.316367218659144 
1.1465506622645445 -2.767332876547416 
3.27774630087799 -2.486326324088619 
6.426922718358841 -9.416446174246726 
3.3060274150925646 -1.11885528985042 
-9.492757563844956 -0.01103694278136269 
3.3173851385982616 -3.121769317866895 
1.9838899128707888 -2.4825318637163303 
2.1607052632650805 -10.260159928984033 
4.195020372834791 -10.022792175188567 
-9.480685275413112 -0.08265270907909328 
4.699828375323966 -9.896877768525343 
3.546034138235217 -10.960282310163631 
3.939230500414361 -9.96724396970295 
3.529480339468657 -11.867973989356344 
1.4140789617979916 -2.409770407032052 
3.2824181797428427 -9.196638616401852 
4.474081676202998 -7.767715894811234 
2.4817806950222323 -3.92469793171062 
-9.023337302743617 -1.5567563456222668 
-9.48619727563759 0.3377370593507669 
-8.39485646279358 -2.0543018237610537 
4.9312127953943135 -8.504758651086913 
-11.723254162278485 -2.233184429448322 
5.732141136920065 -10.532285137378926 
-8.762618708290736 -1.7990061876256753 
6.1779844038611 -8.878170481419607 
-8.429466483009092 -0.4145966112719789 
-7.943089868753296 -1.6901941193335914 
-8.575294479246763 -2.3920758243015463 
-8.354098986776942 -1.8727915068069176 
2.8200767834856237 -8.744957441025916 
4.907241064159021 -9.22681225932219 
5.800999331466629 -9.550576044810862 
0.21266544636440532 -3.3336019735431623 
0.04320730064095901 -3.7756752388600026 
6.116826074305369 -9.341717365083763 
3.071795215022402 -3.3926557181414165 
2.4340041740060236 -3.564891499428587 
-8.982998092220576 -0.33070214473532034 
2.286658552096133 -4.3046025846266645 
4.504962367441755 -8.791411123899394 
5.565764725769897 -9.129455441514418 
-7.509011903893866 -0.08992233032642305 
6.887284980692594 -9.589012618632873 
-7.924744704764367 -0.7536762443377565 
-9.602006319079216 -1.257519396616842 
-7.575143624983982 -0.17217320823968352 
-7.341248637600497 -0.10212879936538688 
2.131658097655513 -2.324372396737325 
5.917921980318436 -8.265797350625524 
1.765273738296736 -3.7511972081301495 
5.490053182185425 -9.179751875572325 
4.18458350572697 -2.861130340142844 
3.8587853952212585 -7.967052292445154 
5.027055168207357 -8.990280475412503 
7.085035812156214 -9.610705109957385 
-8.567876284820048 -1.9733115871086988 
6.293151166318679 -8.39544348399392 
1.6282128607165123 -3.2080035384267913 
1.524965081694846 -2.014584084863232 
-7.770994999426444 -1.0381403373913909 
-9.966529265541174 -0.6085544867459403 
4.529666366598495 -8.359168612620211 
-7.401190684491972 -0.7434151488531252 
4.164218798009406 -8.421027889241989 
3.3391916718930714 -7.9097887338242305 
-9.357688831132995 -0.46853955502787903 
6.01398017939089 -8.796232508410716 
6.259433138825557 -9.03380967409794 
-7.467960792618238 -1.0896541161663562 
3.979436527290705 -2.3462078834419238 
5.103552617274856 -9.528006461778023 
7.015423775545578 -8.644191695237737 
-8.18063004315598 -0.8634023211806431 
-8.141818210291849 -0.6990235825490261 
2.82503681249736 -3.158192728865755 
-6.8685641605560175 -0.01582008828406467 
3.27281138709158 -3.45319114914615 
-10.188164745246347 -0.08812306492891464 
3.540333075229448 -9.636990819971414 
-7.9655835789298255 -0.6289766888662117 
-7.427041303655148 1.7743364595305455 
-8.748004849142774 0.009041921551579346 
-8.76063412838817 -1.79215215803564 
5.4820163831343205 -1.808840226593219 
-8.99133317243318 -1.1716359426378986 
3.529518893229674 -2.7648978775194664 
4.710453444878331 -9.463554020838917 
1.0013478457977243 -2.8353245642123155 
6.115709322380459 -8.132423016418535 
1.4880682317837248 -2.4605778221564476 
2.767219286612554 -1.3583746769001241 
2.447354395882185 -2.495831738042312 
2.0550666784240876 -3.801639629938043 
-9.171045849942033 -1.4297530034852832 
-8.97209549907167 -1.2945429949978762 
4.057392017596736 -10.371742966334281 
-9.581492429480654 -2.0640498417485267 
-9.097494139615453 -1.0671677361288772 
6.5006630391041735 -8.85242164933365 
-8.711163896776215 -1.3442077615731334 
5.046254437206108 -8.963381244316523 
-6.03153855098654 -2.974927420828884 
-8.24694410283919 -0.17114135337702086 
-7.796195745737268 0.24482682543980183 
6.028164658601787 -10.012329029129289 
2.082914637043425 -3.3416648712935326 
2.2390208407604 -2.6741041670273358 
2.0988795960385414 -3.3294147519368016 
2.6069595036316437 -3.7614045551669264 
-7.963552460654877 -1.2467821537018613 
5.752386473706765 -8.607088060015352 
2.608110244874233 -2.110850584185803 
4.389050980089962 -8.959114958791973 
4.725298827661481 -9.612150167873637 
5.652911861326455 -9.392130768136516 
-7.8259024561779125 -3.5663845466184214 
-8.787001349462837 0.9294087241424382 
2.40534460631941 -2.8952991217617403 
-9.145311450434988 -0.6696393501599458 
-9.608415522036188 -0.8063954231729322 
2.520001758685082 -9.09083476948838 
4.502756562745228 -9.281636946144676 
-8.397496241409444 -1.8124096093343363 
6.34537152438959 -9.643133472625706 
4.445210923491574 -10.222346130266715 
1.8498791137182309 -1.972968758945082 
-8.72044164280567 0.4644383281343092 
3.2780008234896223 -4.150884316502845 
3.405349705328538 -2.9101835592101746 
2.5286828150002143 -3.2035547992223865 
5.3618461165898355 -9.514383627708023 
4.470776948855589 -9.51538621898256 
2.7515472419931593 -4.07615894682376 
7.2260987693199645 -9.036507664950502 
-9.112249868884362 -0.20903767368474457 
2.3737821305333133 -4.422065735440327 
-9.09299202760413 -1.2764629126828542 
2.991166004317342 -3.102483897860047 
-10.065380926526501 -3.0961753895836113 
-9.611814694809105 -1.4817794340305597 
-8.245825646369338 -1.868421716241309 
4.011445148702333 -4.621147420812083 
2.394099075250083 -2.3389830416191635 
5.106083115064018 -7.283202946417326 
-8.447393715648985 -1.727632091245237 
2.494845142445669 -3.0064088595181606 
5.258528443781218 -9.502015404021424 
2.9633375897349055 -2.865042035797298 
-9.420444410677556 -2.3751836415529146 
1.8366497301459161 -4.57437484971753 
1.425993794931506 -1.7222000950383656 
3.00005190930772 -0.9907187700293814 
-10.037790564783514 0.7404158884899248 
6.149652472719828 -9.01543231270667 
4.082832453428496 -9.863079270487578 
2.793711182731216 -2.4935599809697404 
-7.021307765729661 -1.2816270170124704 
4.7695725354770415 -8.230713924034566 
6.057544156366334 -7.52316518297557 
-9.560104219015901 0.4786844743784182 
7.78042780207978 -9.269198984438859 
3.5534472666344503 -4.752704071287953 
4.949335277067768 -10.598171896631968 
3.526536512209816 -9.731891925421012 
-6.9852379113027965 -0.5387298813241299 
4.818059705389834 -8.085692661054251 
1.725840912891364 -4.267419098112411 
2.199527733196711 -4.052174829429212 
1.6887920574070834 -2.486305547095169 
5.2397834737035485 -8.679508777253517 
3.7737641597546996 -1.2524859320364445 
6.591170881774787 -10.584780992102862 
7.751250750608252 -9.592703223779695 
4.479160701834827 -3.8664637457120348 
2.4604643254278846 -2.9626851092510726 
2.1316264446318023 -3.583349509734745 
-7.982668475521896 -3.536032628167679 
5.728999688227985 -9.526092711608495 
1.375417941171038 -3.6083133875708278 
3.62814676829597 -4.451806681833617 
5.1392782232619245 -8.044037210140903 
-8.335188236076464 -0.6368949424426971 
7.4548203660474694 -7.8372494156923 
-9.946239312871228 -1.2488917438305038 
4.136400875939481 -9.38577296790797 
-9.071515890694544 -1.6458290486517497 
3.369130089712322 -3.484431608030246 
3.0222270829516615 -3.292691037727164 
4.570379262052189 -8.651109860543096 
2.129692015166864 -2.173400782347669 
-10.530622824731722 -0.6273108322095025 
-0.09842147940323454 -2.9034626307015046 
4.234906268701326 -9.810016921162386 
3.040819466832533 -8.36315197069145 
-10.24322993172164 -1.6073856947055316 
-9.027639580654027 -0.976164962592245 
4.664503740456649 -3.7923686523738285 
-9.657535086919637 -0.9873233253622165 
6.1024452774329845 -7.5968519194878015 
5.9734851545307714 -7.963109379802733 
-9.740041576659614 -1.1752967100730924 
5.451386719633849 -8.217452193882018 
1.7317983762461306 -3.404377916448266 
-7.395456934721188 -0.9118165905274607 
2.715272169362066 -3.306722808867517 
2.5085532500704604 -2.9099730653312075 
3.1073800460588465 -3.1319836269003565 
-7.569043872339302 1.2733371251436316 
4.7314081803927275 -9.911503353416055 
3.0404942982826806 -2.2509623668205743 
5.422999984561344 -8.782371887867697 
-8.50075402147562 -2.811617844449379 
4.781540868217773 -9.37983945843157 
-8.29200502047347 -1.1038377899983292 
5.046955769319954 -8.202123179504378 
2.422122679586025 -4.097657088358718 
7.111974500831391 -9.292995854258516 
1.5961267336694664 -2.987851720239356 
3.6869313792412277 -8.5616187151502 
1.0932316506942907 -2.0830269298638493 
4.402998767457606 -9.229924348781182 
-8.64899877668663 -1.1308553717835408 
0.9976815176065097 -2.3810561379265636 
-7.763676835077061 -0.09273735964965124 
-7.07538692314601 -2.313491735886897 
5.95388481448503 -8.430349990479057 
3.625094216540927 -9.654359645417196 
2.9061629781515963 -3.030752952100105 
6.202503140631819 -11.299129512812135 
5.90588224457219 -9.61810984994095 
4.172974343217336 -9.023716965707871 
3.556741776348635 -1.542277020345316 
5.979298111331054 -9.343291220882547 
-8.823998988416085 -1.8328659889572776 
-10.519428152443187 -1.8971241603962627 
6.4910512784729875 -8.42430811066425 
6.0570000009223275 -11.409298168989944 
3.362281545982091 -8.542069050638156 
4.679623708151044 -7.451709177203263 
1.8213481650807237 -2.7002810672406516 
2.823233665001417 -3.4384567399533728 
-9.832243443722378 -0.5021449091881491 
6.097626220707047 -8.120977417189525 
-8.544917150562283 -0.2639654326038049 
2.07736608357323 -3.4295990150300373 
-8.040952068773887 -0.9537960925953003 
1.8028297763188803 -3.303923213277469 
-8.483097092446972 -0.5881868579804407 
3.1164784427546253 -1.0864939493488506 
-9.747908367037313 -1.7380590204946098 
5.712988571684159 -8.407169057736645 
3.882672939235758 -8.529683352567405 
-8.765322831949884 -2.388047745520835 
6.603638339363884 -7.630660499905637 
-8.959440726484337 -1.4379504104046865 
6.21903199094367 -8.811817496240504 
-8.482455865085056 -0.6641003245351216 
4.936702786072523 -8.346421790583015 
-9.426671768989642 -1.4147632776171823 
5.610016333004687 -9.819105511696952 
3.6050362166676444 -3.9800063886274053 
-9.650521912597554 -2.4507287892849945 
4.449669689669549 -1.7912526648339528 
5.518087734526739 -8.858224737080258 
-9.240540100089142 -1.3970488968710137 
3.332763881895736 -3.5779783707464388 
-7.411069373371162 -0.24100818116450717 
3.777288304735098 -3.164606305103638 
-7.896697681605225 -2.141703881609301 
3.6149104608435128 -2.5864869723314685 
6.532566022015857 -8.380562515814036 
2.0221324370890605 -1.6220656122746404 
-9.349603602368365 1.1932995603735943 
5.0575673739600235 -9.999368324136464 
3.190052863647076 -4.320747530230903 
3.2371102269517045 -6.07236346779764 
-8.690231713204776 -0.39259509076242616 
-9.465811414506534 -1.5988063244159154 
0.7247511385682637 -4.767344142106577 
2.4854021849944665 -2.100594126380602 
5.0879920317271985 -7.273516903764762 
2.5949731227349093 -2.4337460277233713 
4.699934550981981 -8.62260012845801 
2.776061279434863 -3.1883693057854416 
-8.886169664130426 0.6236048372887397 
3.0981592760095915 -1.9704603301136445 
-8.1215066493571 -2.0208110921407707 
2.7660726894644614 -4.244411407189933 
-8.745258557017316 -1.1443624901102405 
6.50215833861995 -9.466573921213882 
-8.861282299536496 0.395946684800883 
-9.2757857853858 -0.3640821760180414 
3.2548061682780496 -8.741010092349896 
6.474864337712384 -9.639402282195482 
-8.096463635762067 -1.9567935070140112 
5.854569093698602 -6.857693647041845 
-8.649185188400732 -1.552901002196689 
4.749576891343691 -1.7418228927148047 
1.8115526406358675 -2.695337539212063 
5.299058565156791 -10.774009367774898 
-6.59682381771907 -1.8235778001580736 
3.08530764991458 -3.2276485646101354 
-9.65035187774642 -0.5856241811005957 
5.492289167825163 -8.997451040284105 
4.174046022399804 -7.84529929225309 
2.621513654737248 -2.7326478622642014 
4.457993596104231 -9.428327245628958 
-8.857228875958013 -1.3209081577856505 
-9.52507289746356 0.3443028069942935 
-10.026481459994233 -0.6049337524217778 
4.252897293969639 -3.854563213072405 
-8.844105590580227 -0.8857733877986352 
2.636294672525041 -2.058563768717475 
-7.91004313834405 0.7817957242761282 
1.9147544755778803 -2.7635408191305464 
5.118828486991582 -10.136806629513924 
-10.788495268878506 -1.6214379870446594 
5.593168292012906 -10.081890447598344 
2.474580529794828 -2.8034687476187123 
5.374495448721026 -9.77809427624585 
6.7431713429690685 -9.431146134030653 
4.662697042302279 -9.375390126766439 
4.204175343559646 -9.386595489924046 
1.7477400685661135 -3.2475989294278786 
5.311101156646471 -8.082121496743989 
3.23944105744516 -8.738595039553323 
1.6323353328652228 -4.253646016672693 
1.753336897786408 -2.520445377148671 
4.716257693933342 -10.771357336694077 
1.9292706507941362 -4.041572131530248 
-8.207354197404424 -2.38385685625973 
4.61057803884411 -9.753381894201812 
-8.825068542831733 1.2797549865755236 
-7.3901177017049315 -1.2834275834069748 
-8.581678900352582 -1.6951653753323073 
6.689261081270605 -8.55060421612762 
3.0711873847840976 -4.246198614311199 
2.6065924851508697 -3.60884564033606 
-8.050694159065632 -0.28472824786390716 
5.656177640354031 -8.859538476433901 
-9.821939432043962 -0.9480776088705272 
5.741301515722416 -10.806582845542144 
3.6993393821954506 -8.062099696487868 
5.52234333812069 -10.830155273788094 
-8.406464628462356 -2.0365949324512878 
5.708347017920586 -9.857798672667561 
3.2774592246984855 -3.7199818564224643 
3.410643015205519 -3.6891556039911113 
2.896423640017779 -4.934558096087013 
2.0579913806617562 -2.0136876786244957 
6.91335820451072 -9.493859224289848 
2.9519652815130866 -3.419228200552767 
1.7935739665967245 -3.4379868633659583 
4.3122094048141415 -9.980490546507477 
2.291200344991629 -2.618889988168431 
3.1318369484099975 -7.341512824230739 
1.184655538810432 -4.28184921094678 
2.608886308588271 -2.311347458708122 
3.172473724625558 -4.190905057419757 
-8.2293038992375 -0.8595775781699075 
4.8548354510990395 -9.802329771986065 
0.5163095770498027 -2.109856040590228 
-8.558739115692672 -0.2910289071680766 
-10.16588928533764 -0.5833261418855196 
3.904803013257045 -3.2994292031984753 
6.234593080879582 -9.02243929754824 
4.0872957268680645 -9.01730819783889 
-9.217532741308514 -2.1132902908227447 
-8.69278671644723 0.7836920760338237 
3.3099109605417896 -1.8852129115639034 
5.003624002654164 -8.131576672836546 
1.1463105425238271 -1.9422843424148393 
-8.740260184006102 -1.1813648289357168 
3.301369225783133 -9.715962369852134 
-7.826088236028022 -2.142961245137388 
-9.319328064406026 -0.8153157169452458 
4.941454960621395 -8.05747418391564 
6.448505923869308 -12.739015897954776 
5.078817547089667 -11.472232488567814 
-8.89174605187498 0.4550959711754403 
-7.604035169804378 -1.6797611624517668 
-9.438295305681901 -0.8588036808902583 
4.158930043712868 -8.911892583785923 
-10.488808571590477 -1.8288110093007943 
5.513776358465748 -10.035355135203764 
0.9876694682132092 -3.527033376290735 
3.189019898315289 -2.633013167274078 
1.3784673507540028 -2.3514780888840194 
6.135532306320563 -9.397506637326986 
7.745210517729413 -8.57883283521795 
0.22719658475066806 -2.3241729415798638 
-9.181057159394243 -1.0953687451793759 
4.122748187188292 -7.416911167712836 
4.433337615111027 -8.699646255230308 
-8.368713070489516 -1.4843143602361115 
3.1753173766494225 -3.529659737503634 
2.4463555249370166 -3.602793442743852 
-8.084478747875355 -0.7568443252001956 
4.213255582039406 -8.84048350223215 
1.844087397015251 -4.660076514614742 
5.975906480151662 -8.702173132002912 
2.2843182963143325 -3.551639638895273 
5.001056508121683 -9.397610509912823 
3.4832166254433963 -4.715029167775626 
0.901661365865543 -1.4527453866589561 
-10.095426744513798 -0.10966312127552791 
-10.144960341731053 -0.5984641343710799 
5.261070184044566 -10.310717761098827 
-9.000691136144567 -1.5380613320923473 
-7.63156985479618 -0.4858782800343835 
5.0506436108652615 -9.253776669899278 
-8.058784928720463 -2.6803031670103197 
5.714199527983684 -9.329507732795348 
5.64244909229977 -9.673568056029373 
4.503141505123078 -10.180142785899552 
5.443035006315964 -8.636034033363977 
-8.550375538634063 -0.15864327704966108 
5.21710022852194 -7.671744550763334 
