1366 39
1466 89
3504 217
3131 170
2000 76
2993 90
3204 92
1939 156
2907 87
1719 56
1578 87
2817 66
2550 109
2928 80
2034 102
2399 112
2050 116
2004 101
3223 130
1041 69
693 102
671 140
665 124
610 201
667 196
668 64
583 102
579 104
640 90
614 113
605 107
1259 93
621 94
845 78
2901 92
894 79
941 74
933 71
908 134
1615 115
361 104
414 84
530 76
335 76
307 69
350 62
4967 116
4755 112
3257 103
4816 127
4157 125
4791 116
4244 133
4426 96
2512 124
1587 125
5000 117
5000 88
5000 114
5000 147
5000 147
5000 116
3952 173
5000 113
5000 83
5000 102
743 94
4969 100
869 90
4527 86
4527 116
4527 97
2865 77
1190 76
4592 86
4595 90
4510 99
4522 116
1743 151
1891 137
3011 194
3442 202
1989 112
1995 133
4636 94
4649 65
4511 105
0 64
2788 119
2788 103
2785 68
2776 91
2782 103
2779 116
2776 99
