1000 2
10.848344376013275 5.661743836799261 
9.766694032701938 4.8666532177650765 
10.348523121018921 4.870509369841094 
10.128568595884564 4.990669700880568 
-0.8045790693141346 3.732438691635445 
10.10246418811934 5.138213661352591 
10.340324948758468 5.052144395565795 
11.678831681675856 5.794298394121362 
1.211952181388377 3.5962420301306484 
1.723153615066448 5.181214304018175 
0.04769799001184705 5.050261942965972 
1.441131482654881 4.385864981364141 
1.2157552021097526 5.219973482143453 
-0.27695105931336883 5.130410250583642 
1.5965145129704146 3.065463854516773 
5.065987909024179 9.301919190430958 
0.8707112121210762 3.9775944357039794 
-0.059001694180417896 6.367936390809785 
2.5985323980890094 5.4905058689911534 
10.400223250542526 5.481635954823502 
1.1252065315009967 5.836518380107096 
10.074099579831673 3.080495108195863 
-0.5571506177230274 5.9178558700058534 
9.387059028503753 3.9263998828963462 
3.7585019980652143 10.087139241514452 
12.251676986695411 7.190355391420576 
-0.5456151988614539 5.01431982938822 
2.0104376459746116 3.6585674606290737 
4.669665545904289 10.07984675685906 
1.8476109056813965 4.757200464963437 
5.938342133594688 11.446145161378888 
5.386351925846278 8.562665664847751 
7.636187515573045 5.051684692271469 
5.043270768557096 9.354632324002997 
5.198640391055451 9.013881474764112 
10.884603875070294 5.133096210750208 
5.613253522110574 8.0011534319096 
7.007244678806707 6.357595335795041 
4.330181255350803 9.686527550433633 
11.0891476299955 5.245817498569852 
7.220988420129048 8.707140353347864 
10.87583010854226 5.159143426151056 
11.654330941245847 4.395780961797676 
10.189593970008026 5.629460492852489 
2.0984716788249522 6.432795226561244 
0.4967237654946143 6.26869078316685 
11.26590505255582 3.7669939131986134 
-1.5402952556134917 6.754569666788099 
9.798623152681909 5.3406599979295315 
1.5855928031912607 6.497933978898675 
4.877566399919261 8.843610318825036 
1.7964180481656036 5.068079813793367 
9.814183658785106 6.317122612420742 
4.840262934701727 10.721184198226652 
8.945694065754477 6.499310995911911 
9.354119179247508 4.058624211027492 
5.509563685349761 9.949119005060231 
6.336350615181749 9.652615598488142 
4.607069491738961 9.851831667966632 
2.0312206443721212 4.726247013908767 
11.657406943935351 4.470624998065309 
-0.511757216571334 4.604408273672868 
9.740517250446171 5.965253509888116 
5.576935372153624 9.491346782228426 
9.699902766468455 6.728851113591224 
5.730274801249349 11.823550108376088 
5.476171558613317 12.64309295828123 
3.4861094921810016 9.174674938223307 
9.750575260535129 6.381545712941709 
4.229535931465693 11.684560339968582 
5.001550386709271 10.697937554457264 
9.076881549584071 3.829931340072522 
8.733415946151268 5.388877363519733 
9.690186764774774 4.91866064483431 
8.501433270574417 5.606457590010571 
0.2198825544356997 4.384974712060857 
5.5079398823284595 9.083098735303972 
1.2912535978122626 3.530912069012934 
0.3315811690896088 4.403663993165065 
5.6020337483844145 9.985869685702962 
5.64604442692681 11.174358321879183 
3.5068235278776867 9.224103112989981 
8.906956401360517 5.213293538183285 
8.664635339128658 4.4656899295453965 
1.0205927335791793 4.558052201936729 
5.135629241321685 10.580760773470308 
1.5358177285726993 4.424487312131875 
1.6087549147965072 3.096892190180828 
8.615026986038089 4.358618309886188 
4.240892197095268 8.721216236595575 
8.395204752917925 5.1902966375778705 
3.667551215268988 10.119828282021631 
0.10649727758296623 5.543982229138844 
3.7953790431859447 9.87436879775587 
10.159688623737722 5.086947431331939 
3.030111273651214 2.9602004214585538 
1.4779271706894699 5.798629684798204 
4.552024758899947 8.874056117304654 
3.638874687018523 9.600841948201351 
10.684781994513116 5.689569977846908 
1.095342880758096 4.022789304041525 
9.798408475032918 4.41683276740449 
4.340681693999593 10.38576523937663 
0.44382577363337394 7.437010801569824 
0.3722042215037289 3.7875994391488343 
0.14466340664952515 6.272705145508398 
9.731497426836947 4.5649739715103195 
2.121396057515978 6.359636966933785 
1.4832301890430433 6.090632061602624 
9.745460566159288 4.028714949167361 
12.504613170202159 2.389960967060118 
1.1326197443807617 5.656719117474131 
0.3773628718117257 4.7908038647093045 
2.669782503557734 2.6956854742689966 
9.589043686748221 5.2248458079171805 
3.70726884694525 9.403214051630767 
1.8692201736642944 4.95988849225907 
5.725014682817279 10.912527514092483 
4.769621586298511 9.79508296743711 
8.486093650404678 5.891413962232143 
9.924360893532866 5.357563860121747 
11.100777152221422 4.140980309615134 
9.232315069281135 4.581953990549818 
1.303660005679282 6.377017393575639 
5.214563216045211 10.993534005185952 
10.30106682236807 4.668161436425605 
3.226427310942432 10.572801374138143 
-0.9992086649858758 4.187599866358503 
5.246239949990077 9.043555889614689 
1.5351929511953553 4.334568400517313 
0.7718135714485744 4.911677175618145 
9.174246497083832 5.36924494995696 
2.273749280120409 4.720039243185003 
4.728558546094516 10.700047858266357 
9.62799441044462 4.678925266262901 
4.596080079587042 11.029427902311273 
1.7015796626752688 5.865321906922307 
5.6369274416579245 10.186424379132596 
9.444437561934492 4.550619266750779 
5.9723137433156905 9.18518851103875 
7.852724685733847 6.959759770031725 
4.424175912749282 10.07226424388092 
6.978185819649802 9.967477125455494 
5.552429795562732 9.751753329107773 
5.4386597574191065 8.798441787233639 
3.7109226354081635 11.22089337067013 
1.331158685277789 4.868494587672412 
0.5123944687035359 5.033167204743326 
9.233314721340609 6.058067973335952 
5.946910395842151 9.485909913723962 
0.7121449391449883 4.671941684953758 
0.016519366760341936 3.9721906822840714 
9.511207836851126 4.633814286904744 
9.707815748565743 3.486001191822999 
1.5175178245836212 5.254911736597396 
5.338811470135701 9.9796729966634 
-0.5717613145634677 3.5646260815328388 
9.692574109820265 5.712158756153495 
10.123437209506221 4.562660038419458 
3.972616661375967 9.667567587011378 
4.952206638138917 10.883383646892684 
0.6534386448096245 5.09045106878797 
0.8663688255006616 5.139552026003902 
3.103713160303397 6.015587715771997 
0.5710460997058665 3.8267540031142055 
0.11953290938753425 3.979613775149652 
5.369684280660911 10.678192364330672 
1.5730571483493532 4.477544526128844 
10.059016243367395 4.322346108598053 
6.841862207629813 8.912973366538758 
2.1273167179196832 5.094011553853847 
3.856913878249978 10.596991797870416 
4.3397785920803065 10.179476214187591 
11.015033827639098 4.860255586660304 
4.142368623547047 10.136781938425768 
10.910635372145906 5.917248563136057 
5.340885508913603 9.598538750797049 
8.305823947252794 3.9440611565301316 
9.530334935586117 5.760256768893057 
6.913131707856812 9.669046411464727 
-0.1615822506275575 4.625392546020434 
10.64295491551658 6.099589578185262 
0.3260567121693404 5.749056838002038 
10.744770317954607 4.734350360081431 
6.120363744023079 10.099029486958349 
0.9387198912081647 4.569820162252921 
4.87849210494958 9.629127836167504 
1.8565066546093474 5.635425826208271 
8.272630047910734 4.75226941497868 
1.3167651247113101 5.957903627119856 
10.624265051386848 4.662424295342731 
2.9978350662151154 5.601085464375468 
4.207274191593039 9.6301193587156 
11.4346278570702 6.236176792709994 
10.068320855454404 4.460156793099168 
6.830950612512973 10.782363261417558 
9.572029475096938 5.820856320748643 
1.9135109402822175 5.367376547629405 
2.1487603955338024 5.212176188426796 
4.518312513149843 8.372002600526752 
1.1170854015192557 6.300831632599647 
10.241514119816834 5.610921239993035 
3.7807970758169853 11.74841587621672 
4.869611077256201 9.478205068567526 
1.376808849609793 4.7595040946009615 
1.9791806349285168 5.6361581233078315 
1.9169893953776356 4.268311742298908 
8.55203354568081 4.21032540476159 
6.700417094932876 8.80828492957936 
8.723873532276546 4.966513518838082 
5.444282974408258 9.79364923713824 
-1.2587638413489852 3.2228772810085484 
4.551650038668057 12.156988210110075 
9.464695853496016 4.523469840743336 
12.196803831347482 3.206387626924181 
5.085709441848179 9.892886047578058 
-1.6109858733978517 5.3841613024986295 
0.5492928597743826 5.629710389031791 
3.0383372234984853 6.04532825277241 
6.341070945311484 10.610850003547208 
4.895757685383746 9.140291734786224 
9.691190843482412 5.424811497968594 
6.069839049224998 10.69255567795517 
10.437353338897523 7.1350513873670405 
10.486947346189664 4.105414490851893 
5.39955207357839 9.670668302964645 
-0.38528135999553914 5.201705874068685 
5.834267099466808 10.512881528580744 
10.504771492525412 4.231936408906495 
5.252396670665681 9.973232107085686 
9.418135651173735 3.14331367469529 
5.274813815697005 9.579772862265218 
7.626403780614936 5.389153469621216 
9.29864681391477 5.677883175369128 
10.468845133400498 4.7634122792543945 
5.719508354615037 7.9818498617960305 
11.530902998156028 5.7745534480249185 
6.149072620466246 9.415922730720311 
3.198063572962547 9.29602883467725 
0.06420948806463356 4.703359353693895 
9.422062459391242 4.733086878041575 
1.4826799586362682 3.5656854546556467 
0.4409435714241273 6.329781712333189 
3.2210635866059207 9.471649024717722 
4.367339308417462 8.987554713972054 
12.000178694464637 5.102422108253526 
6.516559481701526 10.324459406237107 
11.619953991442863 6.221805781724582 
1.6685499713974106 5.01980410585142 
0.007778509104123366 5.838889089271001 
8.887633422540434 5.072329710139334 
9.215772737131122 3.8860610100461095 
12.124854689452167 6.280097343025473 
9.460976777854274 5.452948357614322 
4.5878724974023015 10.019603863728959 
4.927990129302981 9.59098204986906 
11.175742028813861 6.599573432656337 
6.291211634086831 12.024205125139938 
10.091365145956978 3.128043893296171 
8.595672087859443 5.07012718180288 
0.46201571231898153 4.729727592857858 
9.633806919043925 3.971740952948069 
9.848112291096914 3.379183248020639 
0.6097456772134568 3.4493539115116736 
1.5690556324214289 4.329120096449342 
3.24357410737181 10.089340897040179 
10.514973329700913 2.107551911262882 
9.0029208267909 5.676091532725296 
12.048727722698834 5.646677056550111 
12.2353202977088 4.02587740558784 
4.315814515184453 8.963930704266502 
10.9831130508043 7.088452734389759 
9.882285396661752 4.7990514074617545 
3.5722471626748513 12.09446427026935 
4.98530025886877 10.053207422160863 
0.49024050132413555 5.2336591901422125 
-0.7549670814163156 5.083846478352598 
5.517146329188751 11.3227496380003 
3.678894750319617 4.830047661504039 
8.72006395533261 4.939918193310794 
9.458750487240254 5.794400060432571 
8.97689816168457 3.3223319624580068 
7.340661613564599 5.358162861561631 
10.819522853076265 5.713681389609002 
3.9509609001387536 9.600435331167859 
1.6226007461177416 4.015166532814223 
3.998799443818079 10.033192834983874 
3.5537597932644456 8.157423112229333 
4.7545433899702925 11.257168113954737 
0.9985439989936589 4.482005804376532 
0.7383340258420494 4.604974081108484 
1.4782073732606393 5.155869950050823 
11.907864460699123 4.741878422216118 
5.811724445671177 10.30794066533904 
4.735442200996713 9.92052236265093 
10.211557088228583 4.274792237470622 
2.841338816449481 6.131327584708691 
3.2472136801856943 3.767943225213252 
12.582991483071963 3.359048320659765 
4.631291326975589 9.344373418068288 
0.7413965268093561 6.144631794609266 
9.506650561266175 5.474950793124515 
5.116358895837671 10.621676507130738 
2.7352149488652318 3.1139879494483083 
-0.1798123111207912 4.658396928986206 
9.512992280730389 4.767489901875139 
5.614876695761736 8.601610451617228 
2.1657830588407716 4.666730047576753 
10.479027616997334 4.033663757832752 
-0.2664790416067542 4.77210878623345 
4.633160820567689 9.45602109400194 
-1.4333606577089615 5.650727086132785 
4.811763102853409 9.546130141990034 
4.194045033891334 11.193069373378737 
10.000892723014013 5.036209952567922 
9.24655633588268 5.973963145674551 
10.420817646101696 5.059050479413604 
6.443356711892305 9.903753844738283 
4.765558438833061 9.990670553398916 
5.521563410661267 10.721230452792488 
3.3263881979105117 8.650365473351961 
1.9709932821742777 6.240713041305076 
5.255913867115135 10.59435193269041 
4.407389602684935 10.134029969389573 
8.861837309960285 6.147981346865642 
6.0692233059995315 10.721815072514579 
10.932617306318788 5.09860366937708 
0.14485086014730508 4.645009838410017 
1.4564946792087663 5.938186954017251 
2.6807352093693453 6.258167900677751 
5.751093753337692 8.886050394084743 
1.7747492463688912 3.9938368021694814 
0.6253527866571245 6.03339587875272 
4.271792983509113 9.818222284840548 
1.748925502741971 6.539713344244834 
3.8666856952187936 10.257909837450276 
5.490442951053384 8.687659634936768 
9.68889147818772 3.996810482781358 
4.726319258884252 11.494786078591295 
4.945938890344578 11.569976728181567 
1.5716143529311326 6.14924429145189 
8.888824594261365 5.194234367758683 
9.981990540200563 4.862770092901429 
8.937054191017745 4.320014860889099 
4.052849018075513 10.659018406784819 
8.972767796549569 4.584655654729299 
11.635434851107279 3.9502393676964704 
0.9943527761797972 5.153875664850736 
10.130640923632196 5.4064197193378485 
4.042670710761829 8.567566049639522 
1.4790267442873408 5.224304446390947 
4.142727235310144 10.167980200494949 
8.768655677905757 6.3560498160075465 
9.002994807375961 4.539138598529846 
4.925831287597747 10.772334183860565 
1.5237837857311085 5.458369525815726 
10.364534117873317 5.987620839121947 
-0.9205149658052691 4.225300564295088 
10.622263615461629 5.26961051354638 
1.6186733689344548 4.234466442797608 
1.6356446146539287 3.60884970585021 
5.430803314298286 10.736003549804897 
0.39741610380315295 3.109597019486512 
9.922134272021253 6.6271920882213315 
-1.1813750582411124 5.175170192395994 
1.7037534243052068 5.2657782380227465 
10.357745905026084 5.417419312911155 
8.672298209832046 4.050776402309519 
5.964429169818848 10.112735982333241 
5.492893357925537 9.129988474139221 
0.6267058177196556 2.453836299693423 
9.073737656466815 6.313851620505054 
11.127038820453576 6.621861856606144 
10.667809770532143 4.575832748771541 
11.050990987142256 6.665114538255771 
11.387017946481635 5.030474084903475 
1.3251914033434935 6.005652125059438 
10.691579871484368 5.295079196582769 
4.47293473174946 10.2059903709911 
6.065784043976694 8.942533577042095 
1.8920295134680143 6.022928041063724 
1.77233411930863 6.11255337982801 
0.920467236677457 5.134250743826697 
10.622336034747937 4.650160110927336 
5.177289006329608 9.427754716516347 
5.924064268960636 11.395892909699349 
8.083331084076267 4.577902737412438 
1.5521230445619754 4.436423056622371 
9.568406625018957 2.3594846502122326 
5.6946634012793185 10.119480436692358 
3.472656487235937 10.942993879285291 
1.8861461964613964 5.03626394635838 
10.832429323752415 3.6443730502434546 
0.8057718259488956 4.43067031897276 
4.9078288959296215 11.327937155366822 
1.6189735620501544 6.121296653273062 
5.348706512403619 10.088775661314083 
2.125635407348047 5.104410555454984 
9.713207521385618 5.2379151815310845 
5.988625426101951 9.90790276251738 
4.3582435684393035 11.889164172767973 
9.958078033861526 4.264775623813653 
1.060920782630475 5.291613386266461 
-0.3236742665562389 4.3809783797647075 
1.1795374597588015 5.645426379869215 
5.342153569282881 8.91160799741141 
6.282092658610065 10.277135780244581 
6.51370194142177 10.552801993971142 
4.877551304172927 8.55891767312675 
0.12588990383397491 6.040890392046997 
10.7304476222053 4.212480088269493 
3.4853879610848306 9.742136264374253 
4.252711245863978 10.666955059716798 
0.6765901083215687 6.066229711440803 
9.92301177230612 6.500740884927553 
11.117371072044863 5.745369698873735 
10.89573370224467 3.969113981953191 
10.559248926499881 5.271180266876755 
4.8628991451110215 9.867764937163964 
4.421460576792725 10.611566856938852 
0.44832145774316323 5.03278190785673 
4.418991890862424 10.05792021443217 
0.3070868364116025 5.571866076699923 
2.260054638152835 4.420974849172712 
5.2238268829126495 8.727361680533791 
-0.9827345543794386 3.57231448445967 
4.536412976824477 8.604795095273602 
12.302261635239212 6.390844233510655 
5.76437109124257 10.69217726652582 
1.784708376897985 4.9159732711429145 
1.256429671150854 3.5333110820064313 
10.19157092494925 5.30299579699103 
8.932819448894849 4.55067954792588 
1.2904541229800828 6.206662162897261 
1.8354869239028881 6.471751069550521 
2.7153091824368483 5.757653204797186 
9.336243368526082 5.2135156994857645 
9.722676352872105 6.329503024757367 
0.25210285169741875 4.1613996911561015 
0.3067303852661636 5.9577465987430305 
1.5730245555674327 4.684764368570417 
11.591613262353096 6.461635237808435 
5.915258994856965 9.360841196040736 
4.760076650843428 9.253791516951358 
5.305866102156247 10.97521783326411 
9.747419270322963 4.201160729641627 
7.071958766165667 8.213107453268156 
10.455177213396189 4.718194314747473 
10.06341003354089 2.7932036417921173 
4.948949921191162 10.430009584149127 
4.53157023524837 8.96577149626211 
3.4020334877418414 8.813719982846592 
4.391893613468301 9.176704578335329 
4.815136761042026 12.421046939805883 
-0.5554524232439588 3.817830087797497 
4.776612650740429 9.033903037606793 
1.3727191022065781 5.2888941864960675 
5.833920568467231 7.872607496796651 
9.989222116321821 3.496260595846943 
1.138917163045523 5.538177318817907 
6.458721814899077 9.766380911601164 
4.918282130217388 8.827612112907843 
4.495224916927366 10.397007412806278 
10.35270683594794 5.076605868752987 
4.749322504460787 10.592091784325591 
2.3481294782827318 5.759923270330075 
7.19722446335911 10.156157303394453 
4.950758017530351 9.656222256664698 
5.754242081919374 9.524692367119949 
1.583298568780199 5.393359218667133 
10.076991138506209 5.922795091147603 
9.243139690182563 5.260172667830091 
1.8562461035655216 3.7674242923380263 
-0.8971426018008244 5.560941139878408 
5.280342603779027 9.725776303016243 
4.1445342791458035 10.246610723673665 
10.295719734814154 5.103256435507018 
1.5768740904032528 4.9754842117939715 
11.10519140403657 4.438391491052443 
0.5051968010155184 4.640719463728759 
5.544804833002537 10.574915138230736 
9.612909518423988 5.163391275515201 
6.0365808658427795 9.323514916785053 
9.60879634614438 5.143798098576474 
10.750847559530724 3.3493384591311557 
9.788851490672098 5.659498871232932 
-1.0951577771370689 2.7606816836469665 
9.88698466138766 4.881680206461374 
6.625322161098215 10.817102300947726 
5.680733214659989 9.193874572820446 
0.5401849747601973 4.287715209939828 
10.339360078874659 5.524980958871228 
-0.8745716512160158 2.6004880147926346 
1.9252278804316152 5.051997045166903 
9.686378042775926 4.298305738920851 
1.3681322066233177 5.008219323637485 
5.225532083066318 8.942556524663217 
5.295864107212858 10.699442953619744 
-1.6510218107773276 5.083925770165 
4.385171927341445 9.837870239672332 
10.365602462102117 4.941909830824159 
0.8274038960127724 5.288107782476941 
4.637043191732867 10.830758573486046 
5.351641435963545 12.478258500406405 
4.422344509104617 10.506141990208137 
0.9361745691751134 4.46012053191779 
10.81554986675166 4.0655666937271935 
4.693044387812696 10.266866505963815 
2.069587019808746 4.022661811340866 
9.659651862285486 5.95093971132533 
14.27281499479688 6.011830863661765 
4.448679386091813 12.543824225274069 
11.441064162126 4.670497331716749 
6.147592034210441 10.212670282241131 
4.625753366772284 9.441554417204445 
5.554786063195793 10.42736099081738 
9.245125254689116 5.987253988015803 
6.5139805651100104 9.800665307767135 
4.295282102590528 10.724181009096704 
6.037712748912147 11.157130546918735 
-0.1419502831755306 5.069481183611752 
3.56517393496355 6.883703874829886 
10.330135920151765 6.238152863165531 
10.42163517936689 5.757971066134173 
0.9298122224061826 5.5154175710689834 
1.1960995411489173 5.306948904833936 
4.921664353738488 10.070247386243517 
11.066801175744848 7.247054626725054 
1.0920449865605368 4.576609518681199 
3.653306672823959 11.611392187283412 
9.581190619923682 6.181543738596883 
8.611006314040425 5.2229467665578095 
-1.1783260137540625 4.883472419827686 
5.837515290026608 10.93496798596481 
4.20822624887603 10.507147272211283 
9.608101483145964 2.8250776541661287 
4.065524846893539 9.424082272032342 
5.491301014480369 11.03812694500958 
11.333352803310826 4.568911853546961 
9.64510336832537 4.021513416207216 
10.630219491289822 4.303925190617952 
9.371003500294636 4.234020959814499 
3.956979147061892 10.031805158738548 
11.451031772940606 2.8151960386194004 
11.155423383170405 6.155740559317573 
8.81175593385307 6.463319219652688 
5.531903575350626 8.818888515621737 
1.8741582337270017 4.170567847273311 
12.655637237914794 3.59255950727585 
10.71116247323896 4.9586690830665585 
4.067181904813631 8.70609830260427 
11.221277878986188 5.365168334708246 
0.8775227697712947 4.458007688412897 
1.731924136129198 7.0660893826136455 
5.51461009042782 10.368914483968435 
11.158110523167743 3.7096882012719146 
5.709785639051415 8.364085063148412 
9.753195129947851 3.8088082133545944 
1.8132050181863981 3.8145212736926553 
10.089128080601787 4.680957808971401 
4.038509745640477 5.47088123529743 
5.3030914510468286 10.070227069953999 
2.2997538020689885 5.388877372188451 
0.7788942406782431 4.605547980232484 
5.004365319919324 11.293285741682189 
-0.41313811875542283 5.142756198022481 
-0.09221374973961938 4.748267529672884 
9.065248569538198 4.759285860332629 
1.7935529033061635 2.755117035615027 
5.269104851320058 10.496042853629374 
1.6726763139477663 5.792929565956885 
3.5265046360066252 10.576126541245948 
5.7651994391867 12.218415791511124 
2.261674425776068 6.579964019913184 
10.334559072278067 6.636232544701242 
1.994952180990225 7.257052286568993 
8.566766155718687 6.009695171105035 
10.340366643351176 4.887979912389166 
5.193491409466592 10.20112237691624 
-0.5320199665612158 3.8741885108787026 
2.4317565026438483 11.223225362475036 
5.339202414776727 9.929815943718607 
3.228111111581261 10.559634183613703 
4.949304948221036 10.594934748300405 
7.415942047438538 10.762748384195863 
2.3327139073846976 5.30793740258072 
1.743555989999008 5.8026331397645095 
6.207647816516548 11.493683020921587 
2.0979013035368688 5.138782108584856 
0.09677749103371136 4.874768074291626 
-0.6284707217861765 6.427306802230264 
9.423618714813783 4.89457936476059 
9.2289571132594 3.825141613775263 
0.7777236189749482 6.147719616638595 
-0.26203677481316956 6.127345539320993 
0.5522684740750781 6.190741742991665 
1.686206398719943 4.433343408798616 
3.6064475727662217 12.164377604327937 
4.5984238942625595 9.35501626832401 
4.907109033521263 9.22119835297363 
8.360116860606391 4.334288724916919 
6.81422424838026 10.132176004446311 
10.159840522255314 5.933916323368796 
1.7538442488147212 4.387843822918656 
2.6809921531124754 5.180787042944047 
1.1241870674027723 3.952803934267611 
4.829447219289998 8.960944830997834 
0.8581136662585276 4.230431689117337 
10.449778695951842 7.239321986295007 
4.350179548690745 9.140467861980666 
9.451265398008694 5.540865900973488 
3.5385550553540037 8.798933695849483 
3.3141605419687137 7.264694383245807 
0.4508843556786145 5.32151191841423 
4.986262083852063 8.529380562178913 
-0.30315635461712187 3.7811890853101304 
9.902420352578531 4.813211828766806 
9.355822848120686 5.765961842533406 
0.37552203305941845 3.936618447540286 
9.271407126795715 6.558943077101949 
10.944073390168914 4.8760784299562205 
0.6744859886725196 4.792397418105683 
0.11398643260369057 4.9195039161940635 
3.5169146936000057 10.829394459452093 
0.4073865600494784 5.381948580318975 
11.612139264749121 4.034623854372522 
9.751714358178074 5.269125031190003 
3.3880643177225855 9.354896127664889 
2.996119380710987 9.346185808520115 
0.43801479191493387 5.243039156382078 
10.733285407616373 4.577210626242395 
0.41825009301497074 5.152328688497041 
2.709554918393228 9.943070182371946 
6.291325757895337 10.590654113914882 
10.499556592383502 3.748615708500523 
4.778069957143984 10.37135003591893 
2.6801034908699073 4.4400162178695695 
1.0743222738806821 5.661034275208914 
1.3290535641628605 6.097372523651224 
5.7870982733264285 10.35590406373911 
1.4782993592875215 5.815887632382465 
1.2623371144934636 6.922393533085042 
9.669506362649575 5.457627048483605 
-0.10624829672654124 5.204775788907125 
10.596143079364976 5.503753769691192 
10.578531832862273 3.526425079207498 
0.5361539541291951 4.261171490270518 
2.152066900308102 2.082929804784169 
12.16825871683082 2.9894158563670152 
4.1769496564165145 8.855393628740233 
9.214463029514956 5.034557306813163 
4.399919785507883 11.720719470793346 
10.914077143672268 5.442851905561153 
4.399936352881144 10.288289417101568 
7.930867979816318 5.3046797023951235 
5.167858141001892 9.399245322031803 
9.374038528397055 5.6174102509805115 
4.372143842932425 9.019970159695891 
1.729389067050371 5.395472391379865 
0.4343656958606358 7.974870873485218 
2.111199392447183 5.082578154088065 
3.645480798846954 10.80538760117248 
5.329114150040689 9.76477590920522 
5.915275940382599 11.400064616086086 
1.894276176993385 6.601497078647849 
-0.019207172130342398 5.633394344143136 
5.72288029701976 10.031145006224923 
2.1176556125368213 5.304551593463913 
1.2613644236168922 4.584855724327756 
5.464329792084162 8.361762557281395 
5.089013587037278 9.654455628049549 
3.222812964812962 10.047399631670457 
9.86626543853396 4.93214304717523 
8.805358930502022 6.045772053585818 
8.409959834509841 5.902675441409871 
11.63087156914235 5.740506394432209 
0.5743019771270388 3.925512007996291 
4.968880725530988 8.778998587056032 
1.9925215656140702 4.846202592104913 
5.940285846173976 11.695765763811906 
9.99872538561781 3.392915862475423 
0.10099742737828465 5.363752365358631 
4.25677448809147 8.945173675029913 
5.85235746307808 9.66826619374155 
4.347025633779058 9.533623238906682 
3.1983784057240596 8.889973138905683 
6.231172691654501 10.489614182741935 
-0.2680497503847876 5.098445307847126 
3.97429630893265 10.317847742364515 
-0.021387205933376396 5.467415204474614 
11.72691821915523 4.623967263090713 
8.985620404217997 6.270996662313058 
0.3113886987151153 4.890299858013998 
6.205277392205483 11.200901764503516 
11.351490378993928 5.478250173378539 
5.778034674222062 9.893032022908367 
11.61224536304581 5.260062903644954 
2.7138146010811175 4.529471416905859 
1.4611796097541756 4.179976949609962 
5.946472549561023 10.590060417916913 
7.000740230115607 9.322155355929299 
5.092536524550615 10.389517398933801 
9.314933410896371 6.442614954496178 
4.811245600121792 9.729090043188947 
8.915975218715197 5.580367338867664 
1.2454375508717397 6.295554208888129 
0.21894617121324222 5.180130818648654 
2.0855176350346234 5.214785915638546 
11.865911359818892 4.241512049181759 
5.576189541722616 8.578408285003668 
0.8141787397714281 4.354855876608919 
5.5401052545145735 9.639684844950501 
-1.9356935639151787 4.615920415589018 
9.366494678989213 3.1484281416233904 
10.981061336677524 5.760010843785559 
10.326324526120413 5.398808868301119 
10.952540338306818 5.204865926461781 
-0.20063400974924006 5.21571369709692 
2.395348260949437 4.286359697766686 
0.8294316510628552 3.4516129298119465 
10.272353825389029 4.919589053510707 
1.3982446343490034 6.2707861600120225 
0.6524077114592064 4.296387089646269 
9.826761399900457 4.149922224122862 
8.30544330776723 3.4110161526344305 
9.600864581880382 3.8351645970524126 
3.3687562996707454 10.582763376285145 
-0.06485797992095299 3.9242542014402058 
3.4209504349043183 11.179341035841837 
-0.5736116865553829 5.690202648284022 
0.594790831560746 4.887563155424063 
5.025738575333152 11.536885427410919 
5.636572961683906 10.199483607407634 
1.3589872123161686 5.130200090973565 
-0.5734780130019357 4.758124660457152 
8.201102946522779 5.641167209499916 
3.6021936963944095 6.333769818777117 
1.6319776845691367 4.995741851240655 
3.608471239253511 10.28959853526713 
0.6284947221904753 5.603462636916275 
3.8872183304557373 5.696705670984432 
5.348294222190606 7.627141111762123 
5.243973968982428 11.10412436432802 
11.065337543969603 4.407646995708037 
4.920066366657963 9.185959063662596 
11.93099014318051 3.4573809217715663 
11.835449846434955 7.010789772416919 
2.303135694466155 9.249865485764944 
1.557211017552699 5.060790606587936 
3.311702028581129 10.414289647123118 
11.533150585558312 4.354819725338335 
-0.3406471650631133 7.934324011159129 
2.1938513845827137 6.504961840420913 
9.923857342094816 3.444238550844158 
3.3941973758621726 6.004385954086381 
0.48200147459915277 5.333961884103306 
11.370840581143836 5.1908460452953 
9.64652517112763 4.541208833424763 
9.480110472748208 4.942938786545254 
5.150313046823504 9.142848867634479 
10.44860605840521 4.3233525639807935 
0.00012868872220395122 4.738744903511597 
2.025546340336596 5.5659924075307465 
2.5911996579927363 4.13917101475935 
0.25316646401837617 6.451972365493452 
11.317410594468832 4.601292753943998 
5.629347162545728 11.337575878306652 
9.745970408925661 5.4105971704567395 
0.9472081549969764 3.1824614097557236 
3.373126944825257 9.33344950350818 
9.799830180234716 4.488234398017115 
0.8792530221407071 3.15048453724588 
-0.24027370437398643 3.997594583985812 
4.950388433910782 11.086010361201836 
6.688670300371397 8.685620488460017 
1.0002541753837924 4.542506344103664 
-0.022270327664680067 5.175675246681722 
2.2547502318486794 5.235049320820805 
-0.48512342508060957 4.816670899589315 
9.398373073565356 5.27439593136807 
9.806860976396798 5.774349189429633 
1.5833091988825831 4.602502568431993 
1.2166494244083208 6.819827429496488 
1.1790049442328239 6.551156015660865 
1.2136158443554383 5.6699051762108965 
1.1833355524820577 4.668016396258226 
10.100679872134819 6.615288659186499 
1.9481159254786786 6.1949197912408565 
0.35156512585870925 5.000414097621621 
4.380654064103013 9.612647965766577 
9.375633677303577 4.158866689360385 
4.489204646136838 8.658417089504766 
10.119012581647972 3.920858397726319 
10.484931153375735 5.6995001641254195 
4.800469510550488 9.996314273373116 
4.032274081706967 10.09412499015439 
9.557192634533484 4.229892578790944 
9.287664482838338 4.105940449291705 
3.939141669161291 8.172772497624724 
1.6214111915645737 5.55051298702069 
4.971438636496519 10.9572314407898 
1.7345361719380428 6.2895835081965785 
10.064971685562945 5.584887550388088 
8.574519276986118 6.798463206152423 
2.429897799724441 5.52643188329808 
0.23890694349639707 5.061154072102847 
3.930507738995304 9.99258916805453 
11.151897603050388 6.55036324693743 
3.7519910101524547 8.94495973040766 
0.6056758122427832 5.40718854037333 
9.929138287372984 6.572272443312665 
4.758604440322711 11.012394667234323 
0.9830654733284392 6.189515328405896 
1.5133748708822634 4.923620639906165 
4.440490916801571 7.984600315452182 
5.179058059714891 10.954070835947574 
9.567556402947547 5.886871298123153 
3.960057809398493 9.658019681102669 
12.765247457396631 4.122847553215755 
6.604323610623817 10.928199052479108 
10.282661337280123 4.778641626747907 
10.303229757075778 3.680016220793762 
1.1732503311885425 2.912331754790676 
6.2961755624835565 10.055763204695046 
0.12680430107716034 4.8397907055463865 
10.500193355130548 7.088075824219063 
4.4716841913814 11.074989548807254 
3.6067773132330987 4.085260116037276 
5.449581640364607 11.732142031552751 
10.804913544549615 5.754753223991696 
0.9578970990155895 4.414595412288218 
10.70445076246588 4.797204047514497 
3.927145640993631 10.059404465017614 
1.0448748804909844 5.857241459695263 
9.076525076499736 4.436590055974671 
10.434637886275443 4.073276074485683 
0.517337395462985 5.036511593821812 
9.064554590062299 5.603948635289359 
9.134016152603218 4.946118309891867 
4.076161104835676 8.926212155524746 
9.156919372810147 5.337585275285041 
10.825580950188638 5.470153022890423 
11.356155071703277 4.056795553000489 
3.6806278060722706 7.989272316710539 
9.073605129515943 4.240668319728678 
9.447592436670051 4.17689250229111 
5.5861682860709525 10.527938050280826 
6.283534544517266 9.041844080854146 
5.617781550449739 8.449724106562833 
0.6361341827858318 5.700790833670305 
0.7393556559101646 4.755284248749835 
0.4352883573783055 4.510611927061064 
10.255740291346525 5.493366932366591 
0.6557198436747269 3.280972623386134 
9.336056988129489 6.540491733527348 
11.323280484459538 4.202802147746293 
8.435908738944468 4.300878287215889 
4.304966169502192 10.244976110255429 
6.182931034277278 9.332657586719217 
9.122646096936165 6.003160812302239 
6.652140298195572 10.767780282604631 
10.156681555899265 6.127783247372729 
-0.650486552115225 4.952223351378039 
4.973157089515412 11.43060914016504 
2.3005523984678424 5.016405437629911 
1.4251905861180438 4.97731091527147 
5.297586962852001 9.964467308465618 
10.7904269167089 6.128465817384213 
6.0297857558681205 12.454053590086662 
5.834371335529896 10.783111880961583 
1.0615882889662533 4.334575678948623 
10.627864869859467 5.510833490624303 
12.143261047280268 5.226553282134648 
9.915375087735836 6.603247718780622 
3.889635956808829 12.1460882466615 
3.874468945162148 11.676028057942853 
4.966739960472269 9.812187221994144 
10.18300239153511 4.125763863338352 
0.5277609620603132 4.474736592843125 
10.690463201779233 3.861155688868267 
5.8702775274666035 9.482485468426862 
3.9499304525214844 4.238559679040608 
3.9089890003580607 10.438352536146553 
1.6725112003053564 4.300833680638556 
5.497470267272172 12.204571134503388 
4.245857117326584 10.836280033488851 
1.3290315877004584 3.030879321840015 
7.815618833852702 6.641328286480571 
8.886722473009778 5.003913558058035 
-0.0677453846654208 4.614536180674838 
10.46060214248147 3.8333094912262533 
10.667023101432676 2.7269527308049897 
1.318234753511078 6.225783208442716 
6.861095094908055 5.539413044511871 
6.016485544662915 11.013428768530446 
6.337587728625274 9.917497726628651 
2.634876408657094 4.640771683428966 
5.572746778188289 9.086719438073882 
-0.03995596746430907 5.819955365413435 
12.641608348918743 6.969670834253073 
5.617124370062722 10.819960749568569 
10.2502388133251 4.061373658853707 
2.6115261143905046 4.436816300946296 
3.656271288715301 9.91969999265623 
5.684933636963773 10.72205021866655 
8.85552724478741 6.255113510434928 
10.465821153526749 4.090945430745515 
0.933849804239375 5.064892549439931 
7.973367689199601 5.269609064469664 
1.6293402403917363 6.380650999180809 
8.50144677244466 3.0665053557789776 
8.676506928826246 5.73857450591764 
2.2161819816013155 6.348489398452751 
9.906737034013313 4.143430426962556 
5.198738270262721 10.670407198093038 
8.711545925189103 5.905062236566383 
3.7957355232307988 9.743643199639562 
6.0058376320357585 10.522531313214271 
5.667374129625566 11.463176351865764 
8.884361265730872 10.528343266408744 
0.932446316980009 5.983099193883281 
10.940423518642103 3.4547393065562906 
1.2995654099837903 4.646207094131702 
1.3747036724537511 5.177666444134436 
12.21510101483457 5.136093426894654 
2.69484518370192 4.706142397316684 
1.1678360073491225 6.1627045314308075 
1.7909156615573982 6.532976259896006 
6.2838299006953715 8.707489896143313 
0.666965022317913 4.624840322429738 
10.758058993494414 4.5569926680025885 
1.3569180107948777 6.381497557388333 
-0.7448043374339812 5.003282913948155 
3.083283657812811 10.636975666014147 
5.672919056544746 11.027800863209736 
10.164458361921444 5.861381511258268 
3.4818441887817757 9.734829352001825 
12.012232611255424 4.230701928884342 
0.9146700543433844 6.126592811598153 
5.058546206602583 10.28308578734832 
4.843593503653468 10.229735952840622 
9.734768385762827 5.574412158836164 
10.517827242055091 3.667493301234555 
2.1521430495089 5.288670465861156 
9.74391328568006 5.8843481436968945 
-0.41171402216345787 4.153420513098907 
10.063163290558762 5.796560103674287 
8.047138072725057 4.429051916311108 
5.513697699666065 9.675485383512878 
4.684658795651137 9.086701298839468 
5.091399400672327 10.609605698699795 
-1.5689145872651946 5.028056602237675 
5.756946349643686 9.458630278810611 
2.2729831777298815 4.503912374342811 
0.5771780178911587 4.209952219045826 
5.375216608917537 8.993598954773304 
2.2144161418818475 6.615534365925283 
4.796453911730381 9.920989709441752 
9.873889891286803 4.260712126323168 
8.895575628513932 5.239023525166577 
3.872628923551348 11.344550700189073 
2.4093738638017035 3.5169572681960624 
11.147822476063668 4.823355179585978 
9.517641297834015 5.221161761941315 
9.003510668605374 5.524601700434062 
10.013581508974188 5.717605588682462 
1.4095311701246014 7.017334403577451 
4.0618295417438075 10.950365155856147 
10.343655631640187 4.923305094409935 
9.69722037806222 4.503321606332216 
1.2449056934660372 4.4680005512080125 
-0.46934058509048215 5.257040395579062 
1.2691016843922591 4.452775526077493 
4.833705083277961 11.56266579261136 
4.9676161503463225 12.34918236070915 
5.400887926873461 9.204220989444744 
3.4655538767949077 5.271632526634852 
4.954269411861989 10.214099741013236 
9.777900171810494 6.4832055665463 
1.9697771272174212 3.2683098155657113 
10.31467523044754 4.202715259017581 
9.56350674249105 4.990578583820875 
0.799959166889461 3.685294911661247 
4.9535108392324005 11.973383602343048 
6.194649331474423 8.026773495286148 
1.7916345819511938 5.761090983225641 
10.152730795867404 4.348991475060492 
0.5731608560652679 4.249161828576851 
8.91220248892684 5.340110929650984 
9.279454933180563 5.331256684293602 
0.7060494277612839 4.828265327222825 
2.291279533374313 4.589839919323646 
11.919062132451735 4.884268283474235 
0.7250929508898174 4.318958011176812 
2.360888214512179 3.652778407506286 
1.091460947301629 5.176052943992681 
4.112823982783817 9.679696154964374 
4.056556588281381 10.438183404284556 
11.050957935065629 4.538456153102972 
0.7223652032504541 5.269231999872707 
