D -0.291 -2.610 -2.919 
D -0.099 6.557 8.514 
D -0.228 -2.267 -2.154 
A 3.732 5.287 3.666 
D -0.008 3.532 9.774 
A 5.473 3.400 4.639 
A 6.521 4.066 5.235 
A 3.789 6.207 5.052 
A 4.643 6.417 3.858 
D 0.192 -1.096 -3.610 
D -0.329 4.319 7.871 
A 6.788 5.986 2.077 
A 5.240 3.486 4.268 
D -0.282 3.154 9.052 
D -0.403 -1.654 -2.715 
A 3.275 5.524 3.401 
D 0.042 2.902 9.865 
A 6.013 5.823 1.731 
D 0.074 5.494 7.489 
A 5.693 5.558 5.376 
D -0.438 -1.770 -2.203 
A 5.945 3.545 3.327 
D 0.015 -1.239 -3.186 
D 0.098 -1.722 -3.372 
A 6.530 6.991 2.704 
D -0.180 4.468 11.501 
A 4.555 6.659 5.496 
D -0.116 3.455 8.315 
D -0.393 -1.421 -1.387 
D 0.401 3.770 7.835 
D -0.265 3.965 10.157 
A 5.956 5.755 1.772 
D -0.150 3.733 11.187 
A 3.464 4.430 3.100 
A 3.525 4.209 4.888 
A 4.573 3.804 4.440 
A 3.100 5.206 3.840 
A 5.359 3.815 2.180 
D 0.336 3.579 9.863 
A 4.831 6.333 5.367 
D 0.060 -2.966 -1.219 
D 0.068 3.428 10.005 
A 3.310 3.553 1.888 
D -0.352 -2.790 0.280 
A 6.143 5.900 5.022 
D -0.075 -1.974 -1.953 
A 5.726 5.745 5.153 
A 4.958 3.645 2.424 
A 3.816 3.219 1.756 
A 3.143 4.415 3.463 
A 4.719 6.590 4.216 
A 5.089 6.055 3.441 
D 0.106 -0.860 -1.878 
D -0.103 -1.576 -0.604 
A 3.408 5.793 2.917 
D 0.032 -2.406 -1.526 
D -0.286 -3.005 -1.730 
A 3.816 6.142 4.191 
A 4.162 4.290 5.095 
A 6.172 4.528 4.667 
A 5.484 5.074 1.867 
D -0.496 -1.822 -1.872 
D -0.050 3.174 10.401 
D -0.167 4.023 8.320 
A 3.745 5.892 5.084 
A 4.818 4.076 4.126 
D 0.493 5.401 8.798 
D 0.113 0.595 -1.811 
D -0.407 -2.868 -3.185 
A 3.786 4.690 4.606 
A 4.688 5.590 3.657 
A 6.951 3.440 4.575 
D -0.104 -2.481 -2.528 
D 0.416 5.069 7.978 
D 0.124 3.166 9.366 
A 4.887 3.253 2.749 
A 5.903 6.181 2.791 
D -0.335 -5.067 -1.746 
A 6.290 3.204 4.750 
A 6.403 3.263 2.830 
D 0.395 -0.900 -2.158 
D -0.341 -1.186 -1.844 
D 0.119 1.683 11.346 
D 0.186 2.346 9.317 
D 0.005 -2.304 -0.981 
A 6.490 4.024 5.198 
D -0.096 -2.054 -1.738 
D 0.089 -2.336 -2.529 
A 5.785 6.347 3.892 
D 0.078 -1.815 -2.344 
A 5.028 6.111 3.025 
D -0.394 -2.293 -1.324 
A 5.753 5.078 4.313 
D 0.036 -2.937 -3.129 
D -0.429 -1.701 -0.896 
A 5.766 6.767 1.664 
D 0.012 -3.591 -2.159 
A 4.691 5.600 3.156 
D -0.407 -0.151 -2.697 
A 5.193 6.295 3.818 
D 0.260 -0.996 -2.416 
D 0.151 4.359 9.630 
A 5.800 5.199 2.229 
D 0.016 3.315 9.026 
D 0.101 -1.868 -2.973 
A 6.951 4.710 4.757 
D -0.295 -1.406 -1.441 
A 3.704 6.036 5.115 
D 0.179 -0.950 -2.113 
D -0.233 -3.427 -1.615 
A 4.596 3.868 3.926 
A 3.867 6.543 1.815 
D 0.425 3.531 8.888 
D -0.269 3.827 9.969 
A 5.323 5.925 4.460 
A 3.745 6.779 4.859 
A 6.039 5.855 3.277 
A 6.948 6.538 5.190 
D 0.028 -2.516 -2.706 
D 0.256 -1.295 -2.516 
D 0.212 -2.893 -1.792 
A 5.043 5.227 1.869 
A 4.297 3.158 5.372 
A 5.112 3.011 2.179 
A 6.657 5.020 4.348 
A 4.530 4.081 3.353 
D 0.022 3.822 9.404 
D -0.069 -2.045 -4.175 
A 3.432 5.662 4.921 
A 4.614 4.349 2.267 
A 6.239 6.939 5.325 
A 3.164 4.789 3.387 
A 4.834 3.992 4.133 
D -0.242 4.120 9.544 
A 5.053 5.509 4.711 
A 5.199 5.811 1.717 
D -0.219 -2.492 -3.371 
D -0.233 -3.940 -2.989 
D 0.380 3.587 10.084 
A 5.966 4.106 2.669 
D 0.250 2.249 8.613 
A 5.556 3.954 3.309 
D -0.484 -2.427 -2.318 
A 3.272 4.597 4.088 
D 0.270 3.933 10.847 
D 0.458 3.443 9.082 
A 4.940 4.032 4.386 
A 3.294 3.701 3.462 
D 0.183 3.988 9.265 
D -0.052 4.669 9.327 
A 3.486 6.364 2.835 
A 5.843 5.760 3.643 
A 5.246 3.809 3.170 
D -0.296 4.156 8.937 
A 3.765 4.567 4.496 
D 0.328 -1.672 -2.883 
D 0.070 3.293 9.070 
D 0.209 -0.687 -0.296 
D 0.217 -1.018 -2.893 
A 4.898 5.147 2.228 
A 4.392 4.042 2.186 
D -0.017 4.403 9.032 
D 0.111 2.603 10.786 
D -0.276 -1.932 -2.470 
A 6.958 3.871 5.274 
D 0.097 4.242 10.010 
A 6.047 3.644 1.599 
D 0.015 4.705 9.076 
D -0.127 3.577 9.682 
D -0.054 4.090 7.729 
D -0.014 4.386 9.310 
A 5.053 4.448 2.355 
A 3.345 4.050 4.392 
A 6.472 5.681 1.785 
A 6.663 4.369 3.888 
A 4.153 6.754 2.951 
D 0.268 -2.135 -2.731 
D 0.004 3.015 10.165 
D -0.158 -1.762 -0.226 
D -0.102 3.924 7.860 
A 4.269 3.680 3.660 
A 4.818 6.844 1.757 
D -0.198 4.775 6.999 
D 0.100 -2.994 -0.960 
D -0.452 2.923 9.744 
A 6.395 3.248 1.685 
A 4.903 6.157 4.799 
D -0.070 -1.973 -2.808 
A 3.452 3.138 2.093 
D 0.262 -0.138 -3.484 
D -0.321 5.288 8.088 
D -0.476 5.662 9.678 
A 6.364 6.045 5.005 
A 3.551 4.497 5.193 
A 5.313 4.723 5.133 
A 5.367 4.136 5.033 
D -0.276 -0.070 -0.760 
D -0.350 4.991 8.813 
A 6.884 6.857 1.983 
D 0.493 3.813 9.369 
A 6.729 3.857 3.193 
D 0.068 4.160 8.127 
A 6.576 6.654 3.356 
D -0.185 -1.749 -0.869 
A 3.910 4.112 3.115 
A 4.250 4.435 2.239 
A 3.471 4.112 4.167 
D 0.387 -1.409 -3.696 
D 0.382 -0.867 -0.929 
D 0.074 3.782 9.507 
A 6.248 3.149 1.903 
D 0.179 4.031 9.882 
D -0.234 2.016 11.409 
D 0.197 -1.113 -3.134 
D -0.082 -3.514 -1.568 
A 5.288 3.013 2.218 
D -0.091 4.726 7.897 
D 0.097 4.164 9.030 
A 3.023 5.291 3.511 
D -0.405 4.900 8.645 
D -0.157 -1.273 -4.309 
D -0.282 -2.393 -2.641 
D -0.051 3.616 9.394 
A 6.194 6.775 2.702 
D 0.342 -1.467 -2.618 
A 5.636 4.925 2.730 
A 5.091 5.287 4.298 
D -0.277 3.610 9.292 
D -0.388 2.404 7.718 
A 4.948 5.686 4.877 
D 0.382 4.165 8.645 
D -0.037 3.475 9.617 
D -0.454 4.275 8.968 
A 4.245 3.972 4.708 
D -0.141 -2.149 -2.151 
D -0.370 -1.445 -1.809 
A 3.053 5.450 4.733 
D -0.444 3.406 10.962 
A 3.021 3.519 1.735 
D -0.262 -2.314 -2.173 
D -0.051 5.880 9.209 
D 0.142 4.923 8.898 
A 6.976 5.761 2.445 
A 6.028 5.620 1.843 
A 6.739 4.921 3.311 
A 4.656 4.354 4.125 
D 0.408 4.362 8.400 
D 0.500 4.287 9.643 
D 0.083 3.788 8.802 
A 6.419 4.674 3.716 
D 0.483 4.223 7.879 
A 4.319 4.157 2.549 
D -0.468 4.221 8.674 
A 5.025 6.512 5.269 
A 4.198 6.041 2.473 
D 0.361 4.083 11.231 
D 0.436 -1.784 -1.269 
D 0.136 -1.247 -3.800 
D 0.312 -1.756 -2.016 
D 0.366 -1.393 -0.982 
D -0.212 5.441 9.848 
D 0.415 3.289 7.204 
A 3.722 5.626 3.529 
D -0.190 -3.077 -1.047 
A 5.349 6.441 2.213 
A 3.417 3.967 3.100 
A 3.869 6.972 2.056 
D -0.415 -1.576 -0.492 
D -0.308 0.093 -1.419 
A 4.580 4.920 4.560 
D -0.083 3.875 7.436 
D -0.471 -2.367 -3.455 
D -0.251 -0.769 -2.331 
D 0.183 2.873 10.386 
D 0.482 2.529 9.346 
D 0.178 3.842 10.918 
D 0.043 -1.133 -2.034 
D 0.112 5.451 8.527 
A 4.709 6.490 3.736 
D 0.491 -3.009 -2.944 
D -0.039 -1.740 -1.637 
D 0.069 -0.167 -0.533 
D -0.380 -1.772 -2.517 
A 3.728 4.112 4.850 
D 0.027 4.249 9.718 
D -0.373 3.421 9.114 
A 3.029 3.120 3.301 
D -0.469 -1.217 -3.541 
A 3.532 3.316 2.214 
D 0.399 2.447 9.042 
A 4.975 3.759 4.547 
A 5.827 4.374 3.399 
A 6.481 4.686 3.924 
A 6.378 4.983 5.148 
A 5.668 6.256 5.443 
D -0.217 -1.605 -0.205 
A 5.829 6.330 3.168 
D 0.010 -1.834 0.531 
D 0.201 2.674 7.935 
A 3.827 5.072 2.389 
A 3.447 3.865 4.747 
A 4.449 5.988 1.752 
D 0.249 -1.034 -1.684 
A 4.548 6.669 3.014 
A 6.860 3.833 4.547 
A 6.742 3.521 4.825 
D 0.084 5.461 7.679 
A 4.261 3.409 3.614 
A 5.514 5.121 1.917 
A 3.488 3.105 4.773 
D -0.193 -1.759 -2.543 
A 4.831 4.006 3.659 
A 4.774 4.369 4.108 
A 4.370 3.265 3.849 
A 5.522 6.701 2.510 
D 0.474 5.857 8.663 
A 5.540 6.751 4.269 
A 5.189 5.267 3.080 
D -0.130 -2.636 -2.093 
D 0.434 5.262 7.830 
A 4.060 5.680 5.057 
D 0.161 3.574 9.155 
D 0.126 -1.889 -1.530 
A 5.356 6.730 3.572 
A 4.917 6.305 2.066 
A 3.725 5.979 2.149 
D 0.137 4.480 9.887 
A 6.533 3.119 2.616 
A 6.562 4.806 4.208 
D -0.407 5.445 9.628 
A 6.895 5.700 4.014 
A 4.395 3.959 2.067 
A 5.483 6.403 2.014 
A 6.758 6.554 2.058 
A 3.206 6.120 5.290 
D -0.388 -0.510 -1.023 
D -0.006 5.447 7.883 
D 0.114 -2.423 -2.647 
D -0.139 3.508 10.082 
D -0.080 2.597 11.070 
A 6.724 5.840 5.300 
D 0.415 3.367 8.329 
D -0.305 1.102 10.692 
D 0.205 3.878 8.514 
D -0.341 4.527 8.863 
A 6.244 4.931 5.055 
D 0.443 -3.323 -2.135 
A 6.784 6.827 4.136 
D -0.318 2.728 8.651 
A 6.199 6.211 5.342 
D 0.239 -1.594 -1.553 
D 0.172 -1.211 -3.033 
A 5.961 4.328 5.264 
A 5.136 4.432 3.982 
D -0.196 3.876 7.463 
A 6.547 5.664 2.682 
A 4.542 4.896 2.552 
D 0.016 -0.197 -2.882 
A 3.501 4.133 4.737 
D 0.337 4.888 8.661 
D -0.467 -2.034 -2.519 
A 4.060 6.760 5.469 
A 5.287 5.097 2.770 
D 0.333 -0.173 -2.059 
D -0.207 4.010 9.123 
D -0.469 -1.377 -3.302 
D -0.257 -1.358 -0.816 
A 3.238 6.828 3.153 
D -0.099 -1.911 -0.334 
D 0.149 5.507 10.988 
A 4.987 5.328 1.592 
D 0.321 0.153 -4.630 
A 6.843 4.800 2.819 
D 0.140 2.435 8.886 
A 6.261 4.301 5.442 
A 6.224 3.218 1.706 
A 4.850 6.830 4.395 
A 3.434 4.509 1.817 
A 4.220 6.409 3.193 
D -0.172 -3.525 -0.544 
A 5.689 4.232 3.879 
A 5.344 6.677 4.419 
A 3.393 4.557 2.797 
D -0.091 4.191 9.574 
A 6.605 5.695 4.240 
A 5.969 3.682 2.547 
A 4.084 4.983 2.368 
D -0.106 -1.784 -0.977 
D -0.468 3.755 9.201 
D -0.495 3.988 9.227 
A 4.611 3.377 2.446 
A 6.656 4.326 2.499 
D 0.019 3.697 8.777 
A 5.789 3.064 4.613 
D -0.461 4.145 8.838 
A 3.818 5.869 1.954 
D -0.185 4.428 9.660 
A 4.448 5.880 3.395 
D 0.304 -2.313 -2.799 
A 6.234 6.945 4.919 
D -0.055 1.648 9.070 
D 0.483 -1.587 -2.288 
D 0.375 3.318 10.758 
A 4.460 6.070 4.427 
D -0.086 4.206 9.142 
D -0.046 3.337 9.227 
A 4.423 5.768 3.523 
D 0.300 5.391 10.391 
D -0.149 5.573 9.550 
A 5.485 4.708 1.901 
D -0.047 -1.899 -3.214 
A 3.249 4.011 5.427 
A 6.373 3.275 1.861 
D -0.239 -1.775 -2.766 
A 6.231 3.004 5.193 
A 4.367 4.505 2.193 
