1700 3
2.791 1.621 3.976 
1.673 1.006 2.258 
3.105 3.007 3.728 
1.988 3.959 1.071 
1.419 1.036 1.060 
1.304 1.431 2.113 
3.649 2.639 2.041 
3.414 1.418 3.216 
2.857 2.113 2.208 
3.898 3.101 3.717 
1.007 2.548 2.465 
2.723 2.287 3.118 
3.192 3.779 1.065 
2.864 2.701 1.816 
1.944 3.179 3.892 
3.511 1.094 1.346 
2.948 1.251 2.276 
2.677 1.588 2.687 
3.846 3.942 3.485 
1.537 1.621 2.258 
2.049 2.126 1.809 
1.797 2.547 2.304 
3.599 3.535 3.798 
1.978 2.246 2.801 
2.404 2.518 3.078 
2.643 2.702 2.331 
2.903 1.297 2.616 
1.992 1.108 1.794 
1.404 1.609 1.086 
3.061 2.044 1.133 
1.614 3.438 3.575 
1.168 1.863 2.352 
2.330 1.091 2.780 
2.447 3.039 2.215 
2.519 1.019 2.299 
2.016 3.137 1.943 
1.812 1.315 3.508 
1.625 3.209 1.065 
3.616 1.492 2.181 
2.383 2.332 1.471 
2.242 2.264 3.784 
2.232 2.573 3.091 
3.558 1.423 2.872 
1.166 3.879 1.410 
3.324 2.154 2.124 
3.338 2.690 1.868 
2.448 3.199 1.742 
1.275 1.148 1.025 
2.936 2.538 3.435 
3.711 3.862 1.699 
1.375 3.034 3.121 
2.394 2.608 2.678 
2.383 1.406 2.926 
1.556 3.288 1.071 
2.260 1.027 3.265 
1.469 1.346 3.877 
3.367 2.540 3.473 
2.316 3.122 2.489 
2.173 2.552 3.387 
2.215 2.887 2.935 
2.105 2.020 2.600 
2.071 1.775 1.272 
2.645 2.827 1.683 
2.678 3.016 2.240 
1.519 2.224 3.649 
2.752 1.050 1.182 
1.567 2.431 3.096 
3.987 1.285 2.377 
3.962 3.758 3.997 
3.796 2.108 3.174 
1.069 1.667 1.495 
3.959 2.529 2.658 
2.092 1.578 3.250 
3.504 2.159 2.117 
3.175 3.589 3.521 
3.838 2.810 2.967 
3.182 2.510 2.223 
3.257 3.632 3.862 
1.258 3.058 2.713 
1.064 3.217 2.422 
3.093 2.347 1.888 
2.480 2.191 1.453 
3.125 1.686 1.013 
1.827 1.666 2.902 
2.786 3.934 3.460 
3.101 3.178 3.019 
2.916 3.235 1.535 
3.551 1.211 2.957 
1.301 2.884 3.095 
1.804 1.647 1.342 
1.775 1.138 3.707 
3.891 1.643 1.828 
1.007 3.814 1.016 
1.956 2.745 2.904 
2.581 1.422 1.278 
1.321 1.722 2.392 
3.892 3.580 2.444 
1.388 3.833 2.727 
2.228 2.479 1.078 
1.160 2.315 1.850 
2.984 2.543 1.061 
3.635 3.063 1.141 
3.229 3.746 1.360 
1.578 2.702 3.883 
1.632 2.180 2.791 
1.250 1.178 3.682 
1.332 1.780 1.876 
2.488 3.943 2.074 
2.675 2.689 1.128 
3.586 2.741 3.136 
2.088 1.694 3.497 
3.924 3.901 2.337 
3.880 3.771 3.198 
3.845 2.479 3.723 
3.774 2.685 1.737 
1.234 1.061 1.112 
3.591 1.795 2.869 
3.735 2.259 2.273 
2.049 2.343 3.038 
2.611 2.656 2.421 
3.770 2.961 2.046 
3.644 2.764 2.113 
3.227 3.866 1.916 
2.433 2.810 2.126 
1.548 1.089 3.760 
1.371 3.574 3.330 
1.266 1.518 3.878 
1.232 3.001 3.701 
2.347 2.510 1.711 
3.442 2.729 1.940 
2.051 3.206 1.946 
3.766 2.352 1.659 
2.025 2.754 3.577 
1.888 3.590 1.237 
3.025 1.205 3.269 
3.435 1.528 2.268 
3.130 2.512 2.919 
2.803 2.548 1.954 
1.237 1.083 1.548 
2.820 3.779 1.436 
1.940 2.770 1.985 
2.100 3.279 1.545 
3.699 1.890 1.487 
3.823 2.478 2.088 
3.389 1.857 3.864 
1.028 1.044 2.341 
3.696 2.655 2.023 
2.661 2.831 1.020 
1.043 2.663 1.570 
1.263 2.114 2.156 
2.196 1.674 3.395 
1.344 2.441 3.737 
1.249 2.119 2.674 
2.793 1.192 1.008 
1.367 1.276 1.800 
2.348 3.003 2.999 
2.030 3.049 3.161 
3.791 3.379 3.714 
2.376 2.960 2.985 
1.823 1.681 1.310 
1.046 1.094 3.158 
2.307 2.942 1.769 
3.572 3.608 1.818 
2.002 1.227 1.091 
3.538 1.906 1.281 
3.530 3.352 2.166 
3.511 2.288 2.226 
3.447 2.271 3.248 
2.559 3.574 2.734 
3.736 2.019 2.833 
3.778 1.690 1.009 
1.965 2.795 3.011 
3.197 1.867 2.029 
3.835 2.319 2.024 
1.369 3.199 2.805 
2.987 3.206 1.547 
3.307 3.284 2.165 
2.807 1.468 1.580 
2.646 2.197 2.460 
1.862 3.195 3.128 
3.846 2.081 1.454 
3.455 2.903 3.979 
1.581 1.117 1.906 
2.474 3.451 3.577 
3.880 2.030 2.244 
1.773 3.799 1.314 
3.894 2.720 3.732 
3.424 1.172 1.788 
1.793 3.109 2.043 
1.071 3.556 2.334 
1.377 3.195 3.851 
3.749 1.658 2.695 
2.135 2.937 1.726 
3.497 2.530 2.600 
2.205 1.031 1.153 
2.306 2.588 2.409 
2.976 3.254 3.325 
2.615 1.045 3.276 
2.547 3.863 3.469 
1.052 2.071 3.043 
2.585 2.514 1.181 
3.986 3.768 2.098 
1.317 1.478 3.487 
3.025 1.299 3.125 
3.072 2.807 1.792 
1.633 2.740 1.248 
2.793 3.743 2.845 
3.671 2.010 1.131 
1.209 1.231 1.999 
1.077 1.964 2.287 
2.976 2.280 3.004 
2.412 3.094 1.036 
1.296 2.150 1.594 
3.249 1.085 1.273 
1.224 3.942 2.864 
3.194 3.799 1.989 
2.759 1.046 3.881 
2.319 3.759 1.536 
3.514 1.897 1.513 
2.349 1.675 3.432 
3.332 3.917 2.999 
1.266 1.137 3.535 
1.475 1.470 1.344 
2.899 2.588 2.796 
3.465 1.234 3.689 
3.856 3.557 1.804 
2.679 3.132 1.492 
2.522 3.776 3.788 
3.768 1.744 3.553 
1.487 3.508 2.955 
1.977 2.120 2.085 
3.542 1.631 3.299 
1.439 3.373 1.082 
3.430 3.204 1.035 
1.813 2.604 3.103 
3.247 2.906 3.818 
1.669 3.770 1.194 
1.204 1.598 3.634 
3.369 3.235 3.693 
2.940 2.752 1.194 
2.345 2.371 2.927 
2.957 1.739 1.368 
2.852 1.749 3.068 
2.930 3.669 2.736 
1.022 2.151 1.679 
1.563 2.238 3.552 
3.481 3.672 2.985 
2.989 2.257 3.328 
2.588 3.333 2.910 
3.028 3.244 2.863 
3.231 2.721 3.035 
3.360 1.026 1.588 
2.315 3.763 1.576 
2.764 2.944 1.325 
1.921 2.042 3.228 
2.421 2.925 2.474 
3.455 1.267 1.679 
2.975 3.596 2.324 
2.105 1.911 2.773 
2.733 2.935 2.164 
3.812 3.910 2.793 
2.495 1.244 3.623 
3.720 2.043 1.750 
3.473 3.131 3.848 
1.845 3.295 2.417 
3.193 2.840 2.344 
2.305 2.032 3.206 
2.486 1.159 2.522 
3.119 2.413 2.499 
2.730 3.980 3.389 
3.055 3.546 1.787 
1.659 3.199 2.401 
1.248 1.876 3.889 
3.146 3.614 3.025 
3.045 1.640 3.317 
3.339 3.038 1.005 
2.983 3.594 2.993 
1.564 3.001 3.759 
2.005 2.737 2.407 
1.597 1.607 2.736 
2.134 3.315 2.145 
3.381 3.567 3.480 
2.446 1.206 3.736 
2.058 2.628 1.442 
1.781 3.480 2.001 
1.554 1.382 1.570 
2.695 2.334 3.562 
1.602 1.054 1.786 
2.408 3.570 2.403 
2.447 2.342 3.530 
3.109 3.213 1.791 
1.253 2.576 2.141 
3.048 1.707 1.647 
1.805 1.186 1.465 
1.765 1.138 3.436 
1.745 3.014 2.147 
2.688 3.564 3.172 
1.453 1.613 2.786 
3.477 1.398 2.438 
2.463 1.988 2.424 
1.611 2.842 2.002 
1.680 3.844 2.171 
2.536 3.467 2.114 
3.766 1.597 3.230 
1.095 1.531 2.567 
1.382 2.082 1.658 
3.565 2.730 1.584 
3.844 1.590 3.327 
3.605 2.609 1.411 
1.109 2.530 2.930 
2.915 1.721 1.434 
2.646 1.520 1.919 
3.415 2.178 2.218 
2.320 2.050 3.897 
1.350 3.343 2.183 
2.634 3.714 1.237 
2.098 2.219 2.076 
3.007 3.643 3.555 
3.796 3.836 1.428 
2.495 2.857 1.228 
2.261 3.738 2.560 
3.727 2.452 1.450 
3.333 1.687 2.983 
3.885 1.735 3.036 
1.585 1.950 1.745 
2.555 3.719 2.188 
3.309 3.820 1.367 
3.248 1.119 1.424 
1.699 1.866 3.432 
3.614 3.434 2.636 
1.941 1.752 3.618 
2.982 3.173 2.109 
2.752 3.760 3.126 
3.303 3.132 1.473 
3.039 3.190 2.716 
2.612 1.969 3.736 
1.227 3.482 2.088 
2.783 2.643 1.871 
2.323 1.353 2.654 
1.203 1.984 3.954 
2.520 3.210 3.994 
3.718 2.745 3.972 
3.303 1.938 3.481 
1.101 1.384 2.129 
2.139 3.782 3.287 
3.430 2.618 2.588 
1.342 3.653 2.386 
1.225 2.201 3.325 
3.135 3.675 1.926 
2.671 1.583 3.554 
3.380 2.202 3.145 
2.521 2.574 2.117 
2.227 3.164 1.281 
1.255 1.422 2.870 
1.782 1.901 1.589 
2.359 2.465 2.546 
1.444 2.081 3.353 
3.710 1.576 1.792 
1.365 2.408 2.516 
3.906 3.257 3.669 
2.122 3.682 3.431 
2.146 2.016 1.701 
1.924 1.434 3.269 
3.859 1.156 1.895 
1.719 3.824 1.238 
1.700 1.482 3.436 
2.148 3.509 2.253 
3.672 3.640 2.173 
1.326 1.809 2.913 
1.725 3.750 3.817 
1.895 2.680 2.507 
1.707 3.719 2.716 
1.130 3.899 2.400 
3.198 2.616 2.383 
1.782 1.856 1.194 
2.562 2.267 2.977 
1.354 2.012 3.953 
3.449 2.689 2.432 
2.086 1.281 2.011 
1.482 2.017 1.956 
1.139 3.958 3.309 
1.158 3.824 1.238 
1.370 2.858 3.263 
3.947 3.954 2.871 
3.042 3.613 3.542 
3.944 2.555 1.354 
1.112 3.625 3.261 
1.944 1.388 1.984 
1.697 3.856 1.985 
3.752 3.988 2.638 
2.985 3.037 2.697 
2.424 1.490 3.557 
1.532 2.987 3.399 
1.902 2.267 1.148 
1.016 3.658 2.018 
3.945 1.207 3.520 
3.502 1.690 3.559 
1.971 3.022 2.841 
2.306 1.493 3.489 
1.763 1.799 1.073 
6.274 6.113 3.590 
7.208 7.940 5.592 
6.667 6.844 3.456 
7.615 5.780 4.837 
5.498 5.603 4.824 
6.008 5.077 4.437 
6.325 7.489 3.536 
6.423 7.322 4.873 
7.199 6.763 5.053 
7.921 7.305 5.991 
6.821 6.376 4.691 
7.007 5.712 3.558 
6.753 7.137 4.130 
6.765 6.064 4.559 
7.761 5.160 5.966 
5.841 6.497 4.899 
6.308 7.327 3.958 
7.795 7.021 5.498 
7.582 7.645 3.435 
7.196 5.823 3.000 
7.833 7.531 5.618 
7.926 5.198 3.334 
5.699 7.558 3.878 
5.075 5.347 4.515 
6.184 7.365 3.932 
6.596 7.549 5.165 
5.059 5.200 5.998 
7.004 6.251 5.774 
6.663 5.503 4.607 
5.003 6.519 3.701 
7.164 5.521 4.472 
6.326 6.165 3.915 
6.352 6.132 4.399 
5.373 6.063 3.617 
6.644 6.087 4.747 
5.390 7.196 5.574 
5.403 6.282 4.500 
7.020 5.199 5.684 
5.860 6.953 4.481 
7.175 6.673 5.799 
5.925 5.637 4.689 
5.631 6.125 4.365 
7.992 6.274 3.458 
5.404 7.514 4.126 
6.324 7.786 4.055 
7.564 7.735 4.913 
7.830 5.120 5.698 
5.609 7.585 5.086 
5.328 7.913 3.790 
5.048 5.462 4.561 
5.525 7.608 5.934 
5.713 5.558 4.962 
5.728 6.557 5.561 
7.707 7.514 4.400 
6.137 6.120 4.493 
7.869 7.452 4.543 
6.096 6.857 5.484 
5.291 6.864 4.226 
6.570 5.377 5.449 
5.022 6.755 5.603 
6.335 6.881 3.359 
7.299 7.200 5.823 
5.201 6.839 5.959 
7.468 7.194 4.473 
7.176 5.549 4.719 
5.316 5.541 4.129 
5.702 6.541 4.612 
5.746 5.718 5.162 
5.814 5.637 5.858 
7.313 5.109 3.970 
5.397 7.166 5.427 
7.295 7.033 5.047 
6.932 7.573 4.705 
6.236 5.134 4.070 
7.725 7.578 3.409 
7.770 7.457 5.239 
7.346 7.441 4.864 
7.388 6.648 3.760 
6.808 5.168 4.715 
7.157 7.880 5.999 
6.324 6.371 4.063 
6.482 6.730 5.034 
7.226 6.284 3.384 
7.204 6.767 4.237 
6.183 6.699 3.048 
7.159 6.373 5.707 
7.402 6.840 4.106 
6.649 7.951 4.984 
5.149 5.927 4.358 
5.735 5.960 5.610 
6.535 7.904 3.971 
7.458 6.440 3.433 
5.953 6.562 4.659 
7.070 6.824 5.508 
7.091 6.351 5.315 
6.755 7.071 5.505 
7.270 6.321 4.789 
7.022 5.915 5.511 
6.863 6.080 5.553 
7.546 5.570 5.930 
6.439 7.326 4.532 
6.368 6.981 4.504 
5.789 7.580 4.785 
7.575 5.144 3.581 
6.829 6.715 3.706 
7.979 7.107 3.374 
6.052 5.976 5.785 
6.959 7.243 5.385 
7.698 6.276 4.494 
7.251 6.223 3.328 
6.632 6.580 5.233 
5.080 7.242 5.015 
6.151 7.582 3.025 
5.094 6.927 3.525 
7.512 6.407 4.174 
5.687 6.001 4.657 
5.382 5.314 3.716 
6.894 5.422 3.889 
7.618 7.412 4.583 
6.899 5.889 5.201 
7.009 7.911 3.358 
7.416 7.005 4.885 
5.768 6.003 3.327 
7.727 7.155 3.414 
6.526 6.626 3.369 
5.828 6.421 5.665 
6.459 7.191 3.831 
6.581 7.288 3.131 
5.991 7.606 3.980 
6.876 5.523 3.244 
6.639 7.226 3.246 
6.348 5.432 5.085 
7.763 5.249 4.134 
6.665 5.987 4.856 
6.907 6.662 4.471 
5.076 5.724 5.125 
6.726 7.745 5.272 
5.053 5.514 5.548 
7.249 7.600 5.607 
7.797 5.851 3.326 
6.560 6.606 5.620 
5.986 6.466 3.349 
7.982 7.520 4.519 
6.088 7.209 3.763 
5.592 5.954 4.096 
6.743 7.998 3.055 
6.349 5.003 4.829 
7.212 6.393 5.477 
7.219 6.952 4.457 
7.068 7.464 5.398 
5.556 5.248 3.031 
7.117 5.470 3.193 
5.395 5.137 5.754 
6.435 6.121 5.677 
7.344 7.493 3.143 
5.511 7.425 3.486 
5.784 7.092 3.577 
6.518 6.172 5.081 
5.874 5.052 3.076 
7.489 7.234 4.291 
5.796 7.162 5.646 
6.356 6.302 4.122 
7.397 5.698 5.670 
6.612 7.349 5.144 
6.745 6.866 3.553 
5.378 6.001 4.759 
5.787 7.592 4.229 
5.860 6.912 5.308 
7.907 6.950 4.184 
5.762 7.166 5.360 
6.286 5.573 4.244 
7.947 5.226 5.576 
5.771 7.522 5.485 
5.398 6.982 5.829 
7.168 6.391 3.804 
6.240 7.300 4.201 
5.886 7.529 3.848 
6.054 6.580 4.704 
5.146 5.992 4.264 
6.037 6.199 4.007 
6.624 7.620 4.731 
7.566 5.409 3.839 
5.801 7.644 3.988 
5.845 5.235 4.675 
7.628 6.906 3.127 
5.264 7.122 3.494 
5.601 5.547 4.954 
7.560 7.110 5.876 
5.526 6.945 5.308 
7.034 7.835 5.169 
7.398 6.137 3.811 
5.567 6.332 5.677 
5.052 6.230 3.073 
5.377 6.649 4.738 
6.720 5.882 4.412 
7.655 5.760 3.347 
7.598 5.400 5.813 
5.234 5.410 3.136 
5.826 7.689 4.575 
6.423 5.606 3.967 
6.862 5.626 3.417 
7.763 7.011 4.730 
5.669 6.870 5.356 
6.799 5.739 5.559 
6.839 7.728 5.833 
5.078 6.491 3.711 
5.251 6.435 4.950 
6.109 6.701 4.624 
6.460 7.049 4.446 
7.982 5.565 3.328 
5.473 5.800 5.873 
5.176 5.677 5.468 
6.576 6.280 4.875 
5.285 7.668 3.062 
6.540 7.225 5.371 
7.016 7.562 4.582 
7.006 5.763 4.078 
5.509 6.180 4.862 
6.888 6.509 3.419 
6.959 6.090 4.896 
6.478 6.582 4.284 
7.982 5.881 4.690 
5.588 5.095 5.321 
7.297 7.025 4.826 
5.921 6.968 5.820 
6.891 5.876 3.185 
7.972 6.467 3.601 
5.525 7.947 3.570 
7.190 7.335 4.800 
6.557 5.433 3.544 
7.413 7.011 4.017 
5.673 5.547 4.475 
5.700 6.298 3.267 
5.055 5.705 5.066 
5.525 7.030 4.167 
6.519 7.208 5.970 
5.064 6.602 5.436 
7.307 6.142 5.400 
7.841 7.420 5.042 
6.006 7.455 5.748 
5.919 6.893 3.986 
7.313 7.807 5.200 
5.592 7.355 3.423 
5.743 6.552 3.881 
7.420 6.941 4.916 
7.911 5.285 4.563 
5.338 5.329 4.496 
6.225 5.772 4.423 
7.439 5.232 5.860 
5.383 7.236 4.154 
5.236 6.116 3.192 
6.419 5.619 3.224 
5.410 5.236 3.474 
7.063 5.689 5.823 
6.907 7.202 3.366 
6.219 7.811 4.711 
7.097 5.319 3.295 
7.282 5.581 5.672 
6.169 6.461 3.831 
6.769 6.348 3.668 
5.267 5.006 3.759 
6.047 5.946 5.610 
5.030 5.917 4.329 
6.607 7.699 4.478 
7.144 7.699 4.489 
6.718 7.158 5.524 
7.275 7.503 4.535 
7.534 7.310 5.475 
5.283 5.391 5.379 
6.827 5.399 5.585 
7.493 7.920 5.456 
7.653 5.032 5.965 
5.380 7.197 3.839 
6.463 6.421 5.375 
5.842 7.060 4.534 
6.789 7.554 5.935 
6.677 7.780 3.921 
6.565 6.674 5.673 
6.470 5.684 4.974 
6.030 6.516 5.082 
7.421 7.270 3.359 
7.664 6.456 3.246 
5.602 6.895 3.592 
5.424 5.240 3.203 
5.803 6.644 5.498 
6.468 6.337 4.079 
7.524 5.285 3.155 
6.832 7.117 4.607 
6.355 5.224 5.397 
7.001 5.597 3.528 
7.346 5.144 4.054 
5.072 6.514 4.912 
6.576 5.891 5.252 
7.645 5.745 3.280 
6.659 5.348 3.444 
5.946 5.026 3.824 
5.886 7.566 5.657 
6.405 6.823 4.874 
7.383 7.234 3.992 
7.074 6.900 5.134 
1.620 -1.368 -1.704 
-0.295 -1.406 -1.441 
1.462 -1.443 -2.483 
3.075 -2.977 -3.736 
-2.837 -2.939 -1.973 
2.609 -0.592 -3.463 
0.183 2.873 10.386 
0.015 4.705 9.076 
-0.476 5.662 9.678 
0.333 -0.173 -2.059 
-1.270 3.973 8.542 
-0.757 -2.218 -3.301 
-0.639 -1.102 -0.973 
1.839 -2.249 -4.139 
2.190 -1.151 -4.156 
-0.667 -2.554 -4.483 
-1.126 3.752 9.096 
-0.070 -1.973 -2.808 
1.981 -2.997 -4.644 
3.039 -0.105 -2.235 
-1.181 6.787 9.761 
-0.832 -2.378 -1.509 
2.513 -0.885 -2.432 
-1.651 2.848 7.694 
1.806 -1.563 -2.544 
1.516 -1.888 -0.984 
2.328 -0.986 -1.909 
-0.611 -1.415 -3.517 
-3.236 -0.984 -2.085 
-2.071 -2.700 -1.641 
-2.431 -0.647 -1.133 
-0.388 2.404 7.718 
0.036 -2.937 -3.129 
2.419 -2.260 -2.659 
1.221 4.953 9.222 
-0.471 -2.367 -3.455 
-1.448 5.069 9.676 
0.703 3.978 8.236 
-0.819 3.783 9.602 
-2.367 -2.182 -2.119 
-0.842 4.622 9.516 
-0.555 -2.059 -1.837 
-0.407 -2.868 -3.185 
1.849 -3.929 -3.703 
0.537 3.786 10.823 
3.867 -2.939 -4.592 
2.991 -1.678 -2.762 
1.088 3.653 7.865 
0.113 0.595 -1.811 
0.500 4.287 9.643 
0.581 -1.607 -1.168 
2.252 -2.254 -2.145 
-0.613 -2.398 -1.200 
-1.108 3.218 8.038 
2.776 -2.545 -4.460 
2.461 4.653 8.569 
4.161 -1.960 -2.758 
-0.091 4.191 9.574 
-0.740 -4.624 -0.244 
1.165 2.824 9.059 
-1.561 -1.454 -2.927 
-1.623 -1.544 -2.961 
-0.793 3.535 10.621 
-2.198 -4.255 -1.916 
-0.269 3.827 9.969 
0.540 3.923 8.658 
2.052 -3.445 -3.996 
-0.541 -0.390 -1.847 
0.606 -2.303 -0.449 
-1.307 4.373 9.769 
1.177 3.566 6.796 
1.914 -2.323 -4.524 
-0.127 3.577 9.682 
-2.431 -1.517 -1.897 
1.362 -2.404 -2.599 
2.707 -3.415 -2.265 
-0.219 -2.492 -3.371 
-0.454 4.275 8.968 
2.031 -0.847 -2.229 
-1.644 -2.095 -1.690 
-0.096 -2.054 -1.738 
0.112 5.451 8.527 
-0.157 -1.273 -4.309 
2.790 -1.867 -2.341 
2.321 -1.384 -4.469 
-1.788 -2.602 -0.734 
0.395 -0.900 -2.158 
0.936 4.047 7.610 
1.365 -2.209 -4.467 
0.336 3.579 9.863 
-3.101 -2.305 -2.339 
-1.244 -1.236 -1.117 
-1.013 4.571 9.623 
-2.646 -2.125 -0.429 
-1.327 -0.483 -2.033 
1.379 -2.659 -1.590 
-0.103 -1.576 -0.604 
1.865 -1.152 -3.831 
-0.889 2.340 9.202 
-0.104 -2.481 -2.528 
-0.916 0.073 -2.475 
0.619 -2.567 -4.190 
-0.047 -1.899 -3.214 
2.273 -1.245 -3.808 
4.112 -3.220 -2.817 
1.001 3.905 8.148 
-2.619 -1.250 -1.768 
0.568 -2.169 -2.902 
-0.722 -2.047 -1.803 
0.380 3.587 10.084 
-0.239 -1.775 -2.766 
-0.638 3.540 7.580 
3.130 -2.002 -2.744 
2.222 -2.302 -2.443 
-3.119 -2.981 -2.268 
0.070 3.293 9.070 
1.285 -3.301 -0.879 
-0.900 -1.206 -2.542 
0.900 -1.481 -4.909 
2.644 -3.920 -3.219 
0.136 -1.247 -3.800 
0.980 2.757 9.190 
4.870 -2.970 -3.551 
-2.587 -1.917 -3.039 
-0.949 -3.124 -4.420 
-0.672 3.934 8.018 
3.986 -2.163 -0.745 
5.613 -1.896 -1.592 
0.068 4.160 8.127 
0.560 3.206 7.825 
1.909 -1.676 -4.774 
4.188 -2.077 -3.567 
3.088 -1.036 -4.663 
-0.484 -2.427 -2.318 
0.749 -0.070 -3.165 
0.798 4.504 7.474 
-1.937 -2.888 -2.542 
-1.438 4.385 9.155 
0.097 4.242 10.010 
-0.848 -0.643 -0.668 
3.099 -2.214 -3.400 
-1.255 4.536 9.298 
0.617 -0.928 0.060 
-0.228 -2.267 -2.154 
1.060 -1.734 -1.337 
2.144 -0.961 -2.087 
2.377 -2.968 -4.333 
-0.172 -3.525 -0.544 
-0.522 5.280 8.647 
1.012 -3.293 -3.067 
0.179 4.031 9.882 
-1.777 -3.080 -0.776 
2.554 -2.360 -2.514 
-1.138 -1.953 -1.957 
-0.558 -3.594 -2.392 
1.074 -2.895 -3.086 
-1.093 -3.770 -1.993 
-0.629 5.133 8.466 
-0.620 3.782 8.594 
-2.055 -2.329 -2.567 
-2.338 -2.903 -2.713 
0.111 2.603 10.786 
1.056 -3.099 -2.085 
1.605 -3.070 -2.992 
-0.762 3.334 8.401 
-0.908 -1.526 -0.010 
1.050 -0.141 -0.951 
2.670 -1.933 -2.981 
-1.229 -2.193 -2.308 
2.753 -1.465 -2.700 
-1.979 -3.051 -0.712 
2.272 -2.347 -1.410 
-1.013 -1.262 -1.673 
2.204 0.052 -4.128 
2.442 -1.300 -5.933 
0.511 0.957 9.406 
2.837 -3.021 -3.469 
-0.591 4.936 9.046 
-0.039 -1.740 -1.637 
-0.277 3.610 9.292 
0.819 -1.567 -4.143 
-2.384 -2.181 -0.397 
0.124 3.166 9.366 
-0.116 3.455 8.315 
1.743 1.753 10.168 
0.836 4.790 9.951 
2.856 -3.355 -3.340 
-0.941 3.819 9.019 
-2.313 4.038 9.398 
0.425 3.531 8.888 
2.050 -3.487 -2.831 
3.231 -0.865 -2.412 
-0.106 -1.784 -0.977 
1.299 -2.531 -3.152 
0.746 -0.963 -1.473 
1.705 3.779 10.200 
-1.524 4.119 10.600 
2.394 -2.774 -3.499 
-0.008 3.532 9.774 
0.172 -1.211 -3.033 
-0.017 4.403 9.032 
-0.051 5.880 9.209 
1.859 -0.554 -2.210 
-0.627 0.597 -1.051 
-2.290 -1.796 -0.498 
0.566 4.566 9.562 
0.262 -0.138 -3.484 
0.443 -3.323 -2.135 
3.489 -0.780 -4.987 
-0.655 -2.073 -0.605 
-1.717 4.033 8.293 
0.743 4.482 8.231 
1.011 -2.307 -3.035 
-0.566 0.050 -1.024 
-1.541 3.044 10.019 
-2.043 -1.216 -1.767 
0.589 -3.779 -2.331 
-1.932 -2.962 0.022 
0.977 2.190 8.512 
0.361 4.083 11.231 
2.077 -1.498 -2.122 
-1.797 2.635 8.345 
-3.341 -1.084 -0.401 
-1.336 -1.426 0.599 
-0.838 -2.002 -2.287 
0.683 3.941 9.772 
-0.305 1.102 10.692 
-0.212 5.441 9.848 
-1.811 -3.547 -1.815 
2.483 -2.179 -2.529 
2.864 -1.535 -2.394 
-0.752 4.050 9.496 
-1.189 3.315 10.003 
1.527 3.674 9.537 
0.069 -0.167 -0.533 
2.030 -1.832 -3.132 
0.848 -1.588 -4.998 
-0.741 -1.820 -1.675 
2.577 -1.958 -1.529 
-0.574 -3.487 -1.620 
0.312 -1.756 -2.016 
2.184 -1.224 -2.285 
1.713 3.660 9.948 
-1.969 -2.151 -0.425 
1.176 4.163 9.031 
2.087 -3.022 -2.290 
1.104 -2.506 -1.096 
-0.046 3.337 9.227 
2.205 -2.580 -3.483 
1.896 -1.515 -2.669 
1.438 -1.884 -4.185 
-1.841 -3.386 -1.415 
-0.945 2.853 8.777 
3.783 -3.338 -4.582 
-0.233 -3.427 -1.615 
-1.405 -1.495 -1.414 
0.752 -2.695 -1.471 
1.914 -2.309 -3.918 
3.015 -1.696 -0.914 
1.181 -1.966 -3.818 
3.670 -3.692 -1.531 
-1.893 -3.117 -0.467 
-2.204 -3.086 -2.964 
-1.051 -3.245 -2.713 
0.749 2.892 9.034 
-0.318 2.728 8.651 
2.193 -1.420 -4.229 
0.197 -1.113 -3.134 
-0.130 -2.636 -2.093 
1.660 4.690 7.639 
0.912 -2.290 -3.641 
-0.615 -2.934 -3.597 
1.619 -3.020 -2.946 
-1.745 -2.292 -1.500 
-1.724 -0.695 -1.547 
0.126 -1.889 -1.530 
0.098 -1.722 -3.372 
1.514 -0.720 -2.836 
2.031 -2.047 -4.157 
0.401 3.770 7.835 
0.304 -2.313 -2.799 
1.867 -1.850 -3.426 
0.415 3.367 8.329 
1.165 4.200 9.166 
-0.403 -1.654 -2.715 
-1.536 -3.455 -1.827 
-1.179 3.736 8.337 
-1.346 -0.604 -2.226 
-1.622 -2.129 -1.063 
-2.056 -2.281 -2.030 
-0.452 2.923 9.744 
0.882 1.969 9.605 
-1.989 -2.437 -0.949 
2.112 4.417 9.131 
-1.223 -2.134 -1.900 
-0.086 4.206 9.142 
2.698 -3.569 -3.054 
1.498 -2.348 -1.349 
0.328 -1.672 -2.883 
-0.296 4.156 8.937 
0.321 0.153 -4.630 
-2.334 -3.055 -2.140 
1.777 -1.834 -1.691 
-0.393 -1.421 -1.387 
3.556 -2.418 -1.548 
-0.050 3.174 10.401 
-0.580 -2.751 -0.304 
-0.853 4.767 7.557 
0.337 4.888 8.661 
2.339 -1.516 -3.811 
-1.098 -1.504 -3.034 
-0.673 3.557 8.553 
-0.052 4.669 9.327 
1.950 -5.118 -3.826 
-1.362 -2.418 -2.804 
1.744 -3.361 -2.855 
-0.643 4.692 7.396 
-0.139 3.508 10.082 
1.324 2.928 7.874 
0.818 6.202 10.553 
-0.590 4.684 9.219 
-0.899 -2.474 -4.282 
0.239 -1.594 -1.553 
1.144 2.983 10.294 
0.515 -1.140 -3.453 
-2.286 -3.942 -1.584 
2.586 -0.806 -3.917 
-0.370 -1.445 -1.809 
-1.140 -0.826 0.172 
0.019 3.697 8.777 
1.497 4.465 9.683 
4.154 -1.139 -3.735 
-1.795 -1.427 -2.055 
-1.716 -1.850 -1.836 
-0.689 5.485 6.483 
2.110 -2.112 -1.847 
-1.062 -2.482 -2.575 
2.333 -1.866 -1.427 
1.090 -1.366 -1.166 
1.731 -1.321 -2.222 
-1.094 -2.611 -1.758 
-1.327 -2.378 -2.801 
1.657 5.127 7.427 
0.811 3.683 8.925 
-1.519 -2.012 -1.529 
-1.817 -1.321 0.235 
0.689 1.325 8.469 
1.334 2.522 9.149 
0.192 -1.096 -3.610 
-0.198 4.775 6.999 
-0.722 -2.161 -1.352 
-0.054 4.090 7.729 
2.218 -1.622 -3.429 
0.004 3.015 10.165 
1.208 2.582 9.997 
0.612 -0.408 -2.296 
-1.115 3.730 9.403 
0.149 5.507 10.988 
2.313 -2.342 -3.318 
-0.468 4.221 8.674 
1.443 -1.913 -3.650 
1.172 -0.330 -4.298 
2.791 -2.333 -1.575 
2.585 -0.843 -4.223 
3.818 -1.493 -3.434 
1.267 6.072 9.237 
-0.329 4.319 7.871 
1.759 4.356 9.537 
-0.099 -1.911 -0.334 
0.084 5.461 7.679 
-1.622 -3.124 -3.179 
0.458 3.443 9.082 
0.474 5.857 8.663 
-1.508 3.307 9.451 
1.932 4.800 9.053 
1.282 3.602 8.620 
-1.895 -2.617 -3.067 
1.363 -1.053 -2.184 
2.841 -3.523 -3.179 
-0.055 1.648 9.070 
-1.859 -0.995 -0.828 
0.831 0.281 -3.691 
-0.702 6.187 10.107 
3.122 -3.858 -3.611 
2.650 -2.169 -2.655 
1.859 -2.178 -2.286 
0.027 4.249 9.718 
2.249 -0.897 -4.143 
2.483 -3.038 -3.043 
-0.438 -1.770 -2.203 
-1.356 4.165 8.986 
-2.393 -2.398 -2.009 
-1.973 -3.334 -2.876 
-0.545 4.766 9.323 
-1.309 -2.937 -0.931 
2.562 -2.464 -3.252 
1.037 3.538 9.141 
3.362 -2.808 -1.510 
-0.811 -1.839 -1.977 
-0.606 6.486 8.441 
1.229 2.035 9.717 
0.212 -2.893 -1.792 
0.579 -2.954 -1.934 
-0.734 3.179 8.275 
2.535 -1.000 -2.369 
-0.857 4.491 8.131 
1.523 4.016 8.171 
2.489 -4.605 -2.896 
-1.528 1.745 10.379 
1.750 -2.083 -3.783 
-1.711 -2.825 -3.255 
2.904 -1.094 -4.446 
1.773 4.344 8.016 
0.954 -1.842 -2.020 
0.886 3.751 8.025 
-0.082 -3.514 -1.568 
2.978 -1.908 -2.835 
2.455 -2.081 -3.597 
-0.185 -1.749 -0.869 
0.720 -0.606 -2.714 
-1.749 -1.328 -3.538 
0.839 -0.016 -4.216 
-2.100 -2.117 -1.206 
-1.576 -1.365 -2.064 
2.858 -1.507 -2.329 
0.010 -1.834 0.531 
0.491 -3.009 -2.944 
2.594 2.243 9.279 
-1.614 4.688 9.853 
-0.642 5.833 7.599 
-2.094 5.460 10.434 
-1.410 4.857 10.245 
-1.196 -2.017 -2.144 
-0.185 4.428 9.660 
-1.957 -1.740 -1.411 
2.405 -2.897 -3.173 
-0.242 4.120 9.544 
0.673 4.325 8.407 
-1.625 3.283 9.246 
0.988 -1.632 -3.065 
-1.230 -1.273 -2.526 
-1.332 5.086 8.523 
0.016 3.315 9.026 
3.420 -1.074 -1.956 
-0.234 2.016 11.409 
2.211 4.904 9.895 
-1.366 -2.269 -4.141 
0.802 -0.815 -3.659 
2.550 -2.415 -1.359 
-0.700 4.478 9.192 
-0.735 4.164 8.597 
-1.040 -2.772 -1.143 
3.038 -0.751 -4.912 
0.903 -2.070 -4.569 
1.100 -2.699 -3.933 
2.013 -1.807 -3.479 
-1.711 -2.382 -2.890 
0.761 5.209 9.072 
3.808 -3.578 -3.215 
0.022 3.822 9.404 
-0.589 -2.998 -2.967 
-0.772 -1.162 -2.736 
2.405 -0.649 -1.182 
2.273 -0.361 -2.168 
-2.216 5.872 8.696 
1.345 -2.370 -3.158 
-1.381 2.090 9.598 
2.647 4.250 8.954 
0.493 3.813 9.369 
1.427 2.611 9.192 
-1.113 -2.018 -2.082 
0.078 -1.815 -2.344 
0.106 -0.860 -1.878 
-0.923 -4.376 -1.087 
-2.938 -2.189 -0.563 
0.483 -1.587 -2.288 
0.250 2.249 8.613 
1.639 -1.784 -3.794 
1.573 -0.821 -2.218 
2.015 -1.883 -3.671 
-1.174 4.152 8.938 
2.439 -2.116 -4.162 
-0.532 3.648 8.697 
2.828 -1.067 -2.636 
1.531 -2.039 -6.016 
-0.832 -0.921 -3.006 
2.256 -1.893 -2.482 
-0.308 0.093 -1.419 
-0.730 5.399 10.707 
3.409 -3.624 -3.076 
2.119 -1.786 -3.116 
-0.986 -3.507 -2.546 
2.938 -2.890 -3.041 
1.279 3.079 7.641 
2.430 -1.406 -2.474 
0.382 -0.867 -0.929 
-1.581 3.826 8.909 
-2.117 -1.475 0.703 
-0.069 -2.045 -4.175 
-0.373 3.421 9.114 
0.178 3.842 10.918 
1.908 -1.647 -2.083 
-0.924 6.187 9.924 
2.663 -1.559 -1.286 
-0.407 -0.151 -2.697 
1.717 5.868 9.263 
-0.468 3.755 9.201 
0.434 5.262 7.830 
1.009 -2.097 -0.425 
-2.137 -1.607 -2.950 
2.656 -1.545 -2.015 
0.179 -0.950 -2.113 
-0.875 2.705 8.673 
-2.741 -1.154 -2.287 
2.123 -0.634 -2.549 
-2.114 -0.551 -1.867 
1.292 3.616 9.752 
-0.286 -3.005 -1.730 
0.142 4.923 8.898 
-1.241 -1.094 -3.607 
0.627 -1.882 -1.294 
1.084 -2.884 -0.931 
-0.742 2.386 8.710 
-1.498 -1.798 0.137 
0.043 -1.133 -2.034 
0.512 2.459 9.247 
0.641 -0.918 -1.772 
1.244 5.439 7.978 
0.300 5.391 10.391 
-0.527 3.863 9.359 
-0.394 -2.293 -1.324 
1.295 -2.131 -1.870 
0.855 3.479 8.838 
-0.858 -1.432 -3.216 
-1.775 -2.226 -3.259 
-1.012 3.969 8.051 
-1.122 -2.469 -2.845 
1.735 -3.178 -2.474 
0.032 -2.406 -1.526 
-1.949 -2.350 -1.079 
-0.645 5.026 8.556 
0.557 -1.596 -2.326 
1.671 -2.587 -1.809 
-1.589 4.615 7.496 
1.644 -3.399 -4.416 
-0.150 3.733 11.187 
0.864 3.609 8.227 
-0.141 -2.149 -2.151 
1.470 -3.053 -2.742 
3.591 -0.539 -3.981 
4.260 -0.603 -1.267 
2.692 -2.502 -1.873 
-1.152 -1.980 -3.694 
2.348 0.027 -3.376 
2.409 -1.667 -2.442 
0.209 -0.687 -0.296 
2.767 -3.011 -4.479 
-1.242 -1.923 -1.662 
-0.759 -2.036 0.209 
2.896 3.379 7.044 
2.391 -3.846 -1.470 
-1.842 2.008 9.285 
-0.429 -1.701 -0.896 
-2.424 -2.775 -0.893 
-0.388 -0.510 -1.023 
-0.831 3.139 8.805 
0.991 -1.599 -4.183 
-1.418 -3.705 -0.277 
-0.788 4.555 9.362 
-0.341 -1.186 -1.844 
-0.282 3.154 9.052 
1.883 -3.714 -1.805 
-2.419 -2.412 -0.468 
2.094 -1.675 -2.590 
-1.300 -2.680 -2.329 
0.542 2.587 9.385 
1.472 3.504 10.201 
1.767 -2.049 -3.348 
-0.839 4.843 8.629 
0.270 3.933 10.847 
-0.593 4.282 8.594 
2.985 -1.527 -4.491 
-1.400 0.184 -2.900 
0.757 -2.147 -3.644 
-0.099 6.557 8.514 
-0.014 4.386 9.310 
-1.424 -3.695 -3.666 
-0.380 -1.772 -2.517 
-0.091 4.726 7.897 
0.745 3.495 8.753 
-1.691 2.841 8.584 
-1.226 -1.935 -2.757 
2.471 -0.507 -3.195 
1.105 4.401 8.514 
-0.037 3.475 9.617 
3.583 -1.965 -3.443 
-0.461 4.145 8.838 
-0.962 4.019 10.523 
0.114 -2.423 -2.647 
-1.164 -2.607 -1.369 
1.978 -2.425 -2.348 
-0.207 4.010 9.123 
-0.508 3.629 7.318 
0.399 2.447 9.042 
-1.451 4.853 10.936 
-0.882 -2.132 -3.733 
-1.418 -2.986 -3.019 
-0.217 -1.605 -0.205 
0.074 3.782 9.507 
2.453 0.587 -4.310 
0.575 4.609 8.550 
-0.149 5.573 9.550 
-1.651 -1.374 -0.783 
-0.629 4.346 9.246 
3.480 -2.619 -4.305 
2.291 -2.265 -3.562 
-0.167 4.023 8.320 
-0.083 3.875 7.436 
1.007 0.788 8.676 
2.100 -2.176 -3.845 
-0.233 -3.940 -2.989 
0.101 -1.868 -2.973 
-1.750 -2.080 -3.160 
-0.894 4.761 10.240 
-2.036 -3.609 -3.385 
-0.855 -1.392 -4.004 
-0.571 1.889 9.528 
-0.251 -0.769 -2.331 
-1.655 -2.365 -2.083 
0.842 -3.447 -2.650 
-2.227 -4.659 -0.912 
2.235 -2.745 -2.772 
-0.444 3.406 10.962 
0.140 2.435 8.886 
0.268 -2.135 -2.731 
-1.286 4.036 6.922 
-0.006 5.447 7.883 
0.068 3.428 10.005 
-1.825 -4.049 -2.472 
-1.795 4.562 10.438 
2.040 -1.195 -3.051 
-0.609 -2.003 -2.381 
2.388 -2.307 -2.579 
1.225 -2.523 -2.638 
-1.519 -2.306 -0.327 
0.256 -1.295 -2.516 
2.137 -0.355 -1.502 
1.387 -0.868 -3.147 
-0.495 3.988 9.227 
1.703 -3.138 -4.159 
1.956 -1.470 -4.869 
2.889 -0.099 -1.055 
1.861 -2.288 -1.556 
3.598 -3.018 -3.331 
1.948 -4.055 -2.547 
3.821 -2.074 -4.271 
2.520 -1.025 -2.804 
2.937 -1.207 -3.363 
1.805 -1.689 -3.230 
0.610 -4.098 -3.026 
-0.190 -3.077 -1.047 
1.061 -1.342 -1.274 
1.704 -0.308 -2.975 
-0.553 2.055 9.026 
-1.202 -2.815 -2.099 
0.738 -2.630 -3.851 
1.262 -2.083 -4.069 
2.249 -2.778 -2.237 
-2.364 -2.931 -1.462 
1.223 -2.767 -3.166 
0.201 2.674 7.935 
-0.352 -2.790 0.280 
-0.711 3.740 6.105 
-2.502 4.479 9.598 
0.633 -1.484 -2.601 
0.097 4.164 9.030 
-1.367 5.234 8.610 
-1.734 -4.335 -3.924 
0.879 -0.553 -3.774 
-1.519 -2.988 -1.106 
1.064 3.714 9.001 
0.526 -1.665 -1.147 
1.791 -1.596 -2.872 
0.969 3.242 7.248 
0.852 4.535 8.690 
-0.725 -1.693 -2.049 
1.090 -1.997 -4.202 
-1.218 -2.824 -2.020 
1.916 4.259 7.596 
-0.521 0.055 -1.181 
-0.350 4.991 8.813 
-1.671 -2.820 -1.272 
2.978 -2.068 -3.429 
-2.139 -2.624 -2.400 
0.634 -3.002 -2.347 
1.314 -2.277 -2.897 
2.598 -4.831 -4.719 
-1.486 -2.028 0.182 
-1.212 3.169 8.591 
0.028 -2.516 -2.706 
1.964 -2.773 -3.244 
0.151 4.359 9.630 
-2.914 -0.937 -1.197 
1.986 -2.119 -2.781 
-0.874 3.745 8.609 
3.232 -2.713 -0.999 
-1.128 -3.376 -4.389 
-0.282 -2.393 -2.641 
0.539 3.365 9.981 
3.395 -2.856 -2.312 
-2.279 0.278 -2.605 
1.571 4.554 9.099 
-1.744 2.286 11.035 
-1.788 -2.630 -1.891 
2.649 -1.250 -3.210 
2.416 -2.159 -2.391 
2.376 3.893 8.457 
1.241 5.641 8.638 
1.412 -1.717 -3.958 
4.667 -1.573 -3.232 
2.787 -1.017 -4.031 
1.251 -4.000 -1.933 
-1.063 -3.469 -2.707 
3.202 -1.399 -3.471 
-1.788 -1.377 -2.020 
2.295 -2.927 -2.255 
2.653 -2.401 -3.500 
1.502 4.734 9.979 
-0.341 4.527 8.863 
0.850 -1.083 -2.071 
3.264 -0.151 -2.494 
2.409 -2.367 -3.721 
-1.377 4.801 8.763 
-0.943 -2.221 -3.700 
-0.469 -1.377 -3.302 
-1.032 -1.692 -1.329 
2.989 -0.845 -3.026 
3.132 -1.955 -2.482 
2.164 -2.692 -3.600 
-1.580 -2.769 -1.699 
1.467 -2.601 -1.512 
-0.832 -2.597 -0.861 
0.648 4.535 10.374 
1.649 5.630 9.032 
1.253 -1.849 -3.871 
-0.276 -0.070 -0.760 
-0.180 4.468 11.501 
1.892 -1.866 -4.296 
1.929 -3.605 -2.104 
-2.057 5.827 8.708 
4.588 -2.841 -2.811 
-2.697 0.478 -2.010 
-1.948 -0.405 -2.732 
1.691 -1.145 -2.064 
-2.289 4.783 8.920 
-1.741 -2.685 -0.712 
1.843 -2.784 -3.286 
2.391 -1.871 -4.578 
-0.594 4.324 8.945 
1.315 -2.714 -3.001 
2.559 -2.226 -2.491 
-0.467 -2.034 -2.519 
-0.196 3.876 7.463 
2.450 -1.314 -1.767 
3.017 -3.016 -4.128 
1.736 3.806 9.158 
-1.726 -1.348 -1.494 
-1.071 5.332 8.481 
3.515 -1.004 -3.337 
-0.075 -1.974 -1.953 
0.382 4.165 8.645 
-0.938 0.229 -2.407 
-1.725 -1.615 -1.906 
0.015 -1.239 -3.186 
3.647 -3.454 -4.501 
1.518 -3.783 -2.684 
1.795 -0.722 -1.824 
2.950 -0.540 -4.160 
0.615 3.621 8.917 
0.558 -3.253 -1.638 
-1.090 3.751 10.148 
2.539 -1.354 -2.162 
1.296 3.054 8.600 
-2.550 -3.101 -3.277 
1.506 4.284 8.580 
-0.608 3.653 10.089 
-0.978 4.420 8.723 
-0.515 -1.664 -3.440 
-1.424 -1.019 -3.543 
-1.874 -1.988 -1.230 
0.493 5.401 8.798 
1.303 -2.196 -3.341 
1.526 -1.912 -2.360 
2.270 -2.027 -2.748 
-0.276 -1.932 -2.470 
-0.405 4.900 8.645 
2.552 5.716 9.226 
-2.026 -1.891 -1.598 
-1.961 -0.255 -2.415 
-2.641 -0.837 -0.971 
1.023 -1.822 -3.221 
2.047 -1.009 -1.756 
0.205 3.878 8.514 
-0.415 -1.576 -0.492 
-0.524 -2.559 -1.173 
0.083 3.788 8.802 
0.870 -0.882 -0.775 
0.514 4.215 7.168 
0.119 1.683 11.346 
1.719 -1.414 -2.572 
-1.692 -2.006 -2.849 
-0.158 -1.762 -0.226 
1.702 -1.149 -1.455 
0.060 -2.966 -1.219 
-1.599 -2.775 -1.605 
-0.785 -2.221 -0.954 
0.753 -1.546 -1.792 
-0.670 -4.113 -2.144 
1.193 -1.948 -3.470 
3.435 -2.175 -2.105 
1.558 -1.979 -1.278 
0.436 -1.784 -1.269 
0.750 -2.880 -2.314 
-0.845 -1.894 -1.898 
-1.610 2.277 9.061 
0.672 4.739 9.552 
0.556 -1.886 -1.578 
-0.553 3.824 8.970 
0.366 -1.393 -0.982 
3.666 -2.262 -3.896 
2.431 -1.317 -1.563 
0.005 -2.304 -0.981 
-0.705 5.089 7.852 
2.571 -2.539 -2.958 
0.708 1.679 7.772 
-1.464 0.439 -3.337 
1.266 3.237 9.724 
-2.019 -0.789 -1.173 
0.642 2.457 8.571 
0.416 5.069 7.978 
-0.102 3.924 7.860 
-1.303 -1.496 -2.891 
-1.144 -1.411 -1.589 
-0.749 -4.488 -0.796 
1.591 4.416 10.039 
1.972 -1.574 -3.930 
2.025 -2.312 -3.865 
-1.799 -1.299 0.234 
0.600 3.134 9.508 
-0.321 5.288 8.088 
1.167 2.365 9.303 
1.161 -3.633 -1.878 
0.375 3.318 10.758 
-2.729 -3.123 -1.189 
1.837 4.129 9.184 
-1.033 -2.236 -2.496 
-0.407 5.445 9.628 
1.053 -1.370 -0.844 
-1.062 3.677 9.111 
3.733 -1.369 -1.743 
4.602 -2.568 -2.583 
-1.617 3.910 11.688 
3.178 -0.823 -3.366 
-3.782 -2.396 -2.440 
-0.869 -0.986 -2.720 
0.016 -0.197 -2.882 
-1.034 -2.144 -2.181 
2.249 5.629 7.499 
-2.352 -1.485 -1.583 
-2.714 2.614 8.237 
1.066 -1.609 -3.012 
-4.116 -1.165 -1.167 
3.240 -3.307 -0.695 
2.683 -2.420 -1.104 
-1.767 4.606 9.761 
1.248 -1.564 -2.947 
-0.738 3.201 8.563 
1.287 3.375 10.259 
3.284 -4.161 -4.369 
-2.008 -2.266 -3.117 
-0.739 4.487 9.344 
-1.488 -1.084 -3.333 
2.305 -2.176 -3.628 
2.155 -3.323 -3.545 
2.964 -2.280 -3.137 
-0.802 -1.889 -0.800 
1.832 -1.700 -2.375 
2.034 -1.947 -2.904 
0.074 5.494 7.489 
-1.212 -0.328 -1.849 
-2.303 -3.827 -0.759 
1.484 3.556 8.955 
-1.044 -2.466 -3.033 
-0.644 -2.959 -3.564 
1.287 -1.352 -3.009 
3.310 -1.938 -2.439 
2.986 -1.464 -3.715 
1.680 -2.039 -1.105 
1.463 3.346 7.902 
1.215 -3.168 -1.919 
2.547 -2.317 -3.077 
3.207 -2.479 -3.459 
1.369 4.718 10.678 
0.671 4.938 8.485 
-1.083 0.565 -1.154 
3.003 -2.422 -2.094 
-0.627 -0.786 -3.029 
-2.324 -0.131 -0.758 
-0.051 3.616 9.394 
1.091 2.325 8.366 
0.729 -1.984 -3.993 
1.356 -2.578 -3.321 
2.599 -3.295 -3.135 
-2.128 -1.397 -2.415 
1.731 4.973 9.878 
-0.080 2.597 11.070 
0.342 -1.467 -2.618 
0.483 4.223 7.879 
0.833 -1.681 -4.237 
0.482 2.529 9.346 
-0.813 -2.776 -1.996 
-0.515 -1.088 -0.533 
-0.257 -1.358 -0.816 
-1.237 -1.727 -2.896 
0.735 3.234 9.918 
2.710 -2.188 -3.888 
-1.128 -1.579 -2.231 
1.958 0.178 -2.792 
1.608 2.841 7.704 
1.253 4.406 11.044 
-1.327 -0.553 -2.631 
-0.960 4.240 11.018 
-0.262 -2.314 -2.173 
0.012 -3.591 -2.159 
3.208 -0.520 -2.668 
-1.908 -2.726 -1.183 
-3.034 5.037 9.119 
-3.078 -0.849 -0.914 
-0.265 3.965 10.157 
1.552 -1.086 -3.588 
-0.335 -5.067 -1.746 
3.116 -1.742 -1.984 
-1.638 -0.675 -1.881 
-0.496 -1.822 -1.872 
-0.805 3.888 8.386 
0.100 -2.994 -0.960 
2.740 -2.681 -3.840 
-1.267 -0.920 -1.483 
-0.776 4.110 9.446 
-0.291 -2.610 -2.919 
-1.395 -4.627 -3.123 
-0.580 -2.046 -0.772 
0.249 -1.034 -1.684 
-2.004 3.758 9.872 
3.402 -1.901 -3.377 
-0.775 -0.995 -4.244 
1.487 4.354 11.049 
-0.702 2.829 7.781 
2.247 -1.166 -3.133 
-1.987 3.826 8.372 
0.577 3.861 10.161 
0.183 3.988 9.265 
-0.530 -2.159 -2.174 
-0.814 3.913 9.586 
0.260 -0.996 -2.416 
2.749 -3.777 -4.303 
-2.006 4.409 6.727 
-1.890 -1.694 0.359 
0.879 -0.982 -1.513 
0.408 4.362 8.400 
3.143 -1.881 -3.515 
1.775 -1.284 -2.456 
-0.469 -1.217 -3.541 
-1.748 -0.443 -1.845 
1.450 -1.125 0.251 
2.482 -3.114 -1.866 
0.415 3.289 7.204 
-0.193 -1.759 -2.543 
-1.476 -0.197 -2.146 
1.939 -2.913 -3.562 
-1.686 -3.612 -1.385 
-0.662 4.954 7.303 
-1.155 -0.961 -3.668 
-1.538 -2.862 -1.659 
0.509 -3.113 -5.847 
2.109 -3.326 -2.773 
1.345 -1.299 -3.660 
0.137 4.480 9.887 
0.784 -0.393 -3.091 
0.217 -1.018 -2.893 
0.161 3.574 9.155 
0.387 -1.409 -3.696 
-2.430 -3.066 -2.729 
-1.208 -1.024 -0.987 
0.089 -2.336 -2.529 
0.186 2.346 9.317 
-1.165 -2.183 -1.451 
1.602 -2.296 -4.395 
0.042 2.902 9.865 
0.694 2.316 9.616 
