7 3
84
1.89085 -2.19016 -4.15521 core
1.70952 -1.91027 -4.20191 border
1.56975 -3.0875 -3.57789 core
1.41119 -2.78828 -3.51415 core
1.48384 -2.53647 -3.82675 border
1.66668 -3.04237 -3.93127 core
1.59036 -2.81762 -4.08849 border
1.67934 -3.27135 -4.15943 core
1.40627 -2.79409 -4.26481 border
1.98273 -2.67772 -4.16982 border
1.89688 -3.10878 -3.75645 core
1.69404 -3.18582 -4.11447 core
1.39014 -3.28603 -3.84288 core
1.4795 -2.93885 -3.45616 core
1.68088 -2.84204 -3.03925 border
1.62755 -3.11606 -3.23414 core
1.57847 -3.41747 -3.29225 border
1.92258 -3.16665 -4.09725 core
2.21677 -3.18171 -4.11249 border
1.8144 -3.40395 -4.35273 border
2.32515 -3.05787 -3.83685 border
1.58452 -3.42831 -4.32897 border
1.97481 -3.17409 -4.41467 border
1.38264 -3.18786 -3.4451 core
1.09831 -3.23766 -3.49663 core
1.11002 -3.07365 -3.70981 core
1.24666 -3.20888 -3.68833 core
1.01 -3.05972 -3.58429 core
1.20137 -2.97316 -3.57387 core
1.23995 -2.77148 -3.51643 core
1.38182 -3.05183 -3.67493 core
1.18116 -2.87872 -3.78524 core
1.10108 -2.72101 -3.35632 core
0.831488 -2.37364 -3.44769 border
0.905958 -2.94618 -3.07692 border
1.6233 -3.06666 -3.51554 core
1.59988 -3.19013 -3.28411 core
1.79314 -3.41358 -3.10185 border
1.86393 -3.52833 -3.22053 border
1.73081 -3.09813 -4.21725 core
1.44842 -3.42293 -4.46629 border
1.64453 -3.42864 -3.67078 core
1.31987 -2.47918 -3.01048 core
1.17663 -2.05237 -3.17216 border
1.77503 -2.41858 -3.19628 border
2.09913 -2.18709 -4.44726 border
1.99411 -2.20421 -4.7236 border
1.6378 -1.96354 -4.3206 border
1.79853 -1.86266 -3.8183 border
1.49347 -2.21107 -3.90387 core
1.0915 -1.97554 -3.86754 border
1.30622 -2.30489 -4.16212 border
1.21802 -2.01194 -4.06608 border
2.22743 -2.16346 -4.34848 core
2.39266 -1.80639 -4.47081 border
2.41004 -2.11707 -3.80872 core
2.62116 -1.79931 -3.496 border
1.37394 -2.81919 -3.24252 core
1.20328 -2.45564 -3.0373 border
1.40849 -2.88322 -3.26104 core
1.39503 -3.0981 -2.87481 border
1.4078 -2.82881 -2.98308 core
2.57465 -2.43327 -4.118 core
1.98457 -2.23921 -3.84308 border
2.21497 -1.95029 -4.2764 border
2.54048 -2.14771 -3.96026 core
2.50487 -2.67189 -3.84415 border
2.4458 -2.74997 -3.96791 border
2.86055 -2.4665 -4.20481 border
2.83454 -2.26461 -4.21598 border
2.33806 -2.12914 -4.34417 border
2.86728 -2.53153 -4.37509 border
2.11107 -1.78658 -3.98584 border
2.20639 -2.10672 -4.02546 core
2.27444 -2.72586 -4.2003 border
2.40022 -2.50317 -3.69806 border
1.94683 -2.25987 -3.92863 border
1.30435 -2.45287 -3.51065 core
1.1048 -2.18995 -3.14135 border
1.46488 -2.07437 -3.32155 border
1.18998 -2.16956 -3.89503 border
1.11826 -2.22021 -3.37721 border
2.2813 -2.51532 -3.81296 core
2.25407 -2.838 -3.44589 border
20
2.08918 -2.68056 -4.79431 core
2.0403 -2.2294 -4.90019 border
1.6362 -2.47886 -4.75173 core
1.59026 -2.48425 -4.60467 border
1.75477 -2.49724 -4.92127 core
1.78671 -2.7423 -4.82023 core
1.3803 -2.36282 -4.61704 border
1.50291 -2.68765 -4.73563 core
1.56169 -2.65802 -5.17599 border
1.68147 -2.43125 -4.65895 core
2.26303 -2.72806 -4.782 border
2.06815 -2.25817 -5.04319 border
2.36246 -2.82068 -5.03401 border
2.15881 -2.83 -4.9953 border
2.32818 -2.51042 -5.14954 core
2.11505 -2.4103 -5.44284 border
2.40182 -2.43068 -5.28657 border
2.10829 -2.81615 -5.11255 border
1.79116 -2.64701 -5.09381 core
1.52807 -2.89995 -5.24375 border
15
-7.57508 8.21861 0.253151 core
-7.46542 8.5854 0.742374 border
-7.30785 8.07269 0.634436 core
-7.27914 8.1263 1.09251 border
-6.92199 8.08264 0.410909 border
-7.9244 8.23736 0.112066 border
-7.18725 7.95273 0.119103 border
-7.39584 8.47433 0.092331 border
-7.46125 8.26847 0.423278 core
-7.05661 8.29244 0.491801 border
-7.06938 8.09085 0.575857 border
-7.95648 8.51171 0.20084 border
-7.26737 8.07816 0.467403 core
-7.49873 7.99576 0.49321 border
-7.5537 7.94507 0.315707 border
117
6.42769 2.69026 -8.02503 core
5.86874 2.91048 -7.78654 core
5.99976 2.86769 -7.30633 border
5.64742 3.17444 -7.61489 border
5.46616 2.52539 -8.5225 core
5.2231 2.10498 -8.49912 core
5.40593 2.71947 -8.76739 border
5.79732 2.20386 -8.48599 core
5.83339 1.77104 -8.57263 border
5.83023 2.89185 -8.83179 core
6.01657 2.9466 -9.28005 border
5.95861 3.10251 -9.18307 border
5.26071 2.2611 -8.59654 border
5.4719 2.55111 -8.63253 core
5.4157 2.34846 -8.05881 core
5.42235 2.69735 -7.88714 border
4.95835 2.9217 -8.65397 border
5.42244 2.81271 -8.74934 core
5.80942 2.98035 -8.91005 border
5.64633 3.00078 -9.1252 border
5.51748 2.54391 -8.6538 core
5.42502 2.61745 -8.17149 core
5.71145 2.88344 -8.73241 core
5.06335 2.92385 -8.84406 border
5.67661 2.48904 -8.61077 core
5.69644 2.20366 -8.11287 core
5.04077 2.10765 -8.45596 border
6.156 2.028 -8.04523 border
5.07895 2.19764 -8.14029 core
4.83911 2.31074 -8.30497 border
4.7632 2.30382 -8.34553 border
5.75136 2.23546 -7.67422 border
6.11727 2.32032 -7.95838 core
5.682 1.86081 -8.33504 core
5.84642 2.26615 -8.03946 border
5.56847 1.77221 -8.19884 border
5.07335 2.43469 -7.71987 border
5.09119 2.64852 -8.11424 border
4.91168 2.32621 -7.93328 border
5.28261 2.18084 -8.06203 core
5.52072 2.04452 -8.13764 core
5.88948 1.71805 -8.19161 border
5.65151 1.93977 -8.34696 core
5.83441 1.69596 -8.68919 border
5.22132 1.93473 -8.49286 core
6.07971 2.9887 -7.84466 core
5.69769 3.16508 -7.60643 border
6.45893 2.61921 -7.8416 core
6.58747 2.28179 -7.70938 border
6.85945 2.96062 -8.41559 core
6.9409 2.73378 -8.19427 border
7.00608 3.41175 -8.43017 border
6.33054 3.53265 -7.72893 core
6.27062 4.02742 -7.97591 border
6.51288 3.73088 -7.8283 core
6.65398 4.06407 -7.30453 border
6.54964 3.87448 -8.09161 border
6.37962 3.77517 -7.37112 border
6.58435 3.91311 -7.82156 border
6.61882 3.52588 -7.50885 border
6.15678 3.4072 -7.73469 core
6.48882 3.94315 -7.65604 core
6.4344 3.36062 -7.66934 core
6.13309 3.63937 -8.05232 border
6.65678 4.11637 -7.4967 border
6.36737 2.46343 -7.17178 core
6.56827 2.32526 -7.12015 core
7.02742 2.33143 -7.29452 border
6.57629 2.34012 -6.97066 border
6.18308 2.17651 -7.31514 border
5.91502 2.48094 -7.25699 border
6.37968 2.16839 -7.01286 border
6.53587 3.08099 -8.26382 core
6.91349 3.05957 -8.08021 border
6.83324 3.28999 -8.21296 border
6.324 2.83926 -7.95587 core
6.49534 2.81734 -8.41893 core
6.26243 2.63204 -8.19225 core
6.43613 2.80254 -8.59846 core
6.49552 3.02125 -8.45626 border
6.06439 2.75032 -8.43971 core
6.09487 2.74437 -8.01782 core
5.9868 3.09818 -8.50686 border
6.42604 2.55828 -8.63186 core
6.56959 3.05623 -8.75772 border
6.47713 2.84757 -8.39813 core
5.94085 2.7782 -7.97362 core
5.78764 3.18107 -8.21309 border
5.70065 2.87501 -8.16512 core
5.37725 3.14666 -8.11309 border
6.66871 2.69176 -8.6431 core
6.73946 2.64546 -8.99486 border
6.55183 2.28145 -8.65109 border
6.81354 2.5365 -8.91045 border
6.80137 2.23524 -8.53071 border
6.42169 2.39751 -8.42734 core
6.42422 2.03614 -8.58749 border
6.10283 2.27518 -8.74229 border
6.69064 2.25413 -8.04265 border
6.47633 3.10879 -7.78 core
6.31718 3.14283 -7.85489 core
6.13401 3.2323 -7.8102 core
6.20296 3.25776 -7.684 core
6.4764 3.0297 -7.66604 core
6.43548 2.34605 -7.20133 border
6.24703 2.74488 -7.24706 border
6.83634 3.02102 -7.425 border
6.17948 2.59452 -7.22128 core
6.05283 2.96569 -7.20721 border
6.79415 2.64864 -7.02867 border
6.59642 2.77801 -7.37192 core
6.99507 2.89679 -7.54435 border
6.82891 3.13583 -7.20032 border
6.55618 2.64026 -7.70968 border
6.66336 2.81379 -7.15295 core
6.57842 3.12318 -6.78887 border
7.0525 2.92832 -7.15297 border
30
-6.95632 9.68003 1.35341 core
-6.78238 9.58023 1.5743 core
-6.92821 9.94041 1.86159 border
-6.68823 9.56019 1.95983 border
-6.56295 9.81843 1.72147 border
-6.46717 9.93245 1.49322 border
-6.90357 9.3538 1.22852 border
-7.058 9.41844 1.32912 border
-6.81529 9.29037 1.20835 border
-7.30999 10.0078 1.41691 core
-7.74733 10.101 1.49226 core
-8.07786 9.94021 1.50759 border
-7.68031 10.3558 1.25852 core
-7.87673 10.7645 1.22859 border
-7.85384 10.4349 1.34263 core
-7.82522 10.8822 1.40207 border
-7.38417 10.0619 1.71016 core
-7.21096 10.0811 2.04227 border
-7.35815 10.0475 2.16203 border
-7.54242 10.4006 1.92546 border
-7.40353 9.755 1.75433 border
-7.49643 10.0899 1.66402 core
-7.57764 10.3609 1.33943 core
-7.40417 10.5534 1.25105 border
-7.5862 10.3042 0.886781 border
-7.74816 10.09 1.43822 core
-7.74906 10.3311 0.939722 border
-7.82661 10.1166 1.45563 border
-6.72518 9.63544 1.51182 core
-6.5562 9.55808 1.0829 border
78
-7.38413 9.35888 0.343285 core
-7.07585 9.3635 0.68809 core
-7.21702 9.53834 0.836093 border
-6.73145 9.31177 0.380751 border
-7.47566 9.33746 -0.133707 border
-7.21926 9.38545 0.769812 core
-7.1751 9.39673 0.0413961 border
-7.91406 9.94082 0.420849 core
-8.38006 10.0666 -0.0135946 core
-8.76754 10.0155 -0.0486301 border
-8.58536 9.81761 -0.347799 border
-8.1796 9.97794 0.640293 core
-8.56474 9.93433 0.918383 border
-8.37891 10.1113 0.729742 border
-8.36205 10.1579 0.892135 border
-7.97821 9.54088 0.708588 core
-8.18399 9.33268 0.635181 border
-7.91177 9.08463 0.797042 border
-7.88419 9.08705 0.818088 border
-8.25229 9.20911 0.550189 border
-8.20748 10.3656 0.381796 core
-8.15551 10.4816 0.598201 border
-8.11506 10.4682 0.849251 border
-7.97962 10.4688 0.372555 border
-8.34295 10.7064 0.527299 border
-8.4267 10.208 0.0103167 border
-7.34794 10.3402 0.356402 core
-7.45682 10.4016 0.0286206 border
-7.55679 10.6125 0.689678 border
-8.06711 9.89729 0.304005 core
-8.15884 9.68695 -0.118296 border
-7.91287 10.111 0.136286 core
-8.53998 9.82173 0.422387 border
-8.16318 10.2156 0.244072 core
-7.98681 9.79375 -0.145724 border
-8.31779 9.69189 0.213857 border
-7.63622 9.88058 0.721931 core
-7.79812 9.84221 0.643613 core
-7.41642 9.59186 0.569408 core
-7.13209 10.0014 0.920904 core
-7.25973 8.96871 0.72515 core
-6.98984 9.03658 0.726902 core
-6.98293 8.70779 0.860877 border
-7.46738 8.79128 0.842717 border
-7.13062 9.01784 0.760012 core
-7.54548 9.10313 0.797995 core
-6.93185 9.02823 0.775228 border
-6.93637 8.65707 0.654213 border
-7.58496 8.89775 0.884729 core
-7.44445 8.76752 1.00785 core
-7.77968 8.89583 1.28171 border
-7.26701 8.77822 1.47437 border
-7.2468 9.57433 0.729805 core
-7.74129 9.53112 0.559812 core
-7.29613 9.39843 0.816932 core
-7.75568 9.69493 0.762323 border
-7.43754 8.93143 0.585105 core
-7.58358 8.56194 0.315606 border
-7.40521 8.99692 0.341771 border
-7.62833 9.16267 0.229868 border
-7.28948 9.03062 0.272476 border
-7.3904 9.97234 0.562661 core
-6.79502 10.0431 0.468069 border
-7.11312 9.9994 0.918391 core
-7.326 9.92677 1.14542 border
-7.08056 10.1234 1.25702 border
-6.75829 9.86032 0.789965 border
-7.13926 9.83783 1.27559 border
-6.76469 10.2108 0.337485 border
-7.13738 10.0099 0.262923 border
-7.82309 10.336 0.368416 core
-7.2666 10.0892 0.54202 core
-6.96475 10.1724 0.594288 core
-7.83555 9.9694 0.615053 core
-7.45879 10.2763 0.387266 border
-6.77914 10.5347 0.530679 border
-7.71057 10.2943 0.226518 core
-7.6331 10.6565 0.0193889 border
6
5.3896 3.15339 -7.85591 core
5.49464 3.25449 -7.87667 border
5.48053 3.34869 -7.82901 border
5.2897 2.77139 -7.58952 border
5.46575 3.39777 -8.14013 border
5.38533 3.26472 -7.90374 border
650
-5.91206 7.79328 1.24548 noise
6.12259 4.09034 -8.60669 noise
1.51779 -2.08851 -5.14853 noise
-9.16634 9.8592 3.26033 noise
2.56954 -2.90834 -5.5405 noise
-9.28654 11.1468 -0.326446 noise
1.73505 -4.38229 -2.49883 noise
-0.548599 -3.11535 -3.35854 noise
-9.48702 9.42788 1.82373 noise
0.98742 -1.78854 -3.34323 noise
6.76602 4.31066 -6.77166 noise
-7.30022 8.06357 1.28719 noise
-7.08508 10.7659 -0.661773 noise
-6.03669 9.55119 0.695761 noise
6.26516 3.37092 -9.63149 noise
2.81617 -2.80852 -3.12416 noise
0.353271 -2.96963 -4.73407 noise
2.26291 -2.85904 -3.36115 noise
6.96102 3.91279 -7.306 noise
4.1342 2.02144 -9.04878 noise
-8.63987 10.2358 1.19366 noise
5.363 4.06668 -6.00398 noise
-7.32683 8.54475 2.67158 noise
1.48683 -4.00389 -3.17327 noise
-4.76791 9.18361 2.78904 noise
3.65176 3.81785 -8.69535 noise
1.70538 -1.08018 -4.26841 noise
-6.03649 8.3117 -0.269835 noise
-6.97363 8.94261 0.0739582 noise
1.83479 -3.86687 -4.12863 noise
7.10805 1.54528 -10.2925 noise
0.363309 -1.59506 -5.55299 noise
9.6393 2.94059 -6.38268 noise
-6.45667 10.4467 1.43519 noise
0.744092 -2.1672 -2.303 noise
5.37168 4.16588 -9.17223 noise
4.70086 2.35906 -9.29627 noise
5.71234 1.77313 -9.28225 noise
2.98009 -4.89322 -3.76017 noise
0.309256 -3.84923 -2.36353 noise
-7.5545 9.38558 2.35591 noise
6.34926 1.81041 -6.9022 noise
4.48952 4.24993 -9.37969 noise
5.16743 2.85341 -7.27449 noise
-8.54862 8.29892 1.83317 noise
6.16464 3.39823 -8.52302 noise
4.13243 -4.54277 -2.36979 noise
-6.70322 10.2162 -0.660103 noise
6.27109 1.26498 -6.99324 noise
0.589849 -3.38481 -3.87872 noise
2.42228 -4.62833 -2.89398 noise
-7.39724 8.15274 3.01445 noise
-6.61652 10.6562 2.51428 noise
-9.30565 9.63503 1.20996 noise
7.66089 1.83062 -7.51087 noise
-0.498538 -2.84884 -3.78306 noise
-8.49597 9.20233 -0.353885 noise
2.34948 -3.8882 -2.89729 noise
7.26412 1.59614 -8.59671 noise
1.84797 -4.20417 -5.72852 noise
2.89443 -4.09384 -2.99411 noise
-6.25158 11.6834 1.24177 noise
-8.10188 11.7497 1.87894 noise
6.42094 1.43876 -7.28085 noise
7.84207 2.85752 -9.92439 noise
-7.58305 10.2416 -0.680049 noise
6.60276 3.93409 -7.04021 noise
-6.46008 9.13965 -0.825122 noise
-7.90379 9.44344 1.23682 noise
0.688534 -3.54487 -2.99582 noise
4.91538 3.87205 -8.59578 noise
6.63123 3.04012 -6.1776 noise
2.37943 -3.47471 -3.05342 noise
-8.62486 10.2428 1.64251 noise
-8.34239 9.95194 2.34919 noise
0.449453 -4.04715 -4.10006 noise
-6.01393 8.2454 0.392667 noise
6.68144 1.70917 -8.25214 noise
-7.32009 9.53967 2.34556 noise
-8.32762 8.39068 0.102174 noise
4.60141 2.22996 -7.73711 noise
-7.72555 7.78952 1.9419 noise
-7.02002 10.5597 3.16978 noise
0.59846 -3.21075 -4.04671 noise
3.74047 -3.21314 -4.73982 noise
6.98754 2.20997 -9.14241 noise
5.93037 0.699633 -7.39178 noise
5.32567 3.24089 -6.68655 noise
-7.14547 10.3887 -0.300299 noise
5.40931 3.444 -6.49183 noise
0.396431 -3.02807 -3.80012 noise
-7.54518 10.5524 3.61583 noise
7.88627 3.4315 -8.15812 noise
1.23339 -2.04393 -2.20972 noise
7.44384 1.54406 -7.42517 noise
2.37581 -0.576423 -4.56905 noise
4.97766 3.06305 -5.82358 noise
2.79705 -1.60923 -2.3048 noise
2.55759 -2.99291 -4.35198 noise
5.16909 1.42829 -10.0732 noise
-9.1397 9.43811 3.23163 noise
6.53856 2.99021 -6.3018 noise
2.90449 -5.2419 -4.35462 noise
5.64014 3.71552 -8.18307 noise
5.46901 3.59609 -9.32091 noise
0.527246 -3.4361 -3.70483 noise
4.46039 2.07702 -9.49418 noise
-8.44337 9.52845 0.449216 noise
-8.58843 11.6561 2.99349 noise
7.59916 2.41203 -8.25331 noise
5.87303 2.72186 -10.5799 noise
3.10824 -2.66204 -3.71172 noise
-8.01055 9.32997 -0.0912731 noise
5.89964 1.72992 -6.86341 noise
1.60101 -1.53187 -4.7764 noise
-7.36114 8.53298 2.63176 noise
-8.41358 9.9069 2.17579 noise
1.88091 -2.02802 -6.07881 noise
6.16723 4.31641 -7.08955 noise
4.89388 3.7813 -9.65777 noise
0.0746292 -4.32977 -3.5215 noise
6.11946 2.36039 -9.35815 noise
0.168321 -3.44733 -4.017 noise
-8.87487 10.525 0.236505 noise
-5.18446 9.5553 0.194991 noise
-6.00773 9.18137 1.33777 noise
2.35377 -0.947273 -3.12649 noise
0.586019 -3.0126 -5.49835 noise
2.17391 -2.09184 -1.91248 noise
7.82306 1.7808 -7.85012 noise
2.73946 -1.00887 -3.32383 noise
1.82399 -3.85074 -2.35067 noise
-6.06833 10.7663 1.31378 noise
-6.12532 9.03972 2.18004 noise
1.99349 -1.38554 -4.45524 noise
1.37403 -3.01524 -5.28452 noise
1.8545 -2.23701 -2.22734 noise
0.835771 -3.77367 -3.38732 noise
-9.3436 9.54005 0.655377 noise
-8.77806 10.0273 0.397354 noise
3.18755 -3.01374 -2.76478 noise
-9.00747 11.5092 1.43208 noise
3.57566 -3.51839 -4.72572 noise
1.75146 -2.64124 -5.84178 noise
2.47904 -1.62938 -1.73572 noise
6.62101 3.77943 -8.50352 noise
6.21628 1.5946 -6.36857 noise
-8.03318 8.71754 1.64201 noise
-6.39817 8.50071 1.18328 noise
-8.96178 9.50107 0.776742 noise
1.00355 -1.78185 -4.24435 noise
3.21184 -0.93637 -3.1636 noise
8.32078 3.1237 -7.41965 noise
7.00123 3.55799 -7.86399 noise
5.76227 4.29887 -6.82766 noise
1.0515 -1.5975 -2.89647 noise
-7.08777 10.4816 -1.32161 noise
3.37155 -1.89583 -4.32928 noise
3.85561 -4.43751 -4.55769 noise
4.80178 1.58056 -9.41298 noise
5.10708 3.02355 -9.24517 noise
5.47968 2.5732 -9.76342 noise
0.809615 -3.43286 -1.84292 noise
3.28576 -2.82759 -4.72105 noise
6.83524 2.13004 -8.11126 noise
5.44959 3.80115 -7.24259 noise
3.12791 -3.32244 -2.74147 noise
-8.75243 8.81745 0.634484 noise
-9.13647 8.45373 2.08741 noise
-7.74821 8.72397 1.44106 noise
5.58827 3.32512 -6.81492 noise
7.7284 1.91687 -5.35886 noise
-6.98082 11.2289 1.04399 noise
3.34991 -3.13373 -4.19699 noise
5.85359 3.42296 -7.07254 noise
5.18564 2.43198 -9.20204 noise
6.27729 2.13167 -5.64693 noise
-5.77519 8.86946 -0.848367 noise
1.65422 -1.74236 -5.41871 noise
7.46048 2.53816 -8.15869 noise
-5.26145 9.90383 0.410403 noise
3.40438 1.98279 -8.29796 noise
-8.34756 7.97977 0.705208 noise
6.74038 1.85419 -6.36629 noise
0.412227 -2.03946 -4.34696 noise
7.16198 1.90754 -9.34001 noise
-8.2607 8.24521 0.937838 noise
-7.11176 8.63142 -0.746193 noise
-6.80994 10.4119 -0.0883865 noise
0.516508 -1.58638 -1.71507 noise
-7.61734 8.32361 -0.859841 noise
-6.73755 9.50653 2.19596 noise
3.6329 -2.26894 -3.9661 noise
3.83744 2.46591 -7.33511 noise
4.91487 3.23424 -7.294 noise
0.737082 -2.91764 -5.96158 noise
3.25379 -1.51618 -2.46634 noise
-0.610436 -2.032 -5.21639 noise
3.08197 -3.1369 -5.50904 noise
7.74923 1.50411 -7.70879 noise
2.77425 -2.45713 -2.21821 noise
2.44248 -3.24942 -5.98549 noise
6.39392 3.82817 -8.99275 noise
7.59083 2.45938 -9.23137 noise
5.33096 3.46125 -7.34576 noise
0.962678 -1.34505 -4.25934 noise
7.27438 4.06708 -6.32606 noise
7.51031 1.3207 -8.09599 noise
7.51212 1.19314 -8.26578 noise
5.34133 2.96848 -7.28847 noise
7.23552 0.704809 -7.46238 noise
8.29306 2.68461 -9.61129 noise
6.6088 4.12366 -9.31142 noise
-0.321952 -3.86234 -5.04853 noise
2.78025 -3.41189 -2.26891 noise
1.56532 -3.86164 -1.77074 noise
-10.1732 8.74027 2.56854 noise
7.39791 1.03306 -6.65382 noise
2.22361 -3.71556 -2.72556 noise
1.36616 -1.5154 -4.80597 noise
7.03657 1.71827 -8.74035 noise
-7.98696 9.29248 -1.08979 noise
7.1683 3.40877 -7.71542 noise
-6.82774 9.68649 2.12288 noise
2.99488 -1.43384 -4.17724 noise
0.41095 -1.31265 -2.37224 noise
2.127 -3.01554 -2.40607 noise
1.78813 -3.99138 -4.15324 noise
-8.13548 9.24689 1.9265 noise
7.08682 4.28261 -9.67615 noise
-7.81311 9.73898 -0.818663 noise
1.72396 -4.58631 -3.63129 noise
-6.54245 8.37073 2.01507 noise
2.07299 -3.70261 -3.89758 noise
-8.7971 8.65323 1.13545 noise
1.44056 -1.59092 -1.86206 noise
0.12788 -1.86225 -4.02461 noise
8.08187 2.88033 -8.33404 noise
3.58466 -3.38485 -3.88582 noise
2.28949 -2.47847 -1.11246 noise
0.0557389 -3.60608 -3.36033 noise
-6.7141 10.4235 3.47284 noise
1.83297 -3.67568 -4.98766 noise
-8.82242 8.88074 0.633499 noise
-9.34164 10.6701 0.516694 noise
1.31348 -3.60274 -7.38033 noise
5.55356 4.7125 -6.75205 noise
7.524 3.90109 -11.5001 noise
-8.80771 9.1953 1.30679 noise
2.77268 -3.36862 -2.59928 noise
4.99294 1.73209 -7.5085 noise
6.56243 1.75702 -8.31044 noise
-7.0694 7.07158 0.787438 noise
-6.02949 10.6606 0.327844 noise
5.4624 2.91332 -6.39966 noise
4.60575 3.41621 -7.42678 noise
-6.95683 8.93312 2.41759 noise
4.88957 3.50579 -7.60731 noise
1.56957 -1.36359 -1.78382 noise
5.75826 3.93132 -8.20788 noise
-9.05742 8.78498 1.87732 noise
5.75437 3.00794 -6.75874 noise
0.611045 -3.03595 -3.24959 noise
-6.69864 8.20264 -0.775446 noise
-8.0546 7.76658 0.0405554 noise
-5.40525 9.40543 1.59624 noise
0.423388 -2.63955 -1.25421 noise
-8.51133 7.98276 1.55451 noise
3.93126 3.40983 -8.12329 noise
6.11056 0.885187 -8.85926 noise
-9.20656 11.3371 0.932978 noise
-0.461324 -2.00217 -4.62325 noise
-8.05586 9.73761 2.4171 noise
1.79387 -1.17661 -5.79464 noise
3.00158 -1.413 -5.22805 noise
0.812503 -3.57439 -3.1842 noise
6.04699 1.62453 -6.07582 noise
4.38381 2.99101 -8.01571 noise
1.20865 -4.92202 -3.8169 noise
-8.2722 8.53327 0.109929 noise
-9.10251 9.51338 1.54275 noise
-7.7068 9.49775 2.76259 noise
-5.81466 8.75786 2.16832 noise
6.45727 2.6402 -6.46373 noise
1.59944 -1.82842 -3.3045 noise
6.81144 3.63272 -9.93426 noise
6.11434 3.53659 -9.22213 noise
2.46987 -4.00509 -2.34825 noise
7.1562 2.04896 -8.76941 noise
-7.4298 10.8395 1.67318 noise
-7.65155 9.56826 1.76679 noise
6.1985 1.90666 -4.85428 noise
6.5732 1.33872 -7.9136 noise
-7.61563 9.40737 -0.110216 noise
3.21535 -2.76485 -3.72798 noise
5.71975 2.50688 -6.62717 noise
5.98754 1.52639 -7.7082 noise
1.59139 -3.57662 -2.12734 noise
0.276874 -3.3498 -2.00808 noise
-7.36065 8.94424 2.1337 noise
2.35808 -2.28541 -3.01973 noise
4.70674 2.52897 -8.5537 noise
7.4458 3.72249 -7.56848 noise
-6.65503 9.19389 2.27472 noise
0.850408 -3.26954 -4.6993 noise
-7.96922 8.97401 1.88891 noise
2.59514 -3.60901 -4.47144 noise
-6.47849 8.77618 0.995879 noise
4.03738 2.71817 -7.29687 noise
3.34263 -3.67387 -4.12912 noise
-7.46309 8.05667 1.48766 noise
-6.68802 11.2288 0.164248 noise
2.98931 -4.15769 -3.68094 noise
6.82982 1.9383 -9.02873 noise
-8.084 7.99297 2.37469 noise
5.97603 3.82342 -8.44422 noise
-7.40158 9.87559 2.47561 noise
6.79199 3.30386 -10.2364 noise
4.4584 -3.09933 -3.05728 noise
-9.00927 8.84877 1.47429 noise
-8.19854 10.8044 -0.316754 noise
-8.53986 9.33609 1.16262 noise
-0.243385 -2.58448 -2.6184 noise
-6.11247 9.84049 -0.148433 noise
2.49454 -1.69063 -3.1282 noise
5.44566 1.94581 -8.953 noise
-8.21615 7.37807 2.94271 noise
4.25405 1.52248 -7.56686 noise
7.04292 1.62016 -8.44863 noise
5.51032 5.12072 -8.51759 noise
-6.63397 9.91704 2.30626 noise
1.78039 -1.28398 -4.17293 noise
4.7613 2.59713 -6.20277 noise
-9.50555 10.3994 -0.434353 noise
-6.2233 8.29566 1.39487 noise
-8.88143 10.3272 0.6067 noise
0.787879 -3.80637 -3.90966 noise
5.83066 4.16758 -8.13984 noise
6.49656 4.34231 -8.90279 noise
2.0622 -1.14027 -4.9981 noise
-9.12639 10.3401 0.192007 noise
1.22311 -2.5266 -6.14208 noise
6.20966 3.94304 -7.22298 noise
4.48743 3.23709 -7.31954 noise
4.07978 3.95494 -8.01284 noise
2.0624 -4.49118 -5.17236 noise
6.65688 0.113601 -9.58721 noise
6.91358 0.0954591 -7.15631 noise
6.73876 1.50534 -7.93923 noise
5.17241 3.3339 -7.07703 noise
3.16973 -2.58553 -1.61542 noise
5.09753 1.75406 -6.75298 noise
1.30645 -1.97435 -6.12599 noise
1.42999 -3.50563 -4.54444 noise
5.16041 3.00744 -7.21149 noise
-8.56922 8.55909 0.511054 noise
-7.39906 10.2552 -0.21207 noise
-6.47056 9.07853 2.36517 noise
2.34913 -3.84929 -2.87204 noise
7.84133 3.63738 -8.36136 noise
-9.06239 11.0996 -0.971644 noise
-7.74454 9.39847 1.61955 noise
-0.128251 -2.3935 -3.42923 noise
3.86644 2.39264 -9.57457 noise
0.700357 -1.51631 -3.17113 noise
6.35827 3.29918 -9.26611 noise
4.58192 1.68352 -8.82699 noise
2.82069 -4.45923 -3.58112 noise
5.16347 2.10189 -9.52865 noise
7.77867 2.53315 -8.69118 noise
2.55485 -1.362 -3.8373 noise
0.655173 -4.12452 -6.00606 noise
0.242555 -3.52919 -5.45543 noise
2.62215 -2.4833 -4.63803 noise
3.45358 -3.52251 -5.24458 noise
2.25174 -1.82382 -3.24293 noise
1.21853 -3.03025 -4.43721 noise
1.77273 -1.79414 -3.32659 noise
5.76552 1.66469 -5.86342 noise
-8.7422 9.35075 2.81004 noise
6.61562 2.36849 -6.61001 noise
2.64314 -3.3325 -6.17072 noise
6.92065 1.58328 -8.53887 noise
-8.82071 9.48907 1.8411 noise
2.83868 -3.79656 -5.00812 noise
-7.41234 8.66281 1.88535 noise
5.89543 1.46068 -7.05688 noise
-8.98247 9.17617 2.75585 noise
-8.66547 10.0797 1.19656 noise
7.98924 2.9016 -7.72567 noise
1.34072 -1.44292 -3.80702 noise
4.90541 3.26632 -7.9899 noise
-6.10619 8.64589 0.650951 noise
-6.57481 8.49345 0.0770511 noise
-6.06965 8.38072 0.806911 noise
-0.275379 -5.3494 -2.37646 noise
-8.22331 10.8594 1.27766 noise
1.10258 -3.06531 -2.45979 noise
-6.95867 9.74546 2.45235 noise
-8.62821 8.79285 -0.581522 noise
3.7879 2.43733 -6.75864 noise
-6.8789 8.94029 1.52703 noise
-9.28795 9.77725 0.300452 noise
5.16339 1.20492 -9.68873 noise
0.801756 -2.6238 -4.90837 noise
-9.10097 9.88303 -0.471004 noise
2.37621 -1.58064 -5.99685 noise
4.74504 4.17603 -6.27021 noise
3.91014 -2.68837 -5.62061 noise
2.48052 -3.02779 -1.77441 noise
2.35066 -2.93328 -2.92337 noise
3.2158 -2.36048 -4.23571 noise
7.20782 3.58396 -8.56572 noise
-8.54575 8.63734 0.362048 noise
2.81084 -3.55264 -3.00297 noise
0.940836 -1.81671 -5.00476 noise
7.08711 3.07008 -10.1933 noise
5.36282 4.59687 -9.91523 noise
-8.04265 10.152 2.02035 noise
6.02156 2.31061 -9.55623 noise
1.70338 -4.17058 -4.89869 noise
8.09268 2.06272 -9.71929 noise
-8.59399 10.4555 2.17564 noise
-1.09949 -2.62826 -4.8061 noise
2.23573 -3.70523 -3.18521 noise
3.32895 -2.63262 -3.2049 noise
-6.06265 10.6084 0.508382 noise
0.665989 -4.22117 -3.88478 noise
-7.7169 9.24129 1.49222 noise
-8.19681 8.41492 1.95534 noise
-6.89846 9.92167 -0.259306 noise
2.24855 -3.10407 -1.11836 noise
1.11234 -0.121829 -4.42215 noise
3.3603 -2.74968 -4.66116 noise
-7.26354 11.1541 -0.651779 noise
4.83596 0.222765 -7.25871 noise
-8.36131 11.9361 1.63746 noise
0.698347 -2.4902 -5.57938 noise
-0.594726 -3.56209 -5.29261 noise
3.02902 -2.86476 -2.3626 noise
6.68928 3.99124 -8.46384 noise
-8.56683 10.3626 1.90764 noise
5.80631 1.9895 -9.3585 noise
-5.42076 10.4473 0.123115 noise
-8.50076 8.47575 1.98335 noise
6.50532 1.62001 -8.82959 noise
6.47891 1.48693 -7.68618 noise
1.50827 -2.27025 -5.87321 noise
2.75427 -1.81249 -3.4198 noise
6.13705 1.67149 -8.85694 noise
-7.46047 10.9172 1.16694 noise
8.14321 3.84139 -6.76361 noise
7.07564 4.27368 -8.16913 noise
1.98329 -1.71832 -5.25067 noise
-7.22615 10.8383 1.64239 noise
-6.18464 10.3168 1.07335 noise
5.01168 3.22643 -7.25561 noise
0.409383 -5.81097 -2.7037 noise
-7.29144 9.12122 1.52027 noise
6.67465 2.11954 -9.01083 noise
2.02239 -3.8413 -5.66765 noise
7.90653 2.87671 -6.77249 noise
7.06373 2.10053 -7.72343 noise
-8.71429 9.90672 1.63493 noise
-7.58437 9.59451 1.99873 noise
-8.31491 8.81258 1.16251 noise
-6.78648 10.6023 1.04329 noise
0.749808 -3.60958 -6.32686 noise
2.85531 -0.924475 -3.77505 noise
0.971281 -1.90766 -2.33788 noise
0.621465 -5.26952 -1.54815 noise
2.22544 -3.9251 -4.75548 noise
3.40891 -2.3331 -5.43306 noise
-8.81013 10.9724 0.497699 noise
1.60906 -3.71528 -5.10687 noise
6.62091 1.78428 -7.34899 noise
-8.42144 10.1234 1.65653 noise
-8.56668 9.91849 2.43358 noise
0.671615 -2.53798 -2.18252 noise
2.45889 -4.16878 -4.40412 noise
-0.119062 -2.18686 -3.83841 noise
-8.31544 7.73291 1.36291 noise
-8.51659 9.32337 0.555936 noise
0.897091 -3.0856 -4.82451 noise
-7.46245 11.3708 -0.100336 noise
-8.88398 10.3953 0.604381 noise
0.542152 -2.63678 -3.66803 noise
1.4038 -4.3404 -4.37935 noise
2.60456 -2.99942 -4.48556 noise
-0.141825 -3.09692 -4.16701 noise
-7.84074 8.55765 2.49268 noise
3.86605 1.20505 -7.8824 noise
2.61237 -3.62877 -5.86678 noise
-8.47675 11.6174 0.218513 noise
7.28268 2.923 -7.85842 noise
3.12427 -2.58437 -3.8974 noise
1.26376 -3.03933 -5.8963 noise
5.18207 4.98614 -8.60109 noise
-7.98237 10.5471 -0.497081 noise
-6.23204 9.26653 1.33624 noise
5.85065 1.3107 -7.78132 noise
2.83529 -2.78595 -3.54056 noise
-8.63009 11.3139 1.58389 noise
-9.27107 10.3456 0.364994 noise
6.96706 3.1577 -6.82686 noise
2.26562 -2.76514 -3.37894 noise
-7.37523 7.75457 -0.0799265 noise
7.7306 3.16576 -6.90719 noise
2.54644 -4.92259 -4.6088 noise
0.372281 -3.78831 -2.36263 noise
-8.18769 8.76228 1.04903 noise
5.98739 1.67526 -8.92163 noise
-9.52822 8.25869 1.06446 noise
-7.5545 7.34507 0.446293 noise
6.49078 4.13631 -9.60634 noise
0.884216 -1.07701 -3.9674 noise
4.73503 4.04205 -9.09048 noise
7.21947 5.11052 -7.80947 noise
2.9776 -2.31647 -2.2753 noise
2.90749 -2.01089 -5.06522 noise
-7.84533 9.40034 1.28318 noise
1.53103 -4.3705 -3.65789 noise
4.74198 4.16691 -7.52182 noise
-7.89823 11.0035 1.43955 noise
2.87359 -2.3404 -2.26047 noise
5.76173 2.17564 -9.97432 noise
-8.40279 10.7278 1.40928 noise
2.60906 -2.32218 -5.53314 noise
1.12093 -2.65285 -5.46919 noise
-5.59094 8.94386 0.686473 noise
4.86515 3.77301 -5.91263 noise
1.73978 -1.43837 -5.35537 noise
3.88445 1.4401 -8.76761 noise
4.82805 1.46966 -7.01825 noise
3.08196 -2.38345 -5.8771 noise
-5.8889 8.46878 1.05426 noise
2.12375 -1.24155 -5.05368 noise
-9.41618 8.77739 1.71744 noise
3.08696 -3.52067 -2.2082 noise
-7.3244 8.40307 2.46652 noise
6.16459 1.55127 -9.81887 noise
-7.37173 7.90296 1.97514 noise
5.40476 3.30702 -9.65799 noise
0.539666 -3.31405 -3.20273 noise
-9.46707 10.0794 0.753338 noise
1.6723 -3.34203 -5.3579 noise
-7.1787 10.6737 0.969534 noise
-7.65722 12.8646 1.34161 noise
-7.52072 9.16507 -0.589186 noise
-7.04209 8.11475 1.71897 noise
1.18704 -3.46046 -4.9711 noise
5.72401 5.02975 -6.46639 noise
6.26194 1.89734 -9.68525 noise
6.0167 1.34716 -8.80254 noise
1.33664 -1.30077 -4.04707 noise
1.23437 -3.25045 -4.67866 noise
-7.10395 10.9704 2.43833 noise
0.782564 -4.60792 -4.63232 noise
0.418421 -2.8377 -3.47523 noise
0.932154 -4.51738 -3.75844 noise
0.995768 -1.43798 -4.26125 noise
2.1204 -1.61747 -2.85932 noise
7.46689 1.51084 -7.31984 noise
5.13225 1.54997 -8.80961 noise
-8.75795 9.57843 1.09177 noise
2.24256 -4.2219 -3.72869 noise
-7.76692 11.1031 2.82461 noise
-8.04382 9.60746 -0.34338 noise
6.10411 2.86692 -9.26884 noise
6.25197 1.618 -6.86323 noise
-8.13663 7.38614 0.802186 noise
-7.36282 11.2206 -0.0783285 noise
5.50755 3.26479 -6.45147 noise
0.450742 -2.61732 -3.71705 noise
4.58047 2.12645 -6.43472 noise
4.2778 0.978435 -7.89312 noise
-9.27631 9.28479 0.472331 noise
5.76962 2.11208 -9.03371 noise
4.28779 1.23413 -7.23154 noise
5.02522 3.29592 -8.31597 noise
2.02609 -3.21917 -2.81041 noise
0.398118 -2.26614 -5.70911 noise
1.9291 -1.62816 -2.59832 noise
6.48171 4.6535 -7.89442 noise
7.65597 2.7575 -7.24575 noise
-7.67332 11.2893 1.54814 noise
-8.20197 10.3456 1.93428 noise
-8.91605 9.8894 -0.406122 noise
1.00733 -1.40402 -4.56955 noise
7.01704 2.10344 -9.15662 noise
-0.0860709 -2.19008 -4.94798 noise
-0.434876 -2.95691 -3.15976 noise
4.57978 1.43208 -7.74489 noise
0.743287 -5.05785 -3.00581 noise
6.10696 2.2183 -9.45163 noise
7.65742 2.54913 -6.69694 noise
-7.46877 12.225 0.481303 noise
-8.32836 10.6526 -0.537103 noise
4.91431 4.0154 -7.92616 noise
1.56759 -0.536109 -3.11029 noise
5.52894 3.98464 -8.01321 noise
0.909009 -3.10437 -4.63462 noise
6.86484 1.35743 -8.37057 noise
5.78516 3.69667 -7.27812 noise
-5.51574 9.14892 1.72532 noise
-10.1765 8.8133 0.966405 noise
0.3635 -1.78368 -2.66919 noise
6.67064 3.63172 -6.40317 noise
1.36459 -5.02946 -3.92756 noise
-6.79782 8.78196 1.2574 noise
-7.61546 9.49471 2.1831 noise
5.43947 3.47797 -9.12498 noise
2.0918 -4.57528 -3.29316 noise
-0.186315 -4.01251 -2.97267 noise
0.99353 -1.58736 -4.65081 noise
-8.52681 10.665 1.83831 noise
5.53142 3.17641 -6.5895 noise
6.39313 5.12564 -7.57228 noise
8.29473 0.807744 -9.98721 noise
-5.54104 10.4648 1.3896 noise
1.46449 -0.491738 -2.83003 noise
-7.57558 9.72994 2.32396 noise
7.10021 1.32174 -7.41161 noise
-7.2897 11.7681 1.00749 noise
-7.13786 9.8224 -0.471198 noise
-5.97278 8.92894 0.191541 noise
-8.36821 8.4679 1.07116 noise
-6.50821 8.10988 0.0968015 noise
2.43403 -2.02027 -2.98352 noise
-7.23358 10.945 0.242901 noise
6.21419 3.62155 -9.27813 noise
6.09092 0.916415 -8.36236 noise
7.30723 2.59087 -6.54296 noise
-6.99005 7.77979 -0.90907 noise
-6.07857 8.93228 1.42863 noise
1.24358 -2.95937 -2.08776 noise
4.61214 2.13257 -8.33395 noise
-8.92842 8.01939 1.35452 noise
-7.34196 7.27559 2.76125 noise
3.09407 -3.43894 -4.37911 noise
5.69171 1.4413 -7.52857 noise
2.92758 -1.52718 -2.55167 noise
3.06334 -3.87373 -3.82464 noise
5.39708 4.40958 -7.25066 noise
-8.231 8.8632 1.21112 noise
6.61057 2.76157 -9.15066 noise
-8.10538 8.44454 -0.553931 noise
1.58646 -2.18337 -5.60727 noise
-0.479391 -2.38215 -4.75207 noise
2.29336 -4.40657 -2.63987 noise
