0: 118 223 507 609 823 
1: 16 70 116 159 168 176 223 229 316 356 434 470 481 501 696 716 717 734 743 750 759 784 789 846 921 944 967 973 
2: 51 59 64 153 219 303 318 376 441 473 480 513 514 706 901 931 976 
3: 73 77 101 198 212 216 264 296 332 361 394 410 610 621 635 682 691 727 814 815 818 832 876 955 980 
4: 149 586 597 
5: 84 101 212 216 297 302 361 576 589 610 764 813 814 822 832 980 
6: 32 69 72 100 110 124 129 136 146 156 161 173 182 199 201 208 263 311 399 446 466 511 512 519 568 607 639 643 694 702 712 751 755 772 805 820 862 881 884 885 936 949 
7: 186 367 506 517 546 736 
8: 32 71 88 194 322 330 442 455 544 953 999 
9: 86 360 488 552 761 916 
10: 20 40 91 154 168 217 222 224 267 280 288 301 320 323 324 335 370 414 424 434 450 458 491 504 509 550 564 574 585 588 618 638 661 696 700 704 715 716 723 731 740 743 749 753 789 806 833 850 880 911 944 957 966 
11: 20 75 83 144 154 215 269 301 390 444 445 458 491 509 531 574 605 612 638 661 688 692 704 723 731 740 802 809 840 858 894 965 966 
12: 78 396 433 485 591 713 826 
13: 37 60 77 82 101 162 170 197 212 235 275 290 296 328 339 429 502 539 576 628 691 699 720 726 782 804 825 870 907 917 
14: 72 124 128 227 429 439 532 558 565 578 583 594 600 629 790 799 861 922 940 949 
15: 25 103 179 299 307 522 687 942 988 
16: 1 116 159 168 251 356 414 469 474 593 717 734 743 759 768 789 831 844 921 944 
17: 66 102 134 234 281 347 542 662 666 752 775 882 970 975 
18: 187 188 261 266 470 489 540 603 695 776 816 850 893 971 981 
19: 26 155 303 318 436 440 441 483 547 559 798 834 873 947 952 976 
20: 10 11 83 108 109 144 151 154 203 217 261 267 269 270 280 288 301 310 320 325 347 370 373 390 444 445 459 491 509 531 574 612 638 645 684 718 721 723 731 749 753 809 828 833 858 863 878 880 893 894 920 957 966 
21: 24 107 113 140 166 207 247 300 374 461 627 634 640 656 672 771 778 783 810 857 864 963 974 
22: 34 77 80 124 128 146 162 246 274 306 394 410 429 439 532 578 583 600 629 751 757 790 799 853 870 885 908 955 
23: 69 129 136 185 190 465 573 582 621 748 761 845 854 912 932 
24: 21 34 43 49 82 107 113 163 182 341 397 446 461 519 568 575 579 627 634 639 643 655 712 720 757 778 782 783 805 820 857 864 881 897 917 936 963 974 
25: 15 33 59 103 179 253 299 337 365 381 463 473 649 690 781 942 988 
26: 19 47 64 184 240 241 258 260 418 436 441 478 518 547 551 554 646 676 681 708 724 765 769 834 873 892 913 915 923 934 947 952 976 993 996 
27: 52 157 239 553 560 819 983 
28: 52 53 98 122 175 177 250 258 308 342 392 401 404 418 431 462 494 510 560 613 708 765 785 792 836 838 843 847 877 889 892 913 927 
29: 78 83 114 144 151 203 205 226 269 433 444 487 508 530 538 598 612 674 704 713 718 739 754 756 837 878 905 956 
30: 135 232 624 817 883 
31: 56 74 171 389 457 479 762 829 831 
32: 6 8 88 110 161 194 199 201 311 330 350 425 446 519 544 607 643 655 807 860 869 881 953 
33: 25 64 103 153 231 253 299 376 384 395 480 513 601 649 673 705 706 767 931 988 
34: 22 24 37 43 73 77 80 82 107 146 162 163 208 275 289 290 328 410 416 429 439 461 466 578 579 580 583 594 628 629 639 640 670 683 694 720 726 751 757 790 864 917 949 963 974 
35: 
36: 407 524 
37: 13 34 60 73 80 84 101 107 140 170 197 290 296 332 339 394 410 429 502 539 569 575 720 726 782 870 907 917 
38: 142 170 197 227 306 410 429 515 569 699 799 825 853 861 908 955 
39: 118 262 400 603 608 971 973 
40: 10 91 94 159 168 217 222 279 316 324 356 450 451 499 570 651 696 715 717 734 749 759 833 842 846 911 973 
41: 161 163 173 311 312 344 352 364 397 446 468 536 548 639 640 647 694 702 733 744 758 914 936 
42: 
43: 24 34 62 73 77 80 84 107 140 146 161 162 163 173 182 212 263 311 312 332 387 394 410 422 466 512 519 532 536 548 549 575 578 582 628 639 640 670 694 712 726 751 757 782 783 790 805 854 857 862 864 870 881 884 907 914 932 949 963 
44: 635 669 899 912 
45: 
46: 75 195 224 424 509 540 638 692 695 721 795 828 840 850 858 961 966 
47: 26 105 127 175 177 184 240 250 258 260 273 308 392 409 423 431 436 462 494 516 547 554 571 595 613 630 724 765 793 843 847 873 896 913 929 952 996 
48: 61 127 153 175 177 180 206 209 253 277 327 342 363 375 383 392 408 409 412 426 460 492 516 537 551 555 556 561 563 571 581 595 613 637 675 685 705 706 724 732 767 793 847 848 913 929 934 948 950 996 
49: 24 84 107 140 147 163 173 275 312 344 387 397 422 466 536 539 548 576 579 639 694 702 712 733 760 778 782 783 862 963 986 
50: 124 128 139 233 246 282 340 614 729 742 922 940 982 
51: 2 58 111 155 181 441 642 800 834 947 
52: 27 28 105 157 239 240 241 273 401 462 553 560 566 709 983 
53: 28 98 177 184 239 241 258 273 404 494 566 620 646 679 686 792 830 836 851 852 867 877 913 923 927 
54: 152 476 562 787 869 
55: 110 242 456 788 954 
56: 31 75 115 120 213 284 334 338 389 417 447 457 464 467 482 550 593 605 615 644 659 700 714 740 762 802 945 
57: 67 97 169 180 202 220 238 272 277 294 427 438 453 454 557 587 596 680 738 874 951 987 
58: 51 111 181 800 
59: 2 25 64 153 206 219 253 299 337 375 384 395 419 460 473 480 513 518 522 581 601 649 673 675 690 706 732 767 848 898 901 937 988 
60: 13 37 62 77 84 101 162 170 178 212 264 290 328 331 332 345 361 387 394 410 576 604 610 691 727 804 813 814 818 870 876 917 980 997 
61: 48 122 245 252 257 291 305 314 342 385 388 492 523 529 537 555 556 561 571 602 630 697 785 793 838 883 891 950 958 
62: 43 60 77 80 101 162 163 170 178 198 212 264 290 296 328 345 361 387 394 397 422 466 575 576 582 594 604 610 621 628 635 691 694 726 727 748 757 790 814 832 854 870 876 907 914 932 936 980 
63: 125 221 249 278 353 396 406 467 479 485 660 678 719 746 791 826 972 984 992 
64: 2 26 33 59 68 153 206 225 260 303 375 376 378 384 395 412 419 436 441 460 473 480 503 513 518 551 556 595 601 613 675 681 705 706 708 724 732 767 769 873 898 915 947 952 976 996 
65: 
66: 17 102 134 234 281 489 542 662 970 
67: 57 97 132 169 220 272 408 449 454 596 680 738 777 874 951 968 987 
68: 64 85 123 127 175 177 206 209 214 225 244 260 294 327 342 363 375 378 384 392 404 408 419 423 426 436 478 516 551 554 555 571 581 595 606 613 681 693 708 722 724 732 765 767 769 847 848 877 889 909 913 934 935 
69: 6 23 110 117 129 136 156 161 173 360 399 425 465 511 512 519 532 582 658 751 755 761 772 835 862 884 932 
70: 1 91 159 168 217 223 229 267 324 335 356 370 414 424 434 450 470 499 504 564 570 585 603 608 618 651 700 715 716 734 743 749 753 768 776 789 833 846 850 944 966 
71: 8 88 93 330 442 544 562 655 869 953 999 
72: 6 14 80 100 124 136 146 161 182 233 246 263 399 439 512 519 532 549 552 578 594 629 751 755 790 805 820 859 884 885 
73: 3 34 37 43 77 80 84 101 163 170 212 227 290 296 332 345 387 397 410 422 548 575 582 604 610 621 702 726 727 782 790 832 854 870 884 932 936 
74: 31 171 479 762 829 985 
75: 11 46 56 109 120 154 213 215 224 267 284 334 335 424 500 509 540 585 588 638 661 692 700 714 740 802 858 894 945 964 
76: 126 215 362 500 615 855 
77: 3 13 22 34 43 60 62 73 80 82 101 170 290 296 306 331 394 410 429 439 466 502 565 575 578 583 600 604 628 699 726 757 782 853 870 907 908 949 955 963 
78: 12 29 204 372 433 485 487 530 591 713 837 888 
79: 141 164 192 265 298 309 313 557 711 866 902 968 
80: 22 34 37 43 62 72 73 77 100 162 163 227 263 274 290 296 387 394 429 466 549 575 578 582 600 604 628 629 694 699 726 755 790 862 870 884 907 936 949 
81: 87 89 102 106 158 205 237 310 320 325 450 451 459 499 538 641 645 652 684 747 753 756 775 797 842 863 872 880 904 906 920 941 
82: 13 24 34 77 107 140 162 235 275 289 290 296 328 339 410 416 429 452 493 569 576 628 640 683 699 720 726 771 778 864 870 917 963 974 
83: 11 20 29 106 151 186 203 205 237 269 280 301 310 325 373 390 458 459 486 508 530 531 538 574 598 612 688 704 718 731 736 754 812 878 880 890 894 904 946 957 
84: 5 37 43 49 60 73 107 140 147 162 212 275 290 296 312 328 345 361 387 468 539 575 576 604 610 628 694 760 782 813 814 832 907 917 936 963 980 
85: 68 123 131 184 225 276 304 375 436 443 477 478 518 551 559 606 646 681 693 701 722 724 765 873 898 915 934 935 952 993 
86: 9 185 552 745 761 859 885 916 
87: 81 106 121 158 167 336 349 432 616 622 633 641 652 797 906 941 946 994 
88: 8 32 71 93 113 194 199 247 311 321 330 374 442 446 544 627 634 655 869 953 999 
89: 81 106 108 158 167 205 217 226 237 301 320 323 366 370 372 414 434 451 487 499 504 530 564 633 645 659 684 696 715 718 719 723 749 750 753 789 791 797 806 833 863 880 911 941 946 972 992 
90: 119 123 164 192 244 276 309 313 333 443 497 528 606 679 701 910 933 935 
91: 10 40 70 94 108 159 168 217 222 261 267 270 280 288 301 323 324 335 370 424 434 450 451 470 491 499 504 564 570 585 588 618 661 700 715 716 717 723 743 753 768 789 795 846 850 858 893 911 944 957 966 
92: 364 525 647 703 737 764 839 
93: 71 88 113 247 330 374 442 476 544 562 634 827 869 953 990 999 
94: 40 91 167 217 222 229 237 288 320 325 349 370 434 450 451 499 542 651 662 715 753 833 842 846 872 941 957 970 
95: 195 255 
96: 668 779 809 903 
97: 57 67 132 169 180 202 220 238 294 408 596 680 738 777 874 951 968 987 
98: 28 53 105 119 123 127 175 177 209 250 379 392 404 423 454 494 554 676 679 686 693 765 769 777 792 836 843 847 852 867 877 889 892 927 977 
99: 304 317 636 650 
100: 6 72 80 110 124 129 136 146 156 163 173 182 201 263 311 397 422 466 512 519 532 536 548 549 568 578 579 582 594 607 629 639 643 694 702 712 751 755 757 820 835 854 859 862 881 884 885 936 949 
101: 3 5 13 37 60 62 73 77 162 170 178 212 216 264 290 328 332 345 361 387 394 575 576 610 691 727 814 832 876 907 997 
102: 17 66 81 134 234 281 325 349 486 542 662 666 775 872 926 970 
103: 15 25 33 179 232 253 257 299 307 381 473 522 648 675 687 781 937 942 988 
104: 262 279 400 
105: 47 52 98 122 127 175 177 250 258 273 308 392 404 418 423 431 462 510 554 560 630 709 785 793 843 847 867 889 913 927 
106: 81 83 87 89 158 186 280 320 325 347 373 459 486 517 530 538 622 645 684 723 747 754 756 775 904 941 946 
107: 21 24 34 37 43 49 82 84 162 289 290 328 416 452 461 575 576 627 628 631 640 683 694 699 720 726 760 771 778 782 857 864 870 914 917 936 963 
108: 20 89 91 109 151 154 217 221 237 269 280 301 320 323 346 370 414 447 467 487 504 530 550 564 598 638 659 661 684 696 700 710 714 715 718 719 739 740 743 747 749 753 768 791 797 806 868 880 911 945 957 992 
109: 20 75 108 114 144 151 172 215 267 269 301 390 444 445 447 509 550 585 605 612 659 661 674 684 688 704 714 718 723 739 740 802 806 809 812 840 858 890 964 966 
110: 6 32 55 69 100 161 201 360 399 425 511 512 549 614 772 788 859 954 
111: 51 58 153 155 395 401 602 800 824 896 928 929 931 
112: 150 386 438 490 587 942 978 
113: 21 24 88 93 194 247 311 330 341 374 442 446 544 568 579 634 639 640 643 655 778 783 857 881 897 
114: 29 109 115 172 269 433 444 591 598 612 653 674 684 710 713 718 741 812 868 905 956 
115: 56 114 172 346 435 447 482 586 591 644 653 674 713 714 739 741 905 956 964 
116: 1 16 159 176 223 229 251 316 356 414 469 501 570 593 717 734 768 789 831 844 911 921 944 967 
117: 69 129 156 183 185 201 360 511 658 856 860 
118: 0 39 223 469 470 603 608 609 816 823 971 973 
119: 90 98 209 244 309 379 443 449 454 477 497 528 590 679 686 701 738 765 769 792 836 852 889 909 933 935 977 
120: 56 75 213 215 224 334 389 417 435 447 457 464 467 482 543 550 605 615 659 700 714 740 802 964 965 
121: 87 229 248 271 278 366 402 432 481 541 616 633 734 797 921 967 972 994 
122: 28 61 105 287 377 392 428 431 471 496 561 630 709 785 793 838 843 918 983 
123: 68 85 90 98 131 177 184 209 214 225 276 294 333 375 378 379 443 460 477 478 497 518 563 590 606 686 701 724 765 769 792 836 873 889 909 910 913 923 934 935 
124: 6 14 22 50 72 100 128 139 161 182 208 233 246 263 399 439 512 519 532 549 565 568 578 579 594 607 614 629 643 729 751 755 757 772 820 859 862 881 884 922 949 
125: 63 406 474 479 593 660 746 762 829 831 844 
126: 76 137 362 855 871 
127: 47 48 68 98 105 175 250 258 260 273 308 342 363 401 404 409 412 418 423 431 436 494 510 547 554 563 571 630 685 693 724 765 769 785 824 836 843 847 877 889 892 896 913 927 929 950 983 
128: 14 22 50 124 139 146 182 233 246 399 439 512 532 549 558 565 578 583 607 729 751 755 757 772 820 884 885 922 940 
129: 6 23 69 100 117 156 161 173 185 201 360 399 425 466 511 512 519 532 548 549 582 748 751 755 761 835 854 859 862 884 885 
130: 211 243 256 358 472 577 665 986 
131: 85 123 276 304 333 477 478 497 503 567 590 606 679 681 693 701 765 910 923 935 993 
132: 67 97 454 596 777 987 
133: 135 143 245 252 257 291 305 314 385 398 426 453 492 505 521 529 537 555 883 958 
134: 17 66 102 261 270 281 288 373 574 662 666 731 775 828 882 920 957 970 975 
135: 30 133 143 232 245 252 257 291 314 385 398 453 529 537 697 817 883 937 958 
136: 6 23 69 72 100 156 161 201 360 399 425 532 549 552 751 761 772 859 884 885 
137: 126 362 871 
138: 230 265 357 463 545 599 632 770 898 
139: 50 124 128 191 200 233 246 282 354 393 729 742 900 922 982 
140: 21 37 43 49 82 84 147 162 163 166 212 275 289 290 312 328 397 422 539 575 579 628 631 639 640 694 720 726 760 771 778 782 870 914 917 936 
141: 79 192 298 309 313 315 329 528 711 738 866 968 
142: 38 197 515 728 825 
143: 133 135 385 505 817 883 958 
144: 11 20 29 109 151 154 186 205 237 269 280 301 310 320 325 390 444 458 508 530 531 538 574 612 684 704 710 718 723 736 739 840 863 878 880 890 894 904 920 957 
145: 191 218 293 300 493 803 810 865 900 974 989 
146: 6 22 34 43 72 100 128 161 162 163 173 182 199 246 311 397 399 422 446 466 512 519 532 549 565 568 575 578 579 582 594 607 629 639 643 670 694 751 755 757 772 790 805 820 857 859 862 870 881 884 885 936 949 963 
147: 49 84 140 163 166 212 243 275 289 290 312 345 352 361 387 397 422 468 539 610 628 631 639 640 665 694 727 760 771 782 857 864 914 917 
148: 239 566 620 811 
149: 4 586 597 
150: 112 238 386 398 438 781 879 942 978 995 
151: 20 29 83 108 109 144 154 158 167 186 203 205 226 237 280 301 320 325 370 444 458 459 487 508 538 564 574 598 645 661 684 704 710 718 731 747 753 754 756 797 806 880 894 920 941 946 957 
152: 54 787 
153: 2 33 48 59 64 111 206 253 305 376 384 391 395 412 480 513 516 555 556 581 602 613 675 685 706 896 928 929 931 937 947 950 996 
154: 10 11 20 75 108 144 151 203 215 267 269 280 301 320 334 390 424 444 445 509 530 585 598 605 638 644 659 684 688 704 710 714 718 723 739 740 802 806 809 812 840 880 890 894 905 945 957 964 965 966 
155: 19 51 111 181 240 260 418 436 441 547 800 824 834 947 952 976 
156: 6 69 100 117 129 136 161 173 201 360 511 519 532 549 658 755 761 772 859 884 885 
157: 27 52 239 258 553 560 566 
158: 81 87 89 106 151 167 204 205 226 237 280 301 320 323 325 366 487 499 530 538 564 619 633 641 645 684 718 723 747 753 756 797 863 868 872 880 888 904 946 
159: 1 16 40 70 91 116 176 217 229 251 278 316 323 356 414 434 450 474 481 499 501 504 564 570 696 700 716 717 719 734 743 750 759 789 846 911 944 967 972 992 
160: 
161: 6 32 41 43 69 72 110 124 129 136 146 156 173 182 199 201 208 263 311 312 352 397 399 422 425 466 511 512 519 532 536 548 568 579 582 607 639 643 694 702 712 751 755 772 805 820 854 859 881 922 936 949 
162: 13 22 34 43 60 62 80 82 84 101 107 140 146 163 170 197 212 289 290 296 328 387 394 410 429 466 502 575 576 578 583 604 628 670 694 757 782 790 864 870 907 917 949 963 
163: 24 34 41 43 49 62 73 80 100 140 146 147 162 173 182 199 208 263 312 344 352 387 397 422 446 466 512 519 532 536 548 568 575 578 579 594 604 639 640 643 670 694 702 751 757 782 783 854 857 862 864 870 881 884 907 914 936 949 
164: 79 90 192 265 304 357 419 443 497 567 599 770 909 935 
165: 241 811 
166: 21 140 147 256 275 286 289 539 631 656 665 720 760 771 778 782 783 857 864 917 963 
167: 87 89 94 151 158 222 237 280 320 323 325 336 370 434 451 499 564 645 652 723 747 753 756 797 842 846 863 872 880 904 911 941 
168: 1 10 16 40 70 91 223 229 316 324 335 356 414 469 470 570 585 588 603 618 651 696 700 715 716 717 743 749 759 768 789 833 850 911 921 944 
169: 57 67 97 202 220 272 277 342 408 427 453 454 534 596 738 874 891 951 987 
170: 13 37 38 60 62 73 77 101 162 227 264 290 296 306 332 394 410 502 628 691 790 818 825 853 861 908 955 
171: 31 74 389 457 479 593 762 829 831 
172: 109 114 115 417 444 447 586 591 644 653 674 710 713 714 739 741 905 945 956 964 
173: 6 41 43 49 69 100 129 146 156 161 163 182 199 201 263 311 344 352 422 425 446 466 511 519 532 536 548 549 568 579 582 607 639 640 694 702 712 757 772 805 854 862 884 914 932 936 949 
174: 216 264 420 520 535 623 682 691 813 818 832 997 
175: 28 47 48 68 98 105 127 177 206 209 250 273 294 308 342 363 378 404 409 418 423 454 460 494 510 516 563 571 595 606 613 630 708 709 724 765 793 843 847 877 889 891 909 927 
176: 1 116 159 229 316 356 434 474 501 504 651 717 743 750 759 784 789 796 911 921 967 973 
177: 28 47 48 53 68 98 105 123 175 209 250 258 308 342 378 379 392 418 423 431 494 551 571 595 606 630 676 679 686 724 765 769 792 793 836 843 847 852 867 877 892 909 913 934 
178: 60 62 101 190 198 212 296 332 345 361 364 387 394 465 466 536 548 582 604 610 621 669 727 737 748 773 814 815 832 839 854 876 932 980 997 
179: 15 25 103 232 245 299 369 381 522 901 937 959 988 991 
180: 48 57 97 202 206 209 214 238 277 327 342 343 363 365 378 386 408 426 438 453 460 490 521 557 563 587 648 680 732 848 874 909 948 951 995 
181: 51 58 155 240 642 800 834 947 
182: 6 24 43 72 100 124 128 146 161 163 173 199 208 246 311 399 425 446 512 519 532 565 568 578 579 594 614 629 639 643 670 712 751 755 757 772 783 805 820 835 857 881 884 922 936 949 
183: 117 201 360 511 658 860 954 
184: 26 47 53 85 123 258 260 308 477 478 494 503 554 559 606 646 676 681 686 693 701 708 724 765 792 811 836 851 873 892 910 913 923 952 
185: 23 86 117 129 201 360 399 465 511 658 761 835 859 885 
186: 7 83 106 144 151 205 459 486 506 508 530 538 619 622 641 652 684 718 754 756 780 837 904 
187: 18 266 677 816 
188: 18 196 213 223 224 285 335 403 437 507 540 588 603 609 618 776 816 823 850 938 944 981 
189: 193 228 416 493 569 580 683 728 865 900 930 989 
190: 23 178 198 292 465 573 621 669 748 773 815 845 899 
191: 139 145 200 218 300 354 359 393 626 803 810 900 
192: 79 90 141 164 265 298 309 313 497 866 968 
193: 189 228 339 416 493 569 580 683 728 865 989 
194: 8 32 88 113 199 322 330 341 442 446 455 544 655 897 999 
195: 46 95 382 540 657 695 961 
196: 188 213 284 338 351 389 403 437 464 543 776 938 981 
197: 13 37 38 142 162 296 328 331 429 502 515 569 600 628 691 699 726 818 825 853 908 
198: 3 62 178 190 212 216 292 332 361 364 394 465 520 536 548 582 604 669 727 737 748 773 814 815 832 839 845 854 876 932 997 
199: 6 32 88 146 161 163 173 182 194 263 311 341 352 425 446 512 519 544 607 627 639 640 712 783 805 820 857 862 881 897 
200: 139 191 300 341 354 461 670 729 865 900 974 982 
201: 6 32 100 110 117 129 136 156 161 173 183 185 360 399 425 511 512 519 549 643 712 772 807 835 860 
202: 57 97 169 180 238 272 277 294 327 342 343 365 378 386 408 426 453 490 521 637 648 738 781 848 874 879 909 948 951 978 995 
203: 20 29 83 151 154 215 237 301 390 424 444 445 447 458 459 491 509 531 574 605 612 644 661 688 704 710 718 723 731 739 806 809 812 858 880 890 894 903 957 965 
204: 78 158 205 248 366 372 433 487 517 530 619 747 780 837 888 
205: 29 81 83 89 144 151 158 186 204 226 237 280 367 459 517 530 538 598 619 622 641 645 718 723 747 754 780 797 837 863 868 878 888 904 946 
206: 48 59 64 68 153 175 180 209 225 253 257 277 294 314 327 342 343 365 378 383 384 392 408 409 412 419 423 426 460 492 503 516 518 521 551 556 561 563 571 595 601 613 630 637 648 649 685 705 706 708 722 724 732 767 769 891 909 934 937 948 950 995 996 
207: 21 247 300 321 374 452 627 634 656 672 803 810 827 
208: 6 34 124 161 163 182 263 312 422 425 466 512 532 548 568 579 594 629 643 655 670 694 702 772 783 805 820 857 870 881 884 897 914 949 963 
209: 48 68 98 119 123 175 177 180 206 214 244 277 342 378 379 392 404 408 423 449 454 460 503 510 551 563 571 606 613 679 680 686 711 724 765 769 777 792 836 843 877 891 909 913 934 935 948 987 
210: 413 668 779 812 
211: 130 236 243 256 358 472 577 592 665 986 
212: 3 5 13 43 60 62 73 84 101 140 147 162 178 198 275 290 296 312 328 332 345 397 410 422 466 576 610 628 694 726 727 760 813 814 832 839 876 907 914 917 936 
213: 56 75 120 188 196 215 224 284 285 334 338 389 424 447 464 482 500 540 543 585 588 605 615 618 638 700 714 740 795 850 858 945 964 966 
214: 68 123 180 209 253 277 327 342 343 375 419 423 426 460 490 503 521 555 557 563 595 601 613 649 675 681 693 705 711 722 724 732 738 769 770 848 879 891 909 934 935 951 995 996 
215: 11 75 76 109 120 154 203 213 334 338 417 424 445 447 482 500 540 550 585 605 615 638 692 714 740 795 802 855 894 945 965 966 
216: 3 5 101 174 198 264 302 332 361 520 610 682 727 773 813 814 832 876 980 997 
217: 10 20 40 70 89 91 94 108 159 222 237 261 267 301 323 324 370 414 424 434 451 458 470 491 499 504 509 550 570 661 716 723 731 743 753 768 806 833 846 850 858 880 893 911 944 957 966 
218: 145 191 393 810 989 
219: 2 59 225 231 253 303 376 384 395 480 503 513 514 551 559 673 675 706 732 898 976 996 
220: 57 67 97 169 259 272 427 584 587 596 874 951 
221: 63 108 251 278 323 346 406 414 447 467 474 485 487 504 564 659 660 678 700 719 743 762 768 789 791 806 972 992 
222: 10 40 91 94 167 217 229 237 261 270 288 301 320 324 434 450 451 458 491 499 570 651 662 696 715 716 753 893 911 941 957 970 
223: 0 1 70 116 118 168 188 335 351 356 470 507 570 588 603 609 618 716 717 768 776 823 844 944 981 
224: 10 46 75 120 188 213 267 284 285 334 335 338 424 447 464 500 509 540 543 585 588 605 618 638 659 661 700 714 716 768 776 795 802 850 858 893 944 981 
225: 64 68 85 123 206 219 231 244 265 337 343 365 375 384 419 460 478 503 518 551 563 581 601 632 681 693 705 722 724 732 769 898 915 934 935 996 
226: 29 89 151 158 205 248 280 353 366 372 433 485 487 508 598 619 641 684 713 718 754 780 797 837 868 888 
227: 14 38 73 80 170 331 355 429 502 578 594 600 629 635 757 790 799 853 861 908 
228: 189 193 293 728 989 
229: 1 70 94 116 121 159 168 176 222 278 316 356 402 432 450 451 469 481 499 501 504 570 633 651 716 743 750 759 784 789 791 846 911 967 
230: 138 357 599 689 707 786 902 
231: 33 219 225 253 299 337 365 376 384 419 460 463 473 518 545 601 632 648 649 673 675 690 705 722 767 770 879 898 
232: 30 103 135 179 245 252 257 369 381 522 849 937 991 
233: 50 72 124 128 139 246 340 439 558 565 583 600 729 900 922 940 
234: 17 66 102 666 
235: 13 82 275 286 289 339 539 631 665 771 804 917 
236: 211 
237: 81 83 89 94 108 144 151 158 167 203 205 217 222 267 301 310 320 323 325 370 450 458 491 499 509 530 538 542 564 574 641 645 661 684 696 704 718 723 731 747 749 753 797 833 863 872 880 890 920 957 
238: 57 97 150 180 202 272 277 294 327 343 365 383 386 408 426 453 490 521 637 711 738 781 848 874 879 948 951 978 995 
239: 27 52 53 148 157 494 560 566 620 
240: 26 47 52 155 181 241 258 308 418 436 462 554 566 824 834 896 947 952 
241: 26 52 53 165 240 258 547 566 676 811 834 873 952 
242: 55 322 455 456 614 742 788 982 
243: 130 147 211 256 275 289 297 452 576 577 631 665 735 760 771 804 986 
244: 68 90 119 209 225 294 333 343 363 378 379 419 443 449 460 477 478 503 528 551 557 563 590 606 679 681 693 701 711 722 765 769 770 933 934 935 948 
245: 61 133 135 179 232 252 305 381 388 391 398 492 522 529 537 555 556 675 697 808 928 929 931 958 991 
246: 22 50 72 124 128 139 146 182 233 263 429 439 558 565 568 578 583 594 629 751 755 790 820 922 949 
247: 21 88 93 113 207 321 330 374 544 627 634 656 672 827 
248: 121 204 226 271 278 353 372 485 487 541 633 747 750 791 797 888 972 
249: 63 396 406 485 597 660 678 826 984 
250: 28 47 98 105 127 175 177 273 308 342 377 401 409 418 494 510 554 560 571 613 630 709 785 793 838 843 867 877 889 918 927 983 
251: 16 116 159 221 278 323 346 414 447 467 474 504 550 564 570 585 593 618 659 660 678 715 719 743 768 789 791 806 911 944 972 992 
252: 61 133 135 232 245 291 327 385 426 453 492 521 522 529 537 555 561 697 883 937 958 
253: 25 33 48 59 103 153 206 214 219 231 257 299 327 337 343 375 378 381 384 395 412 426 460 480 492 513 516 518 521 522 555 563 595 601 648 649 673 687 705 732 767 848 898 929 931 934 937 950 988 995 996 
254: 
255: 95 390 475 692 721 828 840 890 903 969 975 
256: 130 166 211 243 275 286 358 452 468 472 539 631 665 760 771 778 986 990 
257: 61 103 133 135 206 232 253 291 305 384 385 386 398 426 492 529 537 556 581 649 675 685 697 705 732 767 883 891 950 958 
258: 26 28 47 53 105 127 157 177 184 240 241 260 273 308 401 418 436 462 494 554 566 646 676 708 709 811 824 867 892 913 923 927 
259: 220 272 427 438 448 584 
260: 26 47 64 68 127 155 184 258 273 308 375 401 409 418 436 441 503 516 518 547 554 559 563 613 646 681 693 708 724 769 824 873 892 913 915 923 929 934 947 952 976 993 996 
261: 18 20 91 134 217 222 267 270 281 288 301 324 370 382 424 458 489 491 509 542 574 657 662 695 721 749 828 833 840 850 858 890 920 957 966 
262: 39 104 
263: 6 43 72 80 100 124 161 163 173 199 208 246 311 397 399 422 425 446 466 512 519 532 549 568 578 579 607 629 639 640 670 694 712 751 757 772 783 820 857 862 870 881 884 897 922 949 963 
264: 3 60 62 101 170 174 216 296 331 332 420 515 535 623 635 682 691 825 876 997 
265: 79 138 164 192 225 343 357 478 557 567 599 601 681 770 902 909 935 
266: 18 187 677 
267: 10 20 70 75 91 109 154 217 224 237 261 269 285 288 301 320 324 335 370 424 450 458 509 540 570 574 585 605 638 661 695 704 716 721 723 731 740 753 795 802 833 840 850 858 893 894 920 966 
268: 763 819 
269: 11 20 29 83 108 109 114 144 154 267 301 310 390 445 459 509 530 531 598 605 612 638 644 674 684 688 692 704 710 739 740 802 809 812 840 858 878 880 890 894 903 956 965 966 
270: 20 91 134 222 261 281 288 324 370 373 382 489 491 509 574 657 662 695 731 749 828 893 957 975 
271: 121 248 278 316 353 402 406 432 481 541 633 719 734 746 750 791 875 921 967 972 984 
272: 57 67 169 202 220 238 259 427 438 587 738 874 951 978 
273: 47 52 53 105 127 175 250 258 260 308 392 401 404 418 423 431 436 462 494 547 554 566 613 630 676 708 709 724 765 792 793 836 838 843 847 877 889 892 913 927 
274: 22 80 306 355 415 578 621 635 745 755 790 861 885 908 912 955 
275: 13 34 49 82 84 140 147 166 212 235 243 256 289 290 328 539 628 640 665 720 771 778 804 864 870 917 963 
276: 85 90 123 131 304 333 443 477 497 590 701 851 910 935 
277: 48 57 169 180 202 206 209 214 238 294 327 342 343 363 365 378 383 384 386 398 408 426 438 453 460 490 557 563 587 595 637 648 711 732 738 767 848 891 909 948 951 995 
278: 63 121 159 221 229 248 251 271 323 366 406 414 474 481 541 564 633 719 743 746 789 791 875 921 967 972 984 992 
279: 40 104 283 400 608 651 842 979 
280: 10 20 83 91 106 108 144 151 154 158 167 205 226 301 310 320 323 325 370 434 444 451 459 487 499 504 530 538 550 564 570 659 661 696 704 710 715 718 719 723 743 747 753 756 789 791 797 833 846 863 868 880 920 
281: 17 66 102 134 261 270 347 373 382 458 475 489 542 574 657 662 731 882 920 957 970 975 
282: 50 139 340 354 729 940 
283: 279 400 784 842 979 994 
284: 56 75 196 213 224 334 389 424 464 500 540 543 585 605 615 700 714 740 795 964 
285: 188 213 224 267 334 335 424 500 509 585 588 605 618 695 740 776 795 802 850 858 893 966 
286: 166 235 256 289 452 539 631 656 665 
287: 122 471 617 
288: 10 20 91 94 134 222 261 267 270 301 320 324 325 450 458 459 491 499 509 542 574 645 662 704 723 731 749 828 833 840 880 890 920 941 957 970 
289: 34 82 107 140 147 162 166 235 243 275 286 290 296 328 339 539 575 576 628 683 699 720 726 760 864 870 917 963 
290: 13 34 37 60 62 73 77 80 82 84 101 107 140 147 162 170 212 275 289 328 332 345 361 387 394 410 429 466 502 539 575 576 594 628 699 720 726 727 757 790 814 907 914 917 963 980 
291: 61 133 135 252 257 388 391 409 412 428 492 529 537 555 556 561 602 630 685 697 785 808 950 958 
292: 190 198 520 573 669 725 773 815 899 
293: 145 228 803 810 989 
294: 57 68 97 123 175 202 206 238 244 277 327 342 343 363 375 379 383 384 408 419 423 426 449 454 490 551 557 563 595 606 680 693 711 722 732 770 848 879 935 948 951 995 
295: 415 654 912 998 
296: 3 13 37 62 73 77 80 82 84 162 170 178 197 212 264 289 332 345 394 429 466 539 575 576 594 604 610 628 691 699 726 727 782 814 870 876 907 917 997 
297: 5 243 302 345 577 589 592 625 665 735 764 813 822 
298: 79 141 192 309 313 315 711 866 968 
299: 15 25 33 59 103 179 231 253 337 463 473 522 648 649 675 690 901 942 988 
300: 21 145 191 200 207 321 341 374 461 533 626 627 672 803 810 974 989 
301: 10 11 20 83 89 91 108 109 144 151 154 158 203 217 222 237 261 267 269 280 288 310 323 325 370 424 434 444 450 458 459 499 509 530 564 574 585 638 645 661 684 696 704 715 718 723 731 753 756 789 797 802 806 833 840 863 880 890 893 894 911 920 941 946 957 966 
302: 5 216 297 589 703 764 839 
303: 2 19 64 219 318 376 441 480 514 518 559 632 673 706 798 898 915 976 996 
304: 85 99 131 164 276 317 443 477 567 650 
305: 61 133 153 245 257 314 391 398 409 412 426 492 521 523 529 537 555 556 561 602 630 685 697 883 928 937 950 991 
306: 22 38 77 170 274 331 410 502 578 600 635 790 799 853 861 908 955 
307: 15 103 689 942 
308: 28 47 105 127 175 177 184 240 250 258 260 273 363 404 418 423 436 503 510 547 554 571 613 630 676 685 708 724 765 769 793 824 836 843 847 873 877 892 913 927 929 952 996 
309: 79 90 119 141 192 298 313 315 333 497 528 711 866 933 968 
310: 20 81 83 144 237 269 280 301 320 325 347 370 373 459 486 491 509 531 538 542 574 704 718 723 731 753 756 840 863 878 880 890 904 920 946 975 
311: 6 32 41 43 88 100 113 146 161 173 182 199 263 352 422 446 512 519 532 549 568 579 627 639 640 655 694 712 751 772 783 805 820 857 862 881 884 897 
312: 41 43 49 84 140 147 161 163 208 212 344 361 364 387 397 422 466 468 536 548 575 604 639 640 647 702 733 737 782 845 854 862 884 914 932 936 
313: 79 90 141 192 298 309 315 333 497 528 866 933 968 
314: 61 133 135 206 305 327 342 383 385 388 398 409 412 426 453 492 523 529 556 595 602 630 685 697 767 785 793 891 937 950 958 
315: 141 298 309 313 329 527 866 968 
316: 1 40 116 159 168 176 229 271 356 432 434 469 481 499 501 504 651 717 734 743 750 846 911 967 994 
317: 99 304 650 
318: 2 19 303 348 440 441 514 559 798 976 
319: 573 671 
320: 10 20 81 89 94 106 108 144 151 154 158 167 222 237 267 280 288 310 323 325 370 373 434 444 450 451 458 459 499 530 564 574 638 645 661 684 696 704 710 718 723 731 747 749 753 756 789 797 806 833 858 863 880 890 894 911 920 941 
321: 88 207 247 300 330 341 374 442 544 626 634 672 827 
322: 8 194 242 455 
323: 10 89 91 108 158 159 167 217 221 237 251 278 280 301 320 366 414 434 450 487 499 541 550 564 633 659 700 715 723 743 747 749 750 753 768 789 791 797 806 833 880 911 972 992 
324: 10 40 70 91 168 217 222 261 267 270 288 335 370 434 450 458 470 489 499 509 570 603 608 662 696 715 716 717 749 846 893 911 957 971 
325: 20 81 83 94 102 106 144 151 158 167 237 280 288 301 310 320 370 373 450 458 459 486 499 538 574 645 652 684 718 723 731 753 756 775 878 880 890 904 920 926 941 946 957 
326: 
327: 48 68 180 202 206 214 238 252 253 277 294 314 342 363 365 383 384 386 426 438 453 490 492 521 555 563 581 587 637 648 649 675 705 732 767 781 848 879 891 951 995 
328: 13 34 60 62 82 84 101 107 140 162 197 212 275 289 290 332 339 345 361 387 410 416 429 539 569 575 576 610 628 631 699 720 760 782 804 864 917 963 980 
329: 141 315 866 968 
330: 8 32 71 88 93 113 194 247 321 341 374 442 446 455 544 627 634 881 897 999 
331: 60 77 197 227 264 306 394 410 502 515 635 691 790 818 825 853 861 907 908 955 
332: 3 37 43 60 73 101 170 178 198 212 216 264 290 296 328 387 410 466 575 576 582 604 621 628 691 694 727 782 815 832 839 854 876 980 997 
333: 90 123 131 244 276 309 313 379 443 477 478 528 590 693 909 910 933 
334: 56 75 120 154 213 215 224 284 285 338 417 424 444 445 482 550 615 638 644 692 710 714 740 795 802 858 894 905 964 965 966 
335: 10 70 75 91 168 188 223 224 267 285 324 338 414 447 470 504 509 540 550 585 588 605 638 659 661 715 716 768 776 850 858 893 981 
336: 87 167 349 616 842 872 
337: 25 59 225 231 253 299 343 365 375 376 381 384 419 473 545 599 601 637 649 687 690 705 722 732 767 770 781 848 898 902 948 988 995 
338: 56 196 213 215 224 334 335 389 424 464 482 500 540 543 585 588 605 615 618 638 714 740 795 802 945 964 966 
339: 13 37 82 193 235 289 328 416 569 631 683 720 728 
340: 50 233 282 558 729 940 
341: 24 113 194 199 200 300 321 330 374 446 455 461 544 568 626 627 672 820 881 897 982 
342: 28 48 61 68 127 169 175 177 180 202 206 209 214 250 277 294 314 327 378 383 404 408 426 454 460 492 555 561 563 571 595 613 630 724 777 785 793 838 843 847 877 889 891 913 948 951 
343: 180 202 206 214 225 238 244 253 265 277 294 337 365 375 378 383 419 460 463 490 581 601 637 648 649 705 711 732 767 770 781 848 879 902 909 934 948 995 
344: 41 49 163 173 312 350 352 364 422 468 536 647 712 733 744 758 807 869 914 936 
345: 60 62 73 84 101 147 178 212 290 296 297 328 361 387 468 539 575 604 610 727 760 782 804 813 814 876 907 914 
346: 108 115 221 251 372 414 417 435 444 447 457 487 591 593 644 660 700 713 714 719 739 740 741 762 806 964 992 
347: 17 20 106 281 310 458 486 538 542 574 645 666 704 731 752 863 878 882 904 920 941 957 
348: 318 440 514 798 
349: 87 94 102 336 451 542 652 775 842 872 941 970 
350: 32 344 352 430 758 807 860 869 943 953 
351: 196 223 389 437 464 507 543 593 829 831 844 944 981 
352: 41 147 161 163 173 199 311 344 350 397 422 446 468 519 536 548 579 639 640 643 655 702 712 733 744 857 862 869 914 
353: 63 226 248 271 366 372 396 433 485 487 541 633 678 747 791 794 797 826 868 992 
354: 139 191 200 282 393 729 900 
355: 227 274 415 552 745 755 861 
356: 1 16 40 70 116 159 168 176 223 229 316 434 469 470 481 501 504 570 608 651 715 716 717 734 743 759 784 796 911 921 967 973 
357: 138 164 230 265 545 567 599 770 
358: 130 211 256 452 472 476 771 986 990 
359: 191 626 663 
360: 9 69 110 117 129 136 156 183 185 201 399 425 511 761 859 916 954 
361: 3 5 60 62 84 101 147 178 198 216 290 312 328 345 364 387 394 539 575 576 610 628 727 760 782 813 814 832 839 876 907 914 980 
362: 76 126 137 
363: 48 68 127 175 180 244 277 294 308 327 379 384 404 408 423 426 460 503 510 516 518 521 551 554 571 581 595 613 630 637 681 711 724 732 765 767 769 843 847 848 877 891 909 913 934 951 996 
364: 41 92 178 198 312 344 361 422 468 525 536 647 703 727 733 737 744 758 839 845 854 914 
365: 25 180 202 206 225 231 238 277 327 337 343 375 381 384 386 419 426 460 521 563 581 637 649 675 711 732 767 781 879 902 909 948 995 
366: 89 121 158 204 226 278 323 353 372 432 487 541 564 633 719 747 797 868 972 992 
367: 7 205 413 508 517 619 736 754 780 837 878 
368: 
369: 179 232 849 991 
370: 10 20 70 89 91 94 108 151 167 217 237 261 267 270 280 301 310 320 324 325 373 434 450 451 458 491 499 504 564 570 574 588 638 645 661 696 704 715 716 723 731 743 749 753 789 797 833 846 858 880 893 911 920 941 946 957 966 
371: 
372: 78 89 204 226 248 346 353 366 396 433 485 487 530 591 598 713 719 747 797 806 826 868 888 972 992 
373: 20 83 106 134 270 281 310 320 325 370 458 459 486 491 542 574 645 662 704 723 752 828 863 890 904 941 957 970 975 
374: 21 88 93 113 207 247 300 321 330 341 442 544 626 634 655 672 827 897 
375: 48 59 64 68 85 123 214 225 253 260 294 337 343 365 376 378 384 419 460 478 480 503 516 518 551 563 581 595 601 613 632 637 649 673 675 681 693 705 706 722 724 732 767 769 770 848 898 915 934 948 993 996 
376: 2 33 64 153 219 231 303 337 375 395 473 513 514 518 581 601 632 649 673 687 690 705 706 732 767 848 898 901 
377: 122 250 431 496 510 534 777 821 838 847 895 918 983 987 
378: 64 68 123 175 177 180 202 206 209 244 253 277 342 343 375 384 408 419 426 460 478 503 518 521 551 555 563 581 595 601 606 613 637 675 681 705 706 722 724 732 765 767 848 891 909 913 915 934 935 948 995 
379: 98 119 123 177 209 244 294 333 363 404 423 449 454 477 528 590 606 679 681 686 701 711 738 765 769 777 792 836 852 877 889 933 977 
380: 796 
381: 25 103 179 232 245 253 337 365 384 386 426 492 521 522 555 648 649 675 687 705 706 767 848 937 
382: 195 261 270 281 475 489 657 677 695 828 
383: 48 206 238 277 294 314 327 342 343 386 398 408 423 426 438 453 460 490 492 521 555 563 581 587 637 648 705 732 738 767 848 879 891 951 995 
384: 33 59 64 68 153 206 219 225 231 253 257 277 294 327 337 363 365 375 378 381 412 419 426 460 492 503 516 518 551 555 563 601 613 637 648 649 675 681 687 693 705 706 722 724 732 767 769 770 891 898 909 929 934 937 948 950 996 
385: 61 133 135 143 252 257 314 398 505 529 883 958 
386: 112 150 180 202 238 257 277 327 365 381 383 398 426 438 490 521 522 587 637 648 649 705 732 781 848 879 978 995 
387: 43 49 60 62 73 80 84 101 147 162 163 178 290 312 328 332 345 361 397 410 422 466 536 575 582 604 610 621 628 694 702 727 748 782 814 815 832 845 854 876 914 932 980 997 
388: 61 245 291 314 391 407 428 471 523 524 537 556 561 602 685 808 896 928 950 
389: 31 56 120 171 196 213 284 338 351 464 543 593 615 700 762 829 945 
390: 11 20 83 109 144 154 203 255 269 444 445 531 605 612 644 688 692 710 739 812 840 890 894 905 956 965 
391: 153 245 291 305 388 409 412 428 492 523 537 685 697 808 896 928 929 931 
392: 28 47 48 68 98 105 122 177 206 209 273 401 404 412 423 431 462 492 494 510 554 555 571 595 613 630 685 708 724 785 793 836 843 847 877 891 913 983 
393: 139 191 218 354 729 900 
394: 3 22 37 43 60 62 77 80 101 162 170 178 198 290 296 331 361 410 466 575 604 621 628 635 694 748 757 814 815 854 870 876 884 907 
395: 33 59 64 111 153 219 253 376 409 412 480 492 513 555 556 581 673 675 685 687 767 896 928 929 931 937 950 
396: 12 63 249 353 372 433 485 591 597 660 678 826 984 
397: 24 41 49 62 73 100 140 146 147 161 163 212 263 312 352 387 422 446 466 468 519 536 548 579 639 643 694 702 712 751 757 760 782 783 854 857 862 864 881 884 917 963 
398: 133 135 150 245 257 277 305 314 383 385 386 426 453 521 529 537 555 697 891 937 958 
399: 6 69 72 110 124 128 129 136 146 161 182 185 201 263 360 425 512 532 549 607 614 751 772 820 835 859 884 885 922 949 
400: 39 104 279 283 608 973 979 
401: 28 52 111 127 250 258 260 273 392 409 428 431 436 516 547 554 571 602 613 630 709 913 929 947 950 983 
402: 121 229 271 432 481 501 750 759 784 796 875 921 967 994 
403: 188 196 437 776 938 981 
404: 28 53 68 98 105 127 175 209 273 308 342 363 379 392 423 431 454 494 510 554 571 606 630 679 686 724 765 777 792 836 843 852 892 913 987 
405: 742 
406: 63 125 221 249 271 278 479 660 678 746 791 972 984 992 
407: 36 388 428 523 524 
408: 48 67 68 97 169 180 202 206 209 238 277 294 342 363 378 383 426 453 460 490 521 557 563 595 637 680 711 738 848 891 951 987 995 
409: 47 48 127 175 206 250 260 291 305 314 391 395 401 418 436 480 492 516 537 554 555 556 563 581 595 602 613 630 697 708 724 767 785 793 824 843 896 913 929 931 950 996 
410: 3 22 34 37 38 43 60 73 77 82 162 170 212 290 306 328 331 332 387 394 429 466 502 578 594 604 628 635 699 720 757 790 861 908 955 963 
411: 686 852 977 
412: 48 64 127 153 206 253 291 305 314 384 391 392 395 418 426 480 516 521 529 555 563 571 581 595 613 630 675 685 697 706 708 724 767 785 896 928 929 931 937 950 996 
413: 210 367 736 779 
414: 10 16 70 89 108 116 159 168 217 221 251 278 323 335 346 447 467 474 487 504 550 564 585 593 618 659 660 696 700 715 716 719 743 753 791 797 911 944 972 992 
415: 274 295 355 654 745 912 998 
416: 34 82 107 189 193 328 339 461 493 569 580 699 720 726 728 864 865 917 963 974 
417: 56 120 172 215 334 346 435 444 447 467 482 550 586 591 653 714 739 740 741 905 945 964 965 
418: 26 28 105 127 155 175 177 240 250 258 260 273 308 409 412 431 436 462 516 547 554 563 571 595 613 630 685 708 724 793 824 843 847 873 877 892 927 947 950 952 996 
419: 59 64 68 164 206 214 225 231 244 294 337 343 365 375 378 384 460 463 473 503 518 551 563 581 601 632 637 649 675 681 693 705 706 724 767 769 879 898 915 948 
420: 174 264 515 535 623 818 825 
421: 804 825 
422: 43 49 62 73 100 140 146 147 161 163 173 208 212 263 311 312 344 352 364 387 397 465 466 512 519 536 549 575 579 582 604 640 643 694 702 712 757 782 845 854 881 884 914 932 936 
423: 47 68 98 105 127 175 177 206 209 214 273 294 308 363 379 383 392 404 426 454 460 503 510 516 554 561 563 571 595 606 613 630 708 724 769 777 785 836 838 843 877 909 927 934 987 
424: 10 46 70 75 91 154 203 213 215 217 224 261 267 284 285 301 334 338 447 458 491 509 540 550 570 585 588 605 618 659 696 700 710 714 715 721 740 749 795 802 806 833 858 880 894 944 957 966 
425: 32 69 110 129 136 161 173 182 199 201 208 263 360 399 512 519 532 549 607 614 643 712 751 772 788 805 820 835 859 
426: 48 68 133 180 202 206 214 238 252 253 257 277 294 305 314 327 342 363 365 378 381 383 384 386 398 408 412 423 460 490 492 516 521 529 537 555 556 561 563 581 595 613 630 637 649 675 685 705 732 767 848 891 937 948 950 951 958 
427: 57 169 220 259 272 584 874 
428: 122 291 388 391 401 407 431 471 523 602 709 785 793 838 983 
429: 13 14 22 34 37 38 77 80 82 162 197 227 246 290 296 328 410 502 565 569 575 578 583 594 600 628 629 670 699 720 757 790 864 870 963 
430: 350 658 758 807 856 860 919 943 
431: 28 47 105 122 127 177 273 377 392 401 404 418 428 462 494 510 554 560 561 571 630 709 785 793 824 838 847 867 877 913 927 983 
432: 87 121 229 271 316 366 402 481 499 541 564 616 633 651 734 747 750 791 967 972 994 
433: 12 29 78 114 204 226 353 372 396 485 487 591 713 826 
434: 1 10 70 89 91 94 159 167 176 217 222 280 301 316 320 323 324 356 370 450 451 481 504 570 651 696 715 717 734 743 749 750 753 759 789 833 842 846 880 911 
435: 115 120 346 417 447 457 482 615 714 762 945 964 
436: 19 26 47 64 68 85 127 155 240 258 260 273 308 401 409 418 441 480 503 516 518 547 551 554 559 563 571 613 724 765 769 824 834 873 892 915 923 929 934 947 952 993 996 
437: 188 196 351 403 464 507 543 938 981 
438: 57 112 150 180 259 272 277 327 383 386 587 648 781 978 995 
439: 14 22 34 72 77 124 128 233 246 493 558 565 578 580 600 629 670 720 757 790 853 865 922 949 
440: 19 318 348 483 559 636 798 976 
441: 2 19 26 51 64 155 260 303 318 436 480 514 518 708 798 834 873 952 976 996 
442: 8 71 88 93 113 194 321 330 374 544 634 655 827 999 
443: 85 90 119 123 164 244 276 304 333 477 478 497 590 606 681 693 701 722 769 910 993 
444: 11 20 29 109 114 144 151 154 172 203 280 301 320 334 346 390 417 487 530 531 550 591 605 612 638 644 653 659 661 674 684 704 718 723 739 740 802 806 812 868 880 945 956 964 965 966 
445: 11 20 109 154 203 215 269 334 390 605 638 644 688 692 704 721 840 858 903 905 
446: 6 24 32 41 88 113 146 163 173 182 194 199 263 311 330 341 352 397 519 549 568 627 634 639 640 655 712 805 820 857 862 881 897 936 
447: 56 108 109 115 120 172 203 213 215 221 224 251 335 346 414 417 424 435 457 482 550 593 605 615 638 661 700 710 714 739 768 802 806 858 894 905 945 964 965 
448: 259 
449: 67 119 209 244 294 379 454 497 528 590 679 680 711 738 777 889 933 968 977 987 
450: 10 40 70 81 91 94 159 222 229 237 267 288 301 320 323 324 325 370 434 451 491 499 504 564 570 645 651 661 696 715 716 717 723 731 749 753 797 833 842 846 872 880 893 920 941 946 970 
451: 40 81 89 91 94 167 217 222 229 280 320 349 370 434 450 499 542 645 651 662 696 723 749 753 797 833 842 846 872 880 946 957 970 
452: 82 107 207 243 256 286 358 631 640 656 665 771 778 864 963 986 
453: 57 133 135 169 180 202 238 252 277 314 327 383 398 408 534 537 587 883 891 958 
454: 57 67 98 119 132 169 175 209 294 342 379 404 423 449 528 596 680 738 777 847 877 889 977 987 
455: 8 194 242 322 330 341 607 614 897 982 
456: 55 242 614 742 788 
457: 31 56 120 171 346 435 447 464 467 482 543 550 585 593 618 659 714 762 768 829 844 945 
458: 10 11 83 144 151 203 217 222 237 261 267 281 288 301 320 324 325 347 370 373 424 491 509 538 542 645 662 704 723 749 753 833 840 858 863 880 890 894 966 975 
459: 20 81 83 106 151 186 203 205 269 280 288 301 310 320 325 373 486 508 530 531 538 542 574 645 684 704 718 723 731 753 754 880 890 904 920 941 946 957 
460: 48 59 64 123 175 180 206 209 214 225 231 244 253 277 342 343 363 365 375 378 383 384 408 419 423 426 503 516 518 521 551 555 556 563 581 595 630 648 649 675 681 685 693 705 706 732 765 769 770 891 909 913 934 935 995 996 
461: 21 24 34 107 200 300 341 416 493 565 568 583 627 670 720 778 783 803 810 857 864 865 870 900 963 974 
462: 28 47 52 105 240 258 273 392 418 431 554 560 709 785 793 824 843 913 927 983 
463: 25 138 231 299 343 419 473 545 599 648 649 687 690 770 786 988 
464: 56 120 196 213 224 284 338 351 389 437 457 500 543 615 700 795 
465: 23 69 178 185 190 198 422 466 511 536 548 582 604 621 702 737 748 845 854 932 
466: 6 34 43 49 62 77 80 100 129 146 161 162 163 173 178 208 212 263 290 296 312 332 387 394 397 410 422 465 519 532 548 549 578 579 582 594 604 621 639 702 712 748 751 757 782 790 814 854 862 870 876 884 907 914 949 
467: 56 63 108 120 221 251 414 417 457 487 550 591 593 659 678 700 714 719 740 762 768 791 806 992 
468: 41 84 147 256 312 344 345 352 364 397 472 592 640 733 744 760 782 914 986 990 
469: 16 116 118 168 229 316 356 501 504 608 609 651 715 717 784 796 921 967 973 
470: 1 18 70 91 118 168 217 223 324 335 356 507 570 585 588 603 608 609 618 715 716 717 743 768 776 816 823 850 944 971 
471: 122 287 388 428 523 617 
472: 130 211 256 358 468 476 986 990 
473: 2 25 59 64 103 231 299 337 376 419 463 480 513 581 673 675 687 690 705 706 732 767 848 898 937 
474: 16 125 159 176 221 251 278 414 593 660 743 746 831 844 921 
475: 255 281 382 657 752 828 882 975 
476: 54 93 358 472 562 634 744 869 990 
477: 85 119 123 131 184 244 276 304 333 379 443 478 497 590 606 679 681 686 693 701 792 851 910 923 933 993 
478: 26 68 85 123 131 184 225 244 265 333 375 378 443 477 503 518 551 559 606 679 681 693 701 769 873 909 910 915 923 935 993 
479: 31 63 74 125 171 406 495 660 678 762 829 831 
480: 2 33 59 64 153 219 253 303 375 395 409 412 436 441 473 514 518 556 673 675 687 706 767 931 947 950 976 996 
481: 1 121 159 229 271 278 316 356 402 432 434 499 541 633 651 750 759 911 921 967 
482: 56 115 120 213 215 334 338 417 435 447 457 500 605 615 714 740 802 945 964 965 
483: 19 440 636 
484: 
485: 12 63 78 221 226 248 249 353 372 396 433 487 591 678 719 794 826 972 984 992 
486: 83 102 106 186 310 325 347 373 459 542 752 775 863 878 882 904 926 
487: 29 78 89 108 151 158 204 221 226 248 280 323 346 353 366 372 414 433 444 467 485 530 550 591 598 659 684 713 718 719 739 747 756 791 797 806 868 880 972 
488: 9 552 916 
489: 18 66 261 270 281 324 382 662 677 971 
490: 112 180 202 214 238 277 294 327 343 383 386 408 426 521 557 587 637 648 711 738 781 848 879 891 902 951 978 995 
491: 10 11 20 91 203 217 222 237 261 270 288 310 370 373 424 450 458 509 542 574 638 662 695 704 721 731 749 828 833 840 850 858 880 890 893 894 920 957 975 
492: 48 61 133 206 245 252 253 257 291 305 314 327 342 381 383 384 391 392 395 409 426 516 521 529 555 556 561 563 581 602 613 630 675 685 697 705 706 732 785 793 891 896 929 931 937 950 996 
493: 82 145 189 193 416 439 461 569 580 583 699 720 864 865 900 989 
494: 28 47 53 98 127 175 177 184 239 250 258 273 392 404 431 560 566 646 676 686 708 765 792 836 843 847 852 867 877 889 892 913 923 
495: 479 985 
496: 122 377 763 821 887 895 918 
497: 90 119 123 131 164 192 276 309 313 443 449 477 528 590 606 679 680 686 701 711 910 933 
498: 774 
499: 40 70 81 89 91 94 158 159 167 217 222 229 237 280 288 301 316 320 323 324 325 370 432 450 451 481 504 651 696 716 717 723 734 743 749 750 789 842 846 872 880 911 941 957 
500: 75 76 213 215 224 284 285 338 464 482 540 543 605 615 740 795 
501: 1 116 159 176 229 316 356 402 469 608 651 717 734 750 759 784 796 921 967 973 
502: 13 37 77 162 170 197 227 290 306 331 410 429 515 583 600 699 790 799 825 853 861 908 
503: 64 131 184 206 209 214 219 225 244 260 308 363 375 378 384 419 423 436 460 478 516 518 547 551 554 559 563 601 606 613 681 693 701 708 722 724 732 765 769 848 898 913 934 952 993 996 
504: 10 70 89 91 108 159 176 217 221 229 251 280 316 335 356 370 414 434 450 469 499 564 570 585 588 651 659 696 700 715 717 719 734 743 749 750 753 759 768 789 791 806 833 846 911 921 944 992 
505: 133 143 385 886 
506: 7 186 517 546 619 622 641 780 906 
507: 0 188 223 351 437 470 603 609 618 823 844 944 981 
508: 29 83 144 151 186 226 367 459 517 530 538 598 619 641 645 684 718 736 754 756 837 863 868 878 904 946 
509: 10 11 20 46 75 109 154 203 217 224 237 261 267 269 270 285 288 301 310 324 335 424 458 491 540 570 574 585 588 605 638 661 696 704 710 721 723 731 753 795 802 828 833 840 858 890 893 894 920 957 966 
510: 28 105 127 175 209 250 308 363 377 392 404 423 431 571 630 686 765 785 792 838 843 867 889 892 927 987 
511: 6 69 110 117 129 156 161 173 183 185 201 360 465 519 536 658 702 758 807 835 860 862 
512: 6 43 69 72 100 110 124 128 129 146 161 163 182 199 201 208 263 311 399 422 425 519 532 549 578 582 607 629 639 643 712 751 757 772 805 820 835 859 862 881 884 885 922 936 949 
513: 2 33 59 64 153 219 253 376 395 473 516 673 675 706 901 928 929 937 
514: 2 219 303 318 348 376 441 480 673 690 798 976 
515: 38 142 197 264 331 420 502 818 825 
516: 47 48 68 153 175 206 253 260 363 375 384 401 409 412 418 423 426 436 460 492 503 513 518 547 551 556 563 571 581 595 602 613 630 675 685 705 706 732 767 793 896 929 934 950 952 
517: 7 106 204 205 367 506 508 619 622 652 736 780 837 863 878 904 906 
518: 26 59 64 85 123 206 225 231 253 260 303 363 375 376 378 384 419 436 441 460 478 480 503 516 551 559 563 581 595 601 606 613 632 673 675 681 705 706 708 722 765 767 769 770 848 873 898 909 913 915 934 935 948 952 993 
519: 6 24 32 43 69 72 100 124 129 146 156 161 163 173 182 199 201 263 311 352 397 422 425 446 466 511 512 532 549 568 579 607 639 643 670 694 712 751 757 772 783 805 820 835 862 881 884 922 936 949 
520: 174 198 216 292 535 669 682 773 815 899 
521: 133 180 202 206 214 238 252 253 305 327 363 365 378 381 383 386 398 408 412 426 460 490 492 522 529 537 555 556 595 630 637 648 649 675 732 767 848 883 891 937 948 951 958 
522: 15 59 103 179 232 245 252 253 299 381 386 521 649 687 705 706 767 937 942 988 991 
523: 61 305 314 388 391 407 428 471 529 537 808 
524: 36 388 407 808 928 
525: 92 364 647 703 733 737 744 787 
526: 
527: 315 
528: 90 119 141 244 309 313 333 379 449 454 497 590 606 679 680 711 738 777 909 933 968 
529: 61 133 135 245 252 257 291 305 314 385 398 412 426 492 521 523 537 556 561 602 685 697 958 
530: 29 78 83 89 106 108 144 154 158 186 204 205 237 269 280 301 320 372 444 459 487 508 538 619 641 645 684 704 710 713 723 739 747 756 780 797 812 837 868 878 880 904 
531: 11 20 83 144 203 269 310 390 444 459 538 612 638 692 704 710 739 812 890 894 903 956 965 
532: 14 22 43 69 72 100 124 128 129 136 146 156 161 163 173 182 208 263 311 399 425 466 512 519 565 568 579 594 607 614 629 639 643 670 712 751 755 757 772 820 835 859 881 884 885 949 
533: 300 626 672 803 810 
534: 169 377 453 596 821 886 
535: 174 264 420 520 669 682 815 997 
536: 41 43 49 100 161 163 173 178 198 312 344 352 364 387 397 422 465 511 548 582 604 639 694 702 712 748 758 839 845 854 862 914 936 
537: 48 61 133 135 245 252 257 291 305 388 391 398 409 426 453 521 523 529 556 561 630 685 785 793 883 891 937 950 958 
538: 29 81 83 106 144 151 158 186 205 237 280 310 325 347 458 459 508 530 531 574 598 641 652 684 704 723 731 736 753 754 756 775 863 890 904 926 941 957 
539: 13 37 49 84 140 147 166 235 256 275 286 289 290 296 328 345 361 576 610 631 720 726 760 771 778 782 804 963 986 
540: 18 46 75 188 195 213 215 224 267 284 335 338 424 500 509 585 638 661 695 721 740 776 858 893 
541: 121 248 271 278 323 353 366 432 481 633 719 791 972 992 
542: 17 66 94 102 237 261 281 288 310 347 349 373 451 458 459 486 491 574 645 662 723 731 775 882 941 970 975 
543: 120 196 213 224 284 338 351 389 437 457 464 500 615 618 
544: 8 32 71 88 93 113 194 199 247 321 330 341 374 442 627 634 655 869 953 999 
545: 138 231 337 357 463 599 632 898 
546: 7 506 926 
547: 19 26 47 127 155 241 260 273 308 401 418 436 503 516 554 559 646 708 724 834 873 913 915 923 952 976 
548: 41 43 49 73 100 129 161 163 173 178 198 208 312 352 397 465 466 536 575 582 604 639 647 694 702 737 748 758 839 845 854 884 914 936 
549: 43 72 80 100 110 124 128 129 136 146 156 173 201 263 311 399 422 425 446 466 512 519 578 579 582 594 607 639 643 670 702 755 757 805 820 859 862 881 884 885 922 936 949 
550: 10 56 108 109 120 215 217 251 280 323 334 335 414 417 424 444 447 457 467 487 564 585 593 638 659 696 710 739 740 743 768 789 791 802 806 880 945 964 992 
551: 26 48 64 68 85 177 206 209 219 225 244 294 363 375 378 384 419 436 460 478 503 516 518 559 563 581 595 601 675 681 693 701 706 708 722 724 732 765 769 770 848 873 898 909 913 915 948 952 993 996 
552: 9 72 86 136 355 488 745 755 859 885 916 
553: 27 52 157 
554: 26 47 68 98 105 127 184 240 250 258 260 273 308 363 392 401 404 409 418 423 431 436 462 503 547 563 571 595 613 630 676 708 709 724 765 769 793 824 836 838 843 847 877 892 896 927 929 952 996 
555: 48 61 68 133 153 214 245 252 253 291 305 327 342 378 381 383 384 392 395 398 409 412 426 460 492 521 556 561 563 571 581 595 602 613 630 649 675 697 705 732 767 793 848 891 896 931 937 950 996 
556: 48 61 64 153 206 245 257 291 305 314 388 395 409 426 460 480 492 516 521 529 537 555 561 563 571 581 613 675 685 697 705 706 793 896 928 929 937 996 
557: 57 79 180 214 244 265 277 294 408 490 587 648 711 738 770 781 848 866 879 902 909 924 948 951 995 
558: 14 128 233 246 340 439 565 600 629 729 799 940 
559: 19 85 184 219 260 303 318 436 440 478 503 518 547 551 681 708 769 798 873 915 934 947 952 976 993 996 
560: 27 28 52 105 157 239 250 431 462 494 709 819 927 983 
561: 48 61 122 206 252 291 305 342 388 423 426 431 492 529 537 555 556 571 581 602 613 685 697 785 793 838 843 847 896 929 950 
562: 54 71 93 476 744 869 953 990 
563: 48 123 127 175 180 206 209 214 225 244 253 260 277 294 327 342 365 375 378 383 384 408 409 412 418 419 423 426 436 460 492 503 516 518 551 554 555 556 571 581 595 606 630 637 675 681 685 693 706 708 769 843 847 877 913 915 929 934 950 996 
564: 10 70 89 91 108 151 158 159 167 221 237 251 278 280 301 320 323 366 370 414 432 450 504 550 570 633 645 659 696 716 719 723 743 747 749 750 753 768 789 797 911 946 972 992 
565: 14 77 124 128 146 182 233 246 429 439 461 532 558 568 578 594 600 629 699 751 757 790 820 870 900 949 
566: 52 53 148 157 239 240 241 258 273 494 620 646 676 811 923 
567: 131 164 265 304 357 722 910 
568: 6 24 100 113 124 146 161 163 173 182 208 246 263 311 341 446 461 519 532 565 627 629 639 643 670 712 751 757 772 783 805 820 862 881 884 922 949 
569: 37 38 82 189 193 197 328 339 416 429 493 580 683 699 720 726 728 
570: 40 70 91 116 159 168 217 222 223 229 251 267 280 324 356 370 424 434 450 470 504 509 564 585 588 618 651 659 715 716 717 734 743 753 759 789 806 833 850 880 893 911 944 966 
571: 47 48 61 68 127 175 177 206 209 250 308 342 363 392 401 404 412 418 423 431 436 510 516 554 555 556 561 563 595 602 613 709 724 765 793 843 847 877 896 913 929 950 983 
572: 573 725 
573: 23 190 292 319 572 671 
574: 10 11 20 83 134 144 151 203 237 261 267 270 281 288 301 310 320 325 347 370 373 459 491 509 538 542 645 661 662 704 721 723 731 749 753 828 858 863 880 882 890 920 941 957 970 
575: 24 37 43 62 73 77 80 84 101 107 140 146 162 163 289 290 296 312 328 332 345 361 387 394 422 429 548 578 579 582 594 604 639 640 694 702 712 720 726 727 757 760 783 857 907 917 936 949 
576: 5 13 49 60 62 82 84 101 107 162 212 243 289 290 296 328 332 361 539 610 628 720 726 727 760 771 782 804 814 832 864 914 963 
577: 130 211 243 297 592 665 986 
578: 14 22 34 43 72 77 80 100 124 128 146 162 163 182 227 246 263 274 306 410 429 439 466 512 549 565 575 600 751 790 805 853 861 862 884 885 949 955 
579: 24 34 49 100 113 124 140 146 161 163 173 182 208 263 311 352 397 422 466 519 532 549 575 594 607 627 639 643 670 712 751 757 805 820 857 862 864 881 884 897 914 922 936 949 963 
580: 34 189 193 416 439 493 569 583 683 699 720 726 783 864 865 900 963 
581: 48 59 68 153 225 257 327 343 363 365 375 376 378 383 395 409 412 419 426 460 473 492 516 518 551 555 556 561 563 601 613 630 637 648 649 675 685 687 706 724 732 767 848 931 934 995 996 
582: 23 43 62 69 73 80 100 129 146 161 173 178 198 332 387 422 465 466 512 536 548 549 575 604 621 639 694 702 712 748 751 757 814 845 854 862 876 884 907 914 932 936 
583: 14 22 34 77 128 162 233 246 429 461 493 502 580 594 629 683 699 720 726 757 865 870 900 949 974 
584: 220 259 427 
585: 10 70 75 91 109 154 168 213 215 224 251 267 284 285 301 335 338 414 424 457 470 504 509 540 550 570 588 618 638 659 661 696 700 714 716 743 749 776 789 795 806 833 850 858 880 911 944 966 
586: 4 115 149 172 417 591 597 741 
587: 57 112 180 220 272 277 327 383 386 438 453 490 557 637 648 781 874 879 891 951 978 995 
588: 10 75 91 168 188 213 223 224 285 335 338 370 424 470 504 509 570 585 618 638 659 661 696 700 716 740 743 768 776 789 833 850 858 893 966 981 
589: 5 297 302 703 764 
590: 119 123 131 244 276 333 379 443 449 477 497 528 606 679 693 701 852 909 910 933 935 
591: 12 78 114 115 172 346 372 396 417 433 444 467 485 487 586 598 713 739 741 826 868 
592: 211 297 468 577 733 744 760 764 986 
593: 16 56 116 125 171 251 346 351 389 414 447 457 467 474 550 618 659 660 700 714 743 762 768 829 831 844 944 
594: 14 34 62 72 100 124 146 163 182 208 227 246 290 296 410 429 466 532 549 565 575 579 583 604 628 670 694 699 720 726 751 782 790 805 853 862 864 870 884 907 922 949 963 
595: 47 48 64 68 175 177 206 214 253 277 294 314 342 363 375 378 392 408 409 412 418 423 426 460 516 518 521 551 554 555 563 571 613 630 637 681 693 706 708 724 732 765 769 785 843 847 848 877 891 909 913 929 934 950 996 
596: 57 67 97 132 169 220 454 534 680 738 777 874 987 
597: 4 149 249 396 586 741 
598: 29 83 108 114 151 154 205 226 269 372 487 508 538 591 612 704 710 718 739 754 756 812 837 868 878 956 
599: 138 164 230 265 337 357 463 545 707 770 786 902 
600: 14 22 77 80 197 227 233 306 429 439 502 558 565 578 629 699 799 861 908 955 
601: 33 59 64 206 214 225 231 253 265 337 343 375 376 378 384 419 503 518 551 581 632 649 673 675 681 705 706 724 732 767 769 898 934 996 
602: 61 111 153 291 305 314 388 401 409 428 492 516 529 555 561 571 613 630 685 697 785 793 824 838 896 928 929 950 
603: 18 39 70 118 168 188 223 324 470 507 608 609 716 717 776 816 823 944 971 973 981 
604: 60 62 73 77 80 84 162 163 178 198 296 312 332 345 387 394 410 422 465 466 536 548 575 582 594 610 628 694 702 727 782 790 814 832 839 845 854 876 914 932 936 
605: 11 56 109 120 154 203 213 215 224 267 269 284 285 335 338 390 424 444 445 447 482 500 509 638 644 661 692 700 704 710 714 795 802 806 840 858 894 905 945 965 966 
606: 68 85 90 123 131 175 177 184 209 244 294 378 379 404 423 443 477 478 497 503 518 528 563 590 676 679 686 693 722 724 765 769 792 852 877 889 910 913 923 934 935 993 
607: 6 32 100 124 128 146 161 173 199 263 399 425 455 512 519 532 549 579 627 712 805 820 862 881 897 922 949 982 
608: 39 70 118 279 324 356 400 469 470 501 603 609 651 716 846 971 973 
609: 0 118 188 223 469 470 507 603 608 717 816 823 944 971 973 981 
610: 3 5 60 62 73 84 101 147 178 212 216 296 328 345 361 387 539 576 604 628 691 727 760 782 813 814 907 980 997 
611: 698 
612: 11 20 29 83 109 114 144 203 269 390 444 531 598 674 684 688 704 710 718 739 779 809 812 878 890 894 903 956 
613: 28 47 48 64 68 153 175 206 209 214 250 260 273 308 342 363 375 378 384 392 401 409 412 418 423 426 436 492 503 516 518 554 555 556 561 571 581 595 602 630 675 685 693 706 724 765 767 769 785 793 824 838 847 848 877 896 929 934 948 950 996 
614: 50 110 124 182 242 399 425 455 456 532 643 742 772 805 820 835 881 897 982 
615: 56 76 120 213 215 284 334 338 389 435 447 464 482 500 543 740 945 
616: 87 121 336 432 633 994 
617: 287 471 886 
618: 10 70 91 168 188 213 223 224 251 285 338 414 424 457 470 507 543 570 585 588 593 659 715 717 743 768 776 789 844 850 944 966 981 
619: 158 186 204 205 226 367 506 508 517 530 622 652 747 754 756 780 837 868 888 906 946 
620: 53 148 239 566 867 
621: 3 23 62 73 178 190 274 332 387 394 465 466 582 635 669 748 815 845 876 899 907 912 932 
622: 87 106 186 205 506 517 619 641 652 780 904 906 
623: 174 264 420 691 813 818 
624: 30 817 
625: 297 735 822 
626: 191 300 321 341 359 374 533 663 672 810 827 
627: 21 24 88 107 199 207 247 300 311 330 341 446 461 544 568 579 607 639 670 672 778 783 820 857 881 897 963 974 
628: 13 34 43 62 77 80 82 84 107 140 147 162 170 197 212 275 289 290 296 328 332 361 387 394 410 429 576 594 604 610 699 720 726 757 760 804 814 864 870 917 963 980 
629: 14 22 34 72 80 100 124 146 182 208 227 246 263 429 439 512 532 558 565 568 583 600 751 755 790 805 820 859 862 870 884 885 922 949 
630: 47 61 105 122 127 175 177 206 250 273 291 305 308 314 342 363 392 401 404 409 412 418 423 426 431 460 492 510 516 521 537 554 555 563 581 595 602 613 685 697 709 785 793 838 843 877 891 896 929 950 
631: 107 140 147 166 235 243 256 286 328 339 452 539 665 720 760 771 778 804 917 
632: 138 225 231 303 375 376 419 518 545 601 673 690 722 770 915 
633: 87 89 121 158 229 248 271 278 323 353 366 432 481 541 564 616 719 747 750 791 797 888 992 
634: 21 24 88 93 113 207 247 321 330 374 442 446 476 544 655 672 778 827 897 990 
635: 3 44 62 227 264 274 306 331 394 410 621 669 790 818 861 899 908 955 997 
636: 99 440 483 
637: 48 202 206 238 277 327 337 343 363 365 375 378 383 384 386 408 419 426 490 521 563 581 587 595 648 649 705 711 722 732 738 767 770 781 891 909 951 995 
638: 10 11 20 46 75 108 154 213 215 224 267 269 301 320 334 335 338 370 444 445 447 491 509 531 540 550 585 588 605 644 659 661 688 692 700 710 714 721 723 740 749 795 802 806 833 840 850 880 890 893 894 945 964 965 966 
639: 6 24 34 41 43 49 100 113 140 146 147 161 163 173 182 199 263 311 312 352 397 446 466 512 519 532 536 548 549 568 575 579 582 627 640 643 655 670 694 712 751 757 782 783 805 820 857 862 864 884 897 914 949 
640: 21 34 41 43 82 107 113 140 147 163 173 199 263 275 311 312 352 422 446 452 468 575 639 643 655 694 712 720 726 757 760 771 778 782 783 857 862 864 870 881 917 936 963 
641: 81 87 158 186 205 226 237 506 508 530 538 622 645 652 684 747 754 756 780 872 878 904 906 926 941 946 
642: 51 181 
643: 6 24 32 100 113 124 146 161 163 182 201 208 352 397 422 425 512 519 532 549 568 579 614 639 640 655 670 712 751 757 772 783 820 857 862 881 884 922 949 
644: 56 115 154 172 203 269 334 346 390 444 445 605 638 653 674 710 739 741 802 812 894 905 945 956 964 965 
645: 20 81 89 106 151 158 167 205 237 288 301 320 325 347 370 373 450 451 458 459 508 530 542 564 574 641 652 684 704 718 723 731 747 749 753 756 797 872 878 880 904 920 941 946 957 
646: 26 53 85 184 258 260 494 547 566 676 686 701 765 811 830 851 892 923 952 993 
647: 41 92 312 344 364 525 548 702 703 733 737 744 758 839 845 
648: 103 180 202 206 231 253 277 299 327 343 381 383 384 386 438 460 463 490 521 557 581 587 637 649 687 705 732 767 770 781 786 848 902 978 995 
649: 25 33 59 206 214 231 253 257 299 327 337 343 365 375 376 381 384 386 419 426 460 463 521 522 555 581 601 637 648 705 706 732 781 848 879 937 948 988 995 
650: 99 304 317 
651: 40 70 94 168 176 222 229 279 316 356 432 434 450 451 469 481 499 501 504 570 608 715 716 743 750 759 789 842 846 911 921 967 973 994 
652: 81 87 167 186 325 349 517 538 619 622 641 645 756 775 863 872 904 906 926 941 946 
653: 114 115 172 417 444 644 674 713 739 741 812 956 
654: 295 415 998 
655: 24 32 71 88 113 194 208 311 352 374 442 446 544 634 639 640 643 712 783 869 881 953 999 
656: 21 166 207 247 286 452 672 771 778 
657: 195 261 270 281 382 475 677 695 721 828 
658: 69 117 156 183 185 430 511 758 807 856 860 
659: 56 89 108 109 120 154 221 224 251 280 323 335 414 424 444 457 467 487 504 550 564 570 585 588 593 618 638 696 700 714 715 719 740 743 749 789 791 802 880 945 966 992 
660: 63 125 221 249 251 346 396 406 414 474 479 593 678 746 762 831 992 
661: 10 11 75 91 108 109 151 203 217 224 237 267 280 301 320 335 370 444 447 450 509 540 574 585 588 605 638 688 696 700 704 710 721 723 753 795 806 833 840 858 890 957 965 966 
662: 17 66 94 102 134 222 261 270 281 288 324 373 451 458 489 491 542 574 957 970 
663: 359 626 
664: 
665: 130 147 166 211 235 243 256 275 286 297 452 577 631 735 760 804 986 
666: 17 102 134 234 347 752 775 882 975 
667: 
668: 96 210 779 903 
669: 44 178 190 198 292 520 535 621 635 682 748 773 815 876 899 
670: 34 43 146 162 163 182 200 208 263 429 439 461 519 532 549 568 579 594 627 639 643 720 726 751 757 783 805 820 857 862 865 881 884 897 922 949 963 
671: 319 573 
672: 21 207 247 300 321 341 374 533 626 627 634 656 803 810 827 
673: 33 59 219 231 253 303 375 376 395 473 480 513 514 518 601 632 690 898 901 915 988 
674: 29 109 114 115 172 269 444 612 644 653 710 713 741 812 905 956 
675: 48 59 64 103 153 214 219 231 245 257 299 327 365 375 378 381 384 395 412 419 426 460 473 480 492 513 516 518 521 551 555 556 563 581 601 613 685 687 705 706 724 732 848 929 931 937 948 950 988 995 996 
676: 26 98 177 184 241 258 273 308 494 554 566 606 646 679 686 765 792 811 830 836 851 852 867 873 892 913 923 
677: 187 266 382 489 657 
678: 63 221 249 251 353 396 406 467 479 485 660 719 746 762 826 972 984 992 
679: 53 90 98 119 131 177 209 244 379 404 449 477 478 497 528 590 606 676 686 693 701 765 769 792 851 889 892 910 923 933 977 
680: 57 67 97 180 209 294 408 449 454 497 528 596 711 777 874 889 909 933 951 968 977 987 
681: 26 64 68 85 131 184 214 225 244 260 265 363 375 378 379 384 419 443 460 477 478 503 518 551 559 563 595 601 693 701 722 724 732 765 769 873 898 910 915 934 948 952 996 
682: 3 174 216 264 520 535 669 691 773 814 815 832 876 997 
683: 34 82 107 189 193 289 339 569 580 583 699 720 726 728 771 778 864 865 917 963 974 989 
684: 20 81 89 106 108 109 114 144 151 154 158 186 226 237 269 301 320 325 444 459 487 508 530 538 612 641 645 704 710 713 718 723 731 736 739 747 753 754 780 797 812 863 878 890 904 920 
685: 48 127 153 206 257 291 305 308 314 388 391 392 395 412 418 426 460 492 516 529 537 556 561 563 581 602 613 630 675 697 706 708 724 767 793 838 843 896 928 931 937 996 
686: 53 98 119 123 177 184 209 379 404 411 477 494 497 510 606 646 676 679 693 701 765 792 830 852 877 892 913 923 935 
687: 15 103 253 337 376 381 384 395 463 473 480 522 581 648 675 690 705 706 732 767 848 
688: 11 83 109 154 203 269 390 445 612 638 661 692 704 710 721 809 812 840 858 890 894 969 975 
689: 230 307 707 786 
690: 25 59 231 299 337 376 463 473 514 632 673 687 801 898 901 988 
691: 3 13 60 62 101 170 174 197 264 296 331 332 610 623 682 804 814 825 832 980 
692: 11 46 75 215 255 269 334 390 445 531 605 638 688 710 802 840 855 858 903 965 
693: 68 85 98 127 131 184 214 225 244 260 294 333 375 384 419 443 460 477 478 503 551 563 590 595 606 613 679 681 686 701 722 724 732 769 889 892 909 910 913 915 934 935 948 993 996 
694: 6 34 41 43 49 62 80 84 100 107 140 146 147 161 162 163 173 208 212 263 311 332 387 394 397 422 519 536 548 575 582 594 604 639 640 702 712 751 782 814 845 854 857 862 870 881 884 907 914 932 963 
695: 18 46 195 261 267 270 285 382 491 540 657 795 850 858 893 961 
696: 1 10 40 89 108 159 168 222 237 280 301 320 324 370 414 424 434 450 451 499 504 509 550 564 585 588 659 661 715 716 719 723 749 753 768 789 791 797 833 846 944 957 966 992 
697: 61 135 245 252 257 291 305 314 391 398 409 412 492 529 555 556 561 602 630 685 785 883 950 958 
698: 611 919 
699: 13 38 77 80 82 107 197 289 290 296 328 410 416 429 493 502 565 569 580 583 594 600 628 683 720 726 757 782 790 853 864 870 917 963 
700: 10 56 70 75 91 108 120 159 168 213 221 224 284 323 346 389 414 424 447 464 467 504 585 588 593 605 638 659 661 714 715 716 740 743 749 789 795 806 833 911 944 945 
701: 85 90 119 123 131 184 244 276 379 443 477 478 497 503 551 590 646 679 681 686 693 769 836 851 873 892 909 910 915 923 934 935 993 
702: 6 41 49 73 100 161 163 173 208 312 352 387 397 422 465 466 511 536 548 549 575 582 604 647 694 712 737 748 782 845 854 862 884 914 932 
703: 92 302 364 525 589 647 733 737 764 839 
704: 10 11 29 83 109 144 151 154 203 237 267 269 280 288 301 310 320 347 370 373 444 445 458 459 491 509 530 531 538 574 598 605 612 645 661 684 688 710 718 723 731 753 802 806 809 840 858 863 878 880 890 957 966 
705: 33 48 64 206 214 225 231 253 257 327 337 343 375 376 378 381 383 384 386 419 426 460 473 492 516 518 522 555 556 601 637 648 649 675 687 722 732 770 848 934 948 995 996 
706: 2 33 48 59 64 153 206 219 303 375 376 378 381 384 412 419 460 473 480 492 513 516 518 522 551 556 563 581 595 601 613 649 675 685 687 724 732 848 898 929 931 934 937 988 996 
707: 230 599 689 781 786 879 902 924 978 
708: 26 28 64 68 175 184 206 258 260 273 308 392 409 412 418 423 441 494 503 518 547 551 554 559 563 595 685 724 765 769 793 873 892 913 915 934 947 950 952 993 996 
709: 52 105 122 175 250 258 273 401 428 431 462 554 560 571 630 785 793 824 838 867 877 927 983 
710: 108 114 144 151 154 172 203 269 280 320 334 390 424 447 509 530 531 550 598 605 612 638 644 661 674 684 688 692 704 713 718 739 740 802 806 809 812 840 858 890 894 905 956 964 965 966 
711: 79 141 209 214 238 244 277 294 298 309 343 363 365 379 408 449 490 497 528 557 637 680 722 738 770 866 935 948 951 968 995 
712: 6 24 43 49 100 161 173 182 199 201 263 311 344 352 397 422 425 446 466 512 519 532 536 568 575 579 582 607 639 640 643 655 694 702 751 757 783 805 807 820 857 862 869 881 884 897 914 
713: 12 29 78 114 115 172 226 346 372 433 487 530 591 653 674 684 710 718 741 868 905 956 
714: 56 75 108 109 115 120 154 172 213 215 224 284 334 338 346 417 424 435 447 457 467 482 585 593 605 638 659 700 740 795 802 806 905 945 964 965 966 
715: 10 40 70 89 91 94 108 168 222 251 280 301 323 324 335 356 370 414 424 434 450 469 470 504 570 618 651 659 696 700 716 717 743 750 753 759 768 789 806 833 846 850 944 
716: 1 10 70 91 159 168 217 222 223 224 229 267 324 335 356 370 414 450 470 499 564 570 585 588 603 608 651 696 700 715 717 734 743 749 753 768 776 789 795 846 850 893 944 966 
717: 1 16 40 91 116 159 168 176 223 316 324 356 434 450 469 470 499 501 504 570 603 609 618 715 716 734 749 768 846 911 921 944 973 
718: 20 29 83 89 108 109 114 144 151 154 158 186 203 205 226 237 280 301 310 320 325 444 459 487 508 598 612 645 684 704 710 713 723 753 754 756 806 812 863 868 878 890 904 946 
719: 63 89 108 159 221 251 271 278 280 346 366 372 414 467 485 487 504 541 564 633 659 678 696 743 747 789 797 868 972 992 
720: 13 24 34 37 82 107 140 166 275 289 290 328 339 410 416 429 439 461 493 539 569 575 576 580 583 594 628 631 640 670 683 699 778 782 857 864 870 917 963 974 
721: 20 46 255 261 267 424 445 491 509 540 574 638 657 661 688 731 840 858 893 894 957 
722: 68 85 206 214 225 231 244 294 337 375 378 384 443 503 518 551 567 606 632 637 681 693 705 711 724 732 770 848 898 915 934 935 948 
723: 10 11 20 89 91 106 109 144 154 158 167 203 205 217 237 267 280 288 301 310 320 323 325 370 373 444 450 451 458 459 499 509 530 538 542 564 574 638 645 661 684 696 704 718 747 749 753 797 833 878 880 890 920 946 957 966 
724: 26 47 48 64 68 85 123 127 175 177 184 206 209 214 225 260 273 308 342 363 375 378 384 392 404 409 412 418 419 423 436 503 547 551 554 571 581 595 601 606 613 675 681 685 693 706 708 722 732 765 767 769 847 848 877 913 915 929 935 948 993 996 
725: 292 572 773 
726: 13 34 37 43 62 73 77 80 82 107 140 197 212 289 290 296 416 539 569 575 576 580 583 594 628 640 670 683 699 757 782 783 790 857 864 870 917 963 
727: 3 60 62 73 101 147 178 198 212 216 290 296 332 345 361 364 387 575 576 604 610 760 832 839 876 914 997 
728: 142 189 193 228 339 416 569 683 
729: 50 124 128 139 200 233 282 340 354 393 558 742 940 
730: 
731: 10 11 20 83 134 151 203 217 237 267 270 281 288 301 310 320 325 347 370 450 459 491 509 538 542 574 645 684 704 721 828 833 840 858 878 880 893 920 941 957 975 
732: 48 59 64 68 180 206 214 219 225 253 257 277 294 327 337 343 363 365 375 376 378 383 384 386 426 460 473 492 503 516 521 551 555 581 595 601 637 648 649 675 681 687 693 705 706 722 724 767 770 879 891 898 909 948 995 996 
733: 41 49 312 344 352 364 468 525 592 647 703 737 744 758 914 
734: 1 16 40 70 116 121 159 271 316 356 432 434 499 501 504 570 716 717 743 750 759 789 796 846 911 921 967 
735: 243 297 625 665 804 813 822 
736: 7 83 144 367 413 508 517 538 684 754 766 780 878 
737: 92 178 198 312 364 465 525 548 647 702 703 733 758 839 845 914 
738: 57 67 97 119 141 169 202 214 238 272 277 379 383 408 449 454 490 528 557 596 637 711 866 874 891 909 948 951 968 
739: 29 108 109 115 144 154 172 203 269 346 390 417 444 447 487 530 531 550 591 598 612 644 653 684 710 741 802 806 812 868 894 905 956 965 
740: 10 11 56 75 108 109 120 154 213 215 267 269 284 285 334 338 346 417 424 444 467 482 500 540 550 588 615 638 659 700 710 714 795 806 894 964 965 966 
741: 114 115 172 346 417 586 591 597 644 653 674 713 739 956 
742: 50 139 242 405 456 614 729 940 982 
743: 1 10 16 70 91 108 159 168 176 217 221 229 251 278 280 316 323 356 370 414 434 470 474 499 504 550 564 570 585 588 593 618 651 659 700 715 716 719 734 759 768 789 806 833 846 911 921 992 
744: 41 344 352 364 468 476 525 562 592 647 733 787 869 986 990 
745: 86 274 355 415 552 755 761 885 
746: 63 125 271 278 406 474 660 678 875 972 984 
747: 81 106 108 151 158 167 204 205 237 248 280 320 323 353 366 372 432 487 530 564 619 633 641 645 684 719 723 753 756 797 806 868 880 941 946 992 
748: 23 62 129 178 190 198 387 394 465 466 536 548 582 621 669 702 815 839 854 876 932 
749: 10 20 40 70 89 108 168 237 261 270 288 320 323 324 370 424 434 450 451 458 491 499 504 564 574 585 638 645 659 696 700 716 717 723 753 806 833 880 893 911 920 957 966 
750: 1 89 159 176 229 248 271 316 323 402 432 434 481 499 501 504 564 633 651 715 734 759 784 791 797 846 921 972 
751: 6 22 34 43 69 72 100 124 128 129 136 146 161 163 182 246 263 311 397 399 425 466 512 519 532 565 568 578 579 582 594 629 639 643 670 694 712 755 757 772 790 820 835 859 862 870 881 884 885 922 936 949 
752: 17 347 373 475 486 666 882 975 
753: 10 20 70 81 89 91 94 108 151 158 167 217 222 237 267 280 301 310 320 323 325 370 414 434 450 451 458 459 504 509 538 564 570 574 645 661 684 696 704 715 716 718 723 747 749 756 789 806 846 911 941 957 
754: 29 83 106 151 186 205 226 367 459 508 538 598 619 641 684 718 736 780 812 837 863 868 878 904 946 
755: 6 69 72 80 100 124 128 129 146 156 161 182 246 274 355 532 549 552 629 745 751 761 805 835 862 884 885 949 
756: 29 81 106 151 158 167 186 280 301 310 320 325 487 508 530 538 598 619 641 645 652 718 747 753 797 868 878 880 904 906 920 
757: 22 24 34 43 62 77 100 124 128 146 162 163 173 182 227 263 290 394 397 410 422 429 439 466 512 519 532 549 565 568 575 579 582 583 628 639 640 643 670 699 712 726 751 782 783 790 820 857 864 884 914 922 936 949 
758: 41 344 350 364 430 511 536 548 647 658 733 737 807 856 860 943 
759: 1 16 40 159 168 176 229 356 402 434 481 501 504 570 651 715 734 743 750 784 789 796 846 911 921 973 
760: 49 84 107 140 147 166 212 243 256 289 328 345 361 397 468 539 575 576 592 610 628 631 640 665 727 771 782 864 914 917 986 
761: 9 23 69 86 129 136 156 185 360 745 755 859 998 
762: 31 56 74 125 171 221 346 389 435 457 467 479 593 660 678 829 831 
763: 268 496 819 887 895 918 
764: 5 92 297 302 589 592 703 
765: 26 28 47 68 85 98 119 123 127 131 175 177 184 209 244 273 308 363 378 379 404 436 460 494 503 510 518 551 554 571 595 606 613 646 676 679 681 686 708 724 792 836 852 873 877 889 892 913 915 927 934 935 952 996 
766: 736 878 
767: 33 48 59 64 68 206 231 253 257 277 314 327 337 343 363 365 375 376 378 381 383 384 395 409 412 419 426 473 480 516 518 521 522 555 581 601 613 637 648 685 687 724 732 848 891 929 934 937 948 950 988 995 
768: 16 70 91 108 116 168 217 221 223 224 251 323 335 447 457 467 470 504 550 564 588 593 618 696 715 716 717 743 806 911 944 
769: 26 64 68 98 119 123 127 177 206 209 214 225 244 260 308 363 375 379 384 419 423 436 443 460 478 503 518 551 554 559 563 595 601 606 613 679 681 693 701 708 724 873 910 913 923 934 935 952 993 996 
770: 138 164 214 231 244 265 294 337 343 357 375 384 460 463 518 551 557 599 632 637 648 705 711 722 732 848 902 909 934 948 995 
771: 21 82 107 140 147 166 235 243 256 275 358 452 539 576 631 640 656 683 760 782 864 917 963 986 
772: 6 69 110 124 128 136 146 156 161 173 182 201 208 263 311 399 425 512 519 532 568 614 643 751 805 820 835 859 881 884 922 949 
773: 178 190 198 216 292 520 669 682 725 815 839 876 997 
774: 498 
775: 17 81 102 106 134 325 349 486 538 542 652 666 872 904 926 941 
776: 18 70 188 196 223 224 285 335 403 470 540 585 588 603 618 716 795 816 823 850 893 944 981 
777: 67 97 98 132 209 342 377 379 404 423 449 454 528 596 680 847 877 889 977 987 
778: 21 24 49 82 107 113 140 166 256 275 452 461 539 627 631 634 640 656 683 720 782 783 857 864 
779: 96 210 413 612 668 809 812 903 956 
780: 186 204 205 226 367 506 517 530 619 622 641 684 736 754 837 904 906 
781: 25 103 150 202 238 327 337 343 365 386 438 490 557 587 637 648 649 707 786 848 879 902 924 995 
782: 13 24 37 43 49 73 77 84 107 140 147 162 163 166 296 312 328 332 345 361 387 397 422 466 468 539 576 594 604 610 639 640 694 699 702 720 726 757 760 771 778 783 870 914 936 963 
783: 21 24 43 49 113 163 166 182 199 208 263 311 397 461 519 568 575 580 627 639 640 643 655 670 712 726 757 778 782 805 820 857 864 870 881 897 974 
784: 1 176 229 283 356 402 469 501 750 759 796 921 967 973 979 
785: 28 61 105 122 127 250 291 314 342 392 409 412 423 428 431 462 492 510 537 561 595 602 613 630 697 709 838 843 847 891 927 950 983 
786: 230 463 599 648 689 707 781 879 902 924 978 
787: 54 152 525 744 
788: 55 110 242 425 456 835 954 
789: 1 10 16 70 89 91 116 159 168 176 221 229 251 278 280 301 320 323 370 434 499 504 550 564 570 585 588 618 651 659 696 700 715 716 719 734 743 753 759 806 880 921 972 992 
790: 14 22 34 43 62 72 73 80 146 162 170 227 246 274 290 306 331 410 429 439 466 502 565 578 594 604 629 635 699 726 751 757 799 853 861 870 884 908 949 955 
791: 63 89 108 221 229 248 251 271 278 280 323 353 406 414 432 467 487 504 541 550 633 659 696 750 797 868 911 972 992 
792: 28 53 98 119 123 177 184 209 273 379 404 477 494 510 606 676 679 686 765 830 836 847 851 852 867 877 889 923 927 977 
793: 47 48 61 105 122 175 177 250 273 308 314 342 392 409 418 428 431 462 492 516 537 554 555 556 561 571 602 613 630 685 708 709 824 838 843 847 877 896 927 929 950 
794: 353 485 826 939 984 
795: 46 91 213 215 224 267 284 285 334 338 424 464 500 509 585 605 638 661 695 700 714 716 740 776 802 833 944 966 
796: 176 356 380 402 469 501 734 759 784 875 921 
797: 81 87 89 108 121 151 158 167 205 226 237 248 280 301 320 323 353 366 370 372 414 450 451 487 530 564 633 645 684 696 719 723 747 750 756 791 806 880 911 946 972 992 
798: 19 303 318 348 440 441 514 559 976 
799: 14 22 38 227 306 502 558 600 790 853 861 908 955 
800: 51 58 111 155 181 947 
801: 690 901 959 
802: 11 56 75 109 120 154 215 224 267 269 285 301 334 338 424 444 447 482 509 550 605 638 644 659 692 704 710 714 739 795 840 858 894 905 945 964 965 966 
803: 145 191 207 293 300 461 533 672 810 974 989 
804: 13 60 235 243 275 328 345 421 539 576 628 631 665 691 735 813 822 832 980 
805: 6 24 43 72 146 161 173 182 199 208 311 425 446 512 519 549 568 578 579 594 607 614 629 639 670 712 755 772 783 820 859 862 881 884 922 936 949 
806: 10 89 108 109 151 154 203 217 221 251 301 320 323 346 372 424 444 447 467 487 504 550 570 585 605 638 661 700 704 710 714 715 718 739 740 743 747 749 753 768 789 797 833 868 911 945 966 992 
807: 32 201 344 350 430 511 658 712 758 860 869 943 953 
808: 245 291 388 391 523 524 928 931 991 
809: 11 20 96 109 154 203 269 612 688 704 710 779 812 840 894 903 905 956 965 
810: 21 145 191 207 218 293 300 461 533 626 672 803 974 989 
811: 148 165 184 241 258 566 646 676 830 851 892 923 
812: 83 109 114 154 203 210 269 390 444 530 531 598 612 644 653 674 684 688 710 718 739 754 779 809 878 894 903 905 956 
813: 5 60 84 174 212 216 297 345 361 610 623 735 804 822 832 980 
814: 3 5 60 62 84 101 178 198 212 216 290 296 345 361 387 394 466 576 582 604 610 628 682 691 694 815 832 839 854 907 914 997 
815: 3 178 190 198 292 332 387 394 520 535 621 669 682 748 773 814 839 854 876 899 997 
816: 18 118 187 188 470 603 609 776 823 971 981 
817: 30 135 143 624 883 
818: 3 60 170 174 197 331 420 515 623 635 825 997 
819: 27 268 560 763 
820: 6 24 72 100 124 128 146 161 182 199 208 246 263 311 341 399 425 446 512 519 532 549 565 568 579 607 614 627 629 639 643 670 712 751 757 772 783 805 857 862 881 897 922 949 
821: 377 496 534 886 895 918 
822: 5 297 625 735 804 813 980 
823: 0 118 188 223 470 507 603 609 776 816 944 971 981 
824: 111 127 155 240 258 260 308 409 418 431 436 462 554 602 613 709 793 896 913 929 996 
825: 13 38 142 170 197 264 331 420 421 502 515 691 818 
826: 12 63 249 353 372 396 433 485 591 678 794 984 
827: 93 207 247 321 374 442 626 634 672 
828: 20 46 134 255 261 270 288 373 382 475 491 509 574 657 731 840 858 890 893 957 
829: 31 74 125 171 351 389 457 479 593 762 831 844 
830: 53 646 676 686 792 811 851 923 
831: 16 31 116 125 171 351 474 479 593 660 762 829 844 
832: 3 5 62 73 84 101 174 178 198 212 216 332 361 387 576 604 682 691 727 804 813 814 876 980 
833: 10 20 40 70 89 94 168 217 237 261 267 280 288 301 320 323 370 424 434 450 451 458 491 504 509 570 585 588 638 661 696 700 715 723 731 743 749 795 806 846 850 858 880 893 911 944 957 966 
834: 19 26 51 155 181 240 241 436 441 547 873 947 952 976 
835: 69 100 129 182 185 201 399 425 511 512 519 532 614 751 755 772 788 859 884 885 
836: 28 53 98 119 123 127 177 184 209 273 308 379 392 404 423 494 554 676 701 765 792 843 847 852 867 889 927 
837: 29 78 186 204 205 226 367 508 517 530 598 619 754 780 888 
838: 28 61 122 250 273 342 377 423 428 431 510 554 561 602 613 630 685 709 785 793 847 877 918 927 983 
839: 92 178 198 212 302 332 361 364 536 548 604 647 703 727 737 748 773 814 815 845 854 
840: 11 46 109 144 154 255 261 267 269 288 301 310 390 445 458 491 509 605 638 661 688 692 704 710 721 731 802 809 828 858 890 894 903 957 975 
841: 
842: 40 81 94 167 279 283 336 349 434 450 451 499 651 846 872 941 970 994 
843: 28 47 98 105 122 127 175 177 209 250 273 308 342 363 392 404 409 418 423 462 494 510 554 561 563 571 595 630 685 785 793 836 867 877 889 927 983 987 
844: 16 116 125 223 351 457 474 507 593 618 829 831 944 
845: 23 190 198 312 364 387 422 465 536 548 582 604 621 647 694 702 737 839 854 876 932 
846: 1 40 70 91 94 159 167 217 229 280 316 324 370 434 450 451 499 504 608 651 696 715 716 717 734 743 750 753 759 833 842 880 911 957 
847: 28 47 48 68 98 105 127 175 177 273 308 342 363 377 392 418 431 454 494 554 561 563 571 595 613 724 777 785 792 793 836 838 867 877 889 892 913 987 
848: 48 59 68 180 202 214 238 253 277 294 327 337 343 363 375 376 378 381 383 386 408 426 473 490 503 518 521 551 555 557 581 595 613 648 649 675 687 705 706 722 724 767 770 781 879 891 948 995 
849: 232 369 
850: 10 18 46 70 91 168 188 213 217 224 261 267 285 335 470 491 570 585 588 618 638 695 715 716 776 833 858 893 944 966 981 
851: 53 184 276 477 646 676 679 701 792 811 830 892 923 
852: 53 98 119 177 379 404 411 494 590 606 676 686 765 792 836 867 877 889 933 977 
853: 22 38 77 170 197 227 306 331 439 502 578 594 699 790 799 861 908 955 
854: 23 43 62 73 100 129 161 163 173 178 198 312 332 364 387 394 397 422 465 466 536 548 582 604 694 702 748 814 815 839 845 876 884 907 914 932 936 
855: 76 126 215 692 871 965 
856: 117 430 658 758 860 
857: 21 24 43 107 113 146 147 163 166 182 199 208 263 311 352 397 446 461 575 579 627 639 640 643 670 694 712 720 726 757 778 783 820 862 864 870 881 897 917 936 963 974 
858: 11 20 46 75 91 109 203 213 217 224 261 267 269 285 320 334 335 370 424 445 447 458 491 509 540 574 585 588 605 661 688 692 695 704 710 721 731 802 828 833 840 850 880 890 893 957 965 
859: 72 86 100 110 124 129 136 146 156 161 185 360 399 425 512 532 549 552 629 751 761 772 805 835 884 885 916 949 
860: 32 117 183 201 350 430 511 658 758 807 856 919 943 
861: 14 38 170 227 274 306 331 355 410 502 578 600 635 790 799 853 908 955 
862: 6 43 49 69 80 100 124 129 146 163 173 199 263 311 312 352 397 446 466 511 512 519 536 549 568 578 579 582 594 607 629 639 640 643 670 694 702 712 751 755 805 820 857 881 884 914 922 936 949 
863: 20 81 89 144 158 167 205 237 280 301 310 320 347 373 458 486 508 517 538 574 652 684 704 718 754 872 878 880 890 904 920 941 946 
864: 21 24 34 43 82 107 147 162 163 166 275 289 328 397 416 429 452 461 493 576 579 580 594 628 639 640 683 699 720 726 757 760 771 778 783 857 870 917 974 
865: 145 189 193 200 416 439 461 493 580 583 670 683 900 974 989 
866: 79 141 192 298 309 313 315 329 557 711 738 968 
867: 53 98 105 177 250 258 431 494 510 620 676 709 792 836 843 847 852 877 889 983 
868: 108 114 158 205 226 280 353 366 372 444 487 508 530 591 598 619 713 718 719 739 747 754 756 791 806 888 946 992 
869: 32 54 71 88 93 344 350 352 476 544 562 655 712 744 807 953 990 
870: 13 22 37 43 60 62 73 77 80 82 107 140 146 162 163 208 263 275 289 296 394 429 461 466 565 583 594 628 629 640 694 699 720 726 751 782 783 790 857 864 884 907 917 936 949 
871: 126 137 855 
872: 81 94 102 158 167 237 336 349 450 451 499 641 645 652 775 842 863 906 920 941 970 
873: 19 26 47 64 85 123 184 241 260 308 418 436 441 478 518 547 551 559 676 681 701 708 765 769 834 913 915 923 934 947 952 976 993 996 
874: 57 67 97 169 180 202 220 238 272 427 587 596 680 738 951 987 
875: 271 278 402 746 796 921 967 
876: 3 60 62 101 178 198 212 216 264 296 332 345 361 387 394 466 582 604 621 669 682 727 748 773 815 832 845 854 997 
877: 28 53 68 98 127 175 177 209 250 273 308 342 363 379 392 418 423 431 454 494 554 563 571 595 606 613 630 686 709 724 765 777 792 793 838 843 847 852 867 889 913 927 987 
878: 20 29 83 144 205 269 310 325 347 367 486 508 517 530 598 612 641 645 684 704 718 723 731 736 754 756 766 812 863 890 904 
879: 150 202 214 231 238 294 327 343 365 383 386 419 490 557 587 649 707 732 781 786 848 902 924 995 
880: 10 20 81 83 89 108 144 151 154 158 167 203 217 237 269 280 288 301 310 320 323 325 370 424 434 444 450 451 458 459 487 491 499 530 550 570 574 585 638 645 659 704 723 731 747 749 756 789 797 833 846 858 863 894 920 941 946 957 966 
881: 6 24 32 43 100 113 124 146 161 163 182 199 208 263 311 330 341 397 422 446 512 519 532 549 568 579 607 614 627 640 643 655 670 694 712 751 772 783 805 820 857 862 884 897 922 936 949 
882: 17 134 281 347 475 486 542 574 666 752 975 
883: 30 61 133 135 143 252 257 305 385 453 521 537 697 817 958 
884: 6 43 69 72 73 80 100 124 128 129 136 146 156 163 173 182 208 263 311 312 394 397 399 422 466 512 519 532 548 549 568 578 579 582 594 629 639 643 670 694 702 712 751 755 757 772 790 805 835 854 859 862 870 881 885 922 932 936 949 
885: 6 22 72 86 100 128 129 136 146 156 185 274 399 512 532 549 552 578 629 745 751 755 835 859 884 949 
886: 505 534 617 821 
887: 496 763 895 918 
888: 78 158 204 205 226 248 372 619 633 837 868 
889: 28 68 98 105 119 123 127 175 250 273 342 379 449 454 494 510 606 679 680 693 765 777 792 836 843 847 852 867 877 909 927 977 987 
890: 83 109 144 154 203 237 255 261 269 288 301 310 320 325 373 390 458 459 491 509 531 538 574 612 638 661 684 688 704 710 718 723 828 840 858 863 878 920 957 975 
891: 61 169 175 206 209 214 257 277 314 327 342 363 378 383 384 392 398 408 426 453 460 490 492 521 537 555 587 595 630 637 732 738 767 785 848 948 951 
892: 26 28 98 127 177 184 258 260 273 308 404 418 436 494 510 554 646 676 679 686 693 701 708 765 811 847 851 913 923 927 
893: 18 20 91 217 222 224 267 270 285 301 324 335 370 450 491 509 540 570 588 638 695 716 721 731 749 776 828 833 850 858 957 966 
894: 11 20 75 83 144 151 154 203 215 267 269 301 320 334 390 424 447 458 491 509 531 605 612 638 644 688 710 721 739 740 802 809 812 840 880 905 957 965 966 
895: 377 496 763 821 887 918 
896: 47 111 127 153 240 388 391 395 409 412 492 516 554 555 556 561 571 602 613 630 685 793 824 929 931 947 950 
897: 24 113 194 199 208 263 311 330 341 374 446 455 579 607 614 627 634 639 670 712 783 820 857 881 
898: 59 64 85 138 219 225 231 253 303 337 375 376 384 419 473 503 518 545 551 601 673 681 690 706 722 732 
899: 44 190 292 520 621 635 669 815 912 
900: 139 145 189 191 200 233 354 393 461 493 565 580 583 865 974 
901: 2 59 179 299 376 513 673 690 801 959 988 
902: 79 230 265 337 343 365 490 557 599 648 707 770 781 786 879 924 978 995 
903: 96 203 255 269 445 531 612 668 692 779 809 812 840 965 969 
904: 81 83 106 144 158 167 186 205 310 325 347 373 459 486 508 517 530 538 622 641 645 652 684 718 754 756 775 780 863 878 920 941 946 
905: 29 114 115 154 172 334 390 417 445 447 605 644 674 710 713 714 739 802 809 812 894 956 964 965 
906: 81 87 506 517 619 622 641 652 756 780 872 926 946 
907: 13 37 43 62 77 80 84 101 162 163 212 290 296 331 345 361 394 466 575 582 594 610 621 694 814 854 870 936 980 
908: 22 38 77 170 197 227 274 306 331 410 502 600 635 790 799 853 861 955 
909: 68 119 123 164 175 177 180 202 206 209 214 265 277 333 343 363 365 378 384 423 460 478 518 528 551 557 590 595 637 680 693 701 732 738 770 889 933 935 948 
910: 90 123 131 184 276 333 443 477 478 497 567 590 606 679 681 693 701 769 923 935 993 
911: 10 40 89 91 108 116 159 167 168 176 217 222 229 251 301 316 320 323 324 356 370 414 434 481 499 504 564 570 585 651 700 717 734 743 749 753 759 768 791 797 806 833 846 921 944 
912: 23 44 274 295 415 621 899 998 
913: 26 28 47 48 53 68 105 123 127 177 184 209 258 260 273 308 342 363 378 392 401 404 409 431 460 462 494 503 518 547 551 563 571 595 606 676 686 693 708 724 765 769 824 847 873 877 892 923 927 934 952 996 
914: 41 43 62 107 140 147 163 173 208 212 290 312 344 345 352 361 364 387 422 466 468 536 548 576 579 582 604 639 694 702 712 727 733 737 757 760 782 814 854 862 917 936 
915: 26 64 85 225 260 303 375 378 419 436 478 518 547 551 559 563 632 673 681 693 701 708 722 724 765 873 934 935 952 976 993 996 
916: 9 86 360 488 552 859 
917: 13 24 34 37 60 82 84 107 140 147 162 166 212 235 275 289 290 296 328 397 416 575 628 631 640 683 699 720 726 760 771 857 864 870 914 
918: 122 250 377 496 763 821 838 887 895 983 
919: 430 698 860 
920: 20 81 134 144 151 237 261 267 280 281 288 301 310 320 325 347 370 450 459 491 509 574 645 684 723 731 749 756 863 872 880 890 904 941 946 957 975 
921: 1 16 116 121 168 176 271 278 356 402 469 474 481 501 504 651 717 734 743 750 759 784 789 796 875 911 967 
922: 14 50 124 128 139 161 182 233 246 263 399 439 512 519 549 568 579 594 607 629 643 670 751 757 772 805 820 862 881 884 949 
923: 26 53 123 131 184 258 260 436 477 478 494 547 566 606 646 676 679 686 701 769 792 811 830 851 873 892 910 913 952 
924: 557 707 781 786 879 902 978 
925: 969 
926: 102 325 486 538 546 641 652 775 906 
927: 28 53 98 105 127 175 250 258 273 308 418 423 431 462 510 554 560 709 765 785 792 793 836 838 843 877 889 892 913 983 
928: 111 153 245 305 388 391 395 412 513 524 556 602 685 808 929 950 991 
929: 47 48 111 127 153 245 253 260 308 384 391 395 401 409 412 436 492 513 516 554 556 561 563 571 595 602 613 630 675 706 724 767 793 824 896 928 931 947 950 996 
930: 189 962 
931: 2 33 111 153 245 253 391 395 409 412 480 492 555 581 675 685 706 808 896 929 937 991 
932: 23 43 62 69 73 173 178 198 312 387 422 465 582 604 621 694 702 748 845 854 884 
933: 90 119 244 309 313 333 379 449 477 497 528 590 679 680 852 909 935 968 977 
934: 26 48 68 85 123 177 206 209 214 225 244 253 260 343 363 375 378 384 423 436 460 503 516 518 559 563 581 595 601 606 613 681 693 701 705 706 708 722 765 767 769 770 873 913 915 935 952 993 996 
935: 68 85 90 119 123 131 164 209 214 225 244 265 276 294 378 460 478 518 590 606 686 693 701 711 722 724 765 769 909 910 915 933 934 948 993 
936: 6 24 41 62 73 80 84 100 107 140 146 161 163 173 182 212 312 344 422 446 512 519 536 548 549 575 579 582 604 640 751 757 782 805 854 857 862 870 881 884 907 914 
937: 59 103 135 153 179 206 232 252 253 305 314 381 384 395 398 412 426 473 492 513 521 522 537 555 556 649 675 685 706 767 931 950 958 991 
938: 188 196 403 437 981 
939: 794 
940: 14 50 128 233 282 340 558 729 742 
941: 81 87 89 94 106 151 167 222 288 301 320 325 347 349 370 373 450 459 499 538 542 574 641 645 652 731 747 753 775 842 863 872 880 904 920 946 957 
942: 15 25 103 112 150 299 307 522 
943: 350 430 758 807 860 
944: 1 10 16 70 91 116 159 168 188 217 223 224 251 351 414 424 470 504 507 570 585 593 603 609 618 696 700 715 716 717 768 776 795 823 833 844 850 911 981 
945: 56 75 108 154 172 213 215 338 389 417 435 444 447 457 482 550 605 615 638 644 659 700 714 802 806 964 965 
946: 83 87 89 106 151 158 205 301 310 325 370 450 451 459 508 564 619 641 645 652 718 723 747 754 797 863 868 880 904 906 920 941 
947: 19 26 51 64 153 155 181 240 260 401 418 436 480 559 708 800 834 873 896 929 952 976 
948: 48 180 202 206 209 238 244 277 294 337 342 343 365 375 378 384 419 426 518 521 551 557 613 649 675 681 693 705 711 722 724 732 738 767 770 848 891 909 935 951 995 
949: 6 14 34 43 77 80 100 124 146 161 162 163 173 182 208 246 263 399 439 466 512 519 532 549 565 568 575 578 579 583 594 607 629 639 643 670 751 755 757 772 790 805 820 859 862 870 881 884 885 922 
950: 48 61 127 153 206 253 257 291 305 314 384 388 395 401 409 412 418 426 480 492 516 537 555 561 563 571 595 602 613 630 675 697 708 767 785 793 896 928 929 937 
951: 57 67 97 169 180 202 214 220 238 272 277 294 327 342 363 383 408 426 490 521 557 587 637 680 711 738 874 891 948 995 
952: 19 26 47 64 85 155 184 240 241 260 308 418 436 441 503 516 518 547 551 554 559 646 681 708 765 769 834 873 913 915 923 934 947 976 993 
953: 8 32 71 88 93 350 544 562 655 807 869 999 
954: 55 110 183 360 788 
955: 3 22 38 77 170 274 306 331 410 578 600 635 790 799 853 861 908 
956: 29 114 115 172 269 390 444 531 598 612 644 653 674 710 713 739 741 779 809 812 905 
957: 10 20 83 91 94 108 134 144 151 154 203 217 222 237 261 270 281 288 301 324 325 347 370 373 424 451 459 491 499 509 538 574 645 661 662 696 704 721 723 731 749 753 828 833 840 846 858 880 890 893 894 920 941 966 
958: 61 133 135 143 245 252 257 291 314 385 398 426 453 521 529 537 697 883 937 
959: 179 801 901 
960: 
961: 46 195 695 
962: 930 
963: 21 24 34 43 49 77 82 84 107 146 162 166 208 263 275 289 290 328 397 410 416 429 452 461 539 576 579 580 594 627 628 640 670 683 694 699 720 726 771 782 857 974 
964: 75 109 115 120 154 172 213 284 334 338 346 417 435 444 447 482 550 638 644 710 714 740 802 905 945 965 
965: 11 120 154 203 215 269 334 390 417 444 447 482 531 605 638 644 661 692 710 714 739 740 802 809 855 858 894 903 905 945 964 966 
966: 10 11 20 46 70 91 109 154 213 215 217 261 267 269 285 301 334 338 370 424 444 458 509 570 585 588 605 618 638 659 661 696 704 710 714 716 723 740 749 795 802 806 833 850 880 893 894 957 965 
967: 1 116 121 159 176 229 271 278 316 356 402 432 469 481 501 651 734 784 875 921 
968: 67 79 97 141 192 298 309 313 315 329 449 528 680 711 738 866 933 
969: 255 688 903 925 
970: 17 66 94 102 134 222 281 288 349 373 450 451 542 574 662 842 872 
971: 18 39 118 324 470 489 603 608 609 816 823 973 
972: 63 89 121 159 221 248 251 271 278 323 366 372 406 414 432 485 487 541 564 678 719 746 750 789 791 797 984 992 
973: 1 39 40 118 176 356 400 469 501 603 608 609 651 717 759 784 971 
974: 21 24 34 82 145 200 300 416 461 583 627 683 720 783 803 810 857 864 865 900 963 
975: 17 134 255 270 281 310 373 458 475 491 542 666 688 731 752 840 882 890 920 
976: 2 19 26 64 155 219 260 303 318 440 441 480 514 547 559 798 834 873 915 947 952 993 996 
977: 98 119 379 411 449 454 679 680 777 792 852 889 933 
978: 112 150 202 238 272 386 438 490 587 648 707 786 902 924 995 
979: 279 283 400 784 
980: 3 5 60 62 84 178 216 290 328 332 361 387 610 628 691 804 813 822 832 907 997 
981: 18 188 196 223 224 335 351 403 437 507 588 603 609 618 776 816 823 850 938 944 
982: 50 139 200 242 341 455 607 614 742 
983: 27 52 122 127 250 377 392 401 428 431 462 560 571 709 785 838 843 867 918 927 
984: 63 249 271 278 396 406 485 678 746 794 826 972 
985: 74 495 
986: 49 130 211 243 256 358 452 468 472 539 577 592 665 744 760 771 990 
987: 57 67 97 132 169 209 377 404 408 423 449 454 510 596 680 777 843 847 874 877 889 
988: 15 25 33 59 103 179 253 299 337 463 522 649 673 675 690 706 767 901 
989: 145 189 193 218 228 293 300 493 683 803 810 865 
990: 93 256 358 468 472 476 562 634 744 869 986 
991: 179 232 245 305 369 522 808 928 931 937 
992: 63 89 108 159 221 251 278 323 346 353 366 372 406 414 467 485 504 541 550 564 633 659 660 678 696 719 743 747 789 791 797 806 868 972 
993: 26 85 131 260 375 436 443 477 478 503 518 551 559 606 646 693 701 708 724 769 873 910 915 934 935 952 976 
994: 87 121 283 316 402 432 616 651 842 
995: 150 180 202 206 214 238 253 277 294 327 337 343 365 378 383 386 408 438 460 490 557 581 587 637 648 649 675 705 711 732 767 770 781 848 879 902 948 951 978 
996: 26 47 48 64 153 206 214 219 225 253 260 303 308 363 375 384 409 412 418 436 441 460 480 492 503 551 554 555 556 559 563 581 595 601 613 675 681 685 693 705 706 708 724 732 765 769 824 873 913 915 929 934 976 
997: 60 101 174 178 198 216 264 296 332 387 535 610 635 682 727 773 814 815 818 876 980 
998: 295 415 654 761 912 
999: 8 71 88 93 194 330 442 544 655 953 
