7 0.5
84
162 77 208 146 757 163 43 422 466 575 639 936 173 263 568 881 311 397 49 312 640 702 914 519 6 100 161 512 549 751 862 884 532 72 772 579 643 199 446 694 548 712 922 246 670 290 296 410 429 594 22 80 790 628 13 720 416 805 124 182 607 820 917 34 37 82 107 140 275 289 328 539 699 726 782 864 870 949 128 565 578 629 963 857 
20
212 60 62 73 332 387 394 604 876 907 84 101 345 361 610 832 980 727 814 178 
15
316 159 176 116 469 481 501 651 734 1 356 750 759 921 967 
117
378 48 426 492 127 28 47 177 98 260 26 952 273 308 392 630 401 418 436 547 554 571 708 824 913 175 105 209 250 431 709 342 363 404 423 510 785 793 838 843 847 889 877 836 927 206 555 214 294 225 722 898 253 33 59 299 376 381 473 649 675 687 705 706 988 277 202 557 238 408 891 951 375 419 601 460 551 68 503 518 724 563 996 769 915 934 595 516 613 409 681 85 123 478 935 693 606 765 909 732 384 581 767 848 180 327 365 383 521 490 637 343 648 948 995 386 879 
30
424 224 75 213 285 540 335 585 588 638 109 444 203 531 269 390 605 215 334 965 740 802 894 11 20 154 704 710 795 850 
78
450 91 10 324 94 217 222 237 106 641 652 151 530 684 718 280 89 323 564 797 538 83 144 459 878 904 574 373 890 645 81 325 756 863 941 946 301 320 370 509 715 70 168 504 570 696 716 717 789 743 414 768 749 753 833 880 911 229 434 499 846 957 261 267 661 858 893 966 270 288 310 458 491 723 731 828 920 347 
6
685 412 556 561 929 950 
