non_text 1000 2
-4.227152631268648 2.629916620018105 
4.440655328098401 -3.5846269672542572 
0.08653755866414337 7.872276361338566 
-6.579529029639682 5.3766518041748945 
0.9663796013677657 9.196342030750218 
-0.1202578152324485 7.465721428009525 
-5.453754218912455 1.9365172960977821 
-3.872978698333433 4.884959155305763 
3.8332936735739107 -4.243779371787047 
-3.711487391696619 3.3972462230181 
3.887109902322537 -2.9190523937124917 
-4.913115819661015 4.237623703442174 
2.0562714443676153 -4.860557736034858 
0.3249888976917765 8.649730125157596 
2.10142748945786 8.52198393721498 
1.128061554115392 7.105785825108727 
0.15861191145379938 6.828448270179837 
1.1578417116506556 7.043109763727888 
-3.9024632703272415 2.613992626519666 
-2.5742462406256554 3.404591259309132 
1.181439302589671 7.680202531591464 
4.131556804217423 -4.767380489892904 
-4.5967643861082195 3.333257152460168 
-0.16212933493713866 10.369579773142743 
-4.2043578368665235 4.356122721344713 
0.3722312230670595 7.423198099746921 
0.1314686438893896 8.09590275458516 
4.446354351331875 -3.3963894918627626 
0.6548966862150738 10.032865770901312 
-4.936446259170765 3.2404245890063805 
-4.031644946759972 2.2342370781385226 
3.6151090082729285 -3.631755953587857 
-1.686054630976198 8.355178122531706 
-0.7470969938191638 7.250454515696687 
-4.544519516977459 2.6241839495450514 
0.21286694378427634 5.9156410128894 
3.1661562050473497 -3.8156740030539766 
-2.068419792635417 2.043328832082401 
-4.709700680217353 2.404991558495038 
3.7002529538942612 -3.4189618747405044 
2.127429512997027 7.736120948246242 
0.12240772668013233 7.56133838172655 
-3.1861913220811444 3.065589342916097 
1.3096580699570097 8.213870499182532 
1.5509642301712072 5.6497806154837225 
5.239615388986684 -3.372664277776699 
-5.356436982973859 3.9809642919641686 
0.8473286039437591 6.344143100289733 
1.8078978384607804 6.4043382879738875 
1.5908393216896652 8.05337211854765 
-4.356888176100206 3.190788087725762 
3.546547998754158 -4.257389602824747 
-3.2023510962333486 1.2748884842014503 
2.1444994939097963 7.510080259767797 
-3.7321544695165856 1.928064257645764 
-1.1662185969418792 7.640591391912098 
4.4916375303847955 -1.7019902995728007 
1.9436843859997734 6.4613489100933075 
-3.2991831506202356 4.8705939683231065 
-4.181530274119372 3.430072588842668 
-3.683078366223887 3.0640996011002164 
-4.756094966798954 4.016043819827647 
-0.7107419544926656 7.260914973256121 
-4.46564444066658 3.7398014127392107 
4.666775333469595 -5.370678256693109 
-4.557554391850857 2.849344387692227 
-4.14427187947214 1.1465300425355927 
-3.2518033430192625 2.4125336083303655 
0.999065014986692 7.843219592889195 
-2.982322174972693 4.320626700754753 
1.6413565568245754 6.1547762303909135 
-4.068003778701104 4.5490884145982875 
-0.5485133979734116 6.156873603356017 
-0.5524840160873761 7.6043955682609115 
-1.3777245391272985 6.614648625961721 
0.5078553584239442 7.524617332108583 
5.999977325296875 -4.125684208861701 
-4.316946825596376 3.483927335992362 
3.7490298032664593 -3.5209206512795306 
3.506863227458757 -2.146886151940865 
0.5787656239988619 7.135603418427771 
3.067301942643269 -3.1496425721855297 
1.3833305158512572 8.417947947432616 
-4.630526352989358 3.9205663780165256 
-3.172225762996746 4.216569342315138 
3.0341509147596906 -2.7109525747899217 
0.5807432436184423 8.273299980436061 
-3.677627874965224 3.8320813232814515 
4.95030603106347 -3.4007753819255218 
-4.763655530431722 2.8446004184343905 
4.56919527756842 -3.479023444486876 
0.49055446031634 8.54757209784172 
-5.316142897534652 1.6661692463729019 
3.9618079567889906 -3.6272712701500573 
4.487609205136466 -4.480003670723651 
5.597479542173835 -2.5351049310236444 
3.631653004999957 -4.199938792983191 
-4.788856171592884 3.8613449280834593 
4.398962968091484 -2.9388362044210394 
-5.43211168913298 3.6405230264967305 
3.6612475348661215 -1.4323223585265294 
1.0250066899353 7.075204664975441 
-4.715935226655961 4.2277582789733605 
-4.23038500000842 3.3021575229322178 
-4.729432100116711 2.9049759267387665 
-3.5165198685383903 3.2012127357597833 
5.67639006173282 -2.5560871786866883 
0.4259595197398854 6.284763500388702 
0.8147631240296949 9.18065259043488 
0.7868338980035736 8.9185448228584 
-3.3042218140620014 1.1887453200718925 
-4.837095656530503 4.17760043303421 
-3.3948537355312327 3.7976339590917374 
4.174475230845442 -3.124103483255258 
4.503160991401067 -5.859119689668746 
3.5308544457176696 -1.9492718095956265 
0.7632212100435527 6.824832136436423 
0.8165461434078789 10.268981252827647 
-1.0342134356371027 8.678614936526055 
-4.715704171024338 2.9070911137580246 
-4.515052344300072 4.167757545355249 
-5.119497865966363 3.5742197824914763 
-4.633927480808324 3.5002784122361126 
-4.542537826880332 2.4713694691368016 
-4.390660025379654 4.06665679835196 
1.8387650916452014 6.236698380444003 
3.0209884586909297 -3.5651375138110426 
0.3411707100511082 8.607920302173888 
-0.7687900224002282 7.1814217657566966 
3.636284736169101 8.063121955012393 
0.9844490724335198 7.6564102400329475 
2.8344309048104788 8.60059585002061 
-0.03181992275374346 8.087225931214869 
4.914445949709172 -4.079282811611404 
-0.19361133753151127 7.09968772867675 
2.700226675639331 -2.841417322661087 
2.6263106572188244 -3.2998649117802366 
-2.0708985630041483 2.34293972548077 
0.4114494590287 6.878130747484433 
4.490218554150534 -4.2848315617212 
0.5021834535410599 7.649305927781488 
-2.1898618593403634 3.3754081877651507 
-5.844364208131639 2.39261451668366 
-3.3103705403157258 3.3814415448700506 
0.9255287479351022 7.5847425506705815 
4.440845213313474 -2.779797874646769 
4.911871824622855 -5.12037560964293 
-3.7062025729284347 3.7189662840204347 
-4.066222063481545 2.486392818495344 
2.933939554654049 -4.335618332372021 
5.305486158553535 -3.504851955226363 
4.015254384347596 -4.133843877012115 
-6.24554256635233 5.384591831631193 
-1.6168578711391222 7.862251815026341 
4.374085529231255 -2.9506375750687814 
1.819380301207849 -3.124690767115881 
-3.863181176018573 3.2440379976014064 
-4.575224801152479 2.3412819692865403 
-5.3255589622426385 3.292005499634962 
-3.104168717669565 4.349135737442924 
3.7244431136349956 -2.4875837032708925 
0.4660774457359623 7.74551029569591 
1.1082444931598476 6.930247612416538 
-3.193926117512207 3.612839239902 
-0.18139171721715264 7.803274391248513 
-4.751713252754168 3.1660849124488433 
4.379353546310283 -3.818925969244844 
-4.002858285245519 3.1370766839837803 
-0.072223872888184 8.936085308942992 
-4.292143834519111 2.742227281342553 
0.3119810067343375 7.337431105393201 
4.402953559087515 -3.988211914725219 
1.4202006266855862 8.269298999445578 
-0.2927405256547235 9.572177257160622 
3.670614913980676 -2.430360392354173 
-1.4191728427691497 8.007472689408372 
5.859259937714378 -3.8924262408062065 
0.17510760705050626 7.890687643264362 
3.20035293618363 -3.2219015701162665 
-5.9241134423538675 3.149544207080785 
-0.37938918676425304 7.748550119266179 
-0.7287292974163613 8.569155107023793 
1.183397133071665 10.117740294140418 
1.7759637245576645 10.078349648209045 
-0.060042853690083886 8.4735828716248 
3.9664199442605867 -3.038529924312219 
-6.312762382488227 4.543549615874608 
-4.815013227105878 3.0177330576993313 
0.08059648219250182 6.665330444336963 
5.857949018742203 -2.659625803191102 
0.5912955822398159 7.459744460057667 
4.90521085483984 -3.4523380338138803 
-5.055795202899594 1.771859744117104 
2.112760048771162 9.914118600393156 
1.9999820555658432 -4.299994065989432 
-4.417127855218349 1.9345691621228394 
-0.1838081447217943 7.030372045524794 
4.024421160809425 -1.992089302716001 
5.028725878669368 -4.2353856025503624 
-5.627249700009972 3.4692025527475248 
-3.8094379631993345 3.711286406855265 
1.0512970746705856 9.474356413494533 
-0.26476236920575447 7.88250713938647 
4.1227251395742055 -4.417280527777766 
-0.3307141793331638 7.904899329232541 
0.8587222675218169 5.606455269125522 
4.22504030108902 -1.5856636399233006 
0.4340044113726913 8.193210088642028 
-3.909182960795931 3.253451633813305 
2.059146315962591 7.264650897780657 
-5.608434908426955 3.1361079674529306 
5.312817742709251 -2.961509249003202 
5.246160635538882 -4.054266330118007 
4.440826104923884 -4.8845049534966165 
-4.484713166519057 2.736495692833759 
1.1822393296597897 7.222499408003745 
-3.804840825313577 5.217385237819454 
-4.82556346665259 1.3696079514466248 
-3.8527168849809215 3.3396326833301004 
2.0527696730066407 7.6990209723714 
-5.81597108684816 3.2927970658506114 
0.01451855041805894 7.645438062491479 
-5.6255898460202385 3.132930204663466 
-0.4295738293015491 7.904241544850149 
2.016919602996622 8.037889705956658 
-5.200289931293744 4.086250604588643 
1.0012494675906958 8.325831356080231 
3.693631019408498 -3.767510828241688 
-4.277815883799161 4.179831693011166 
2.777930783542822 8.915848234518277 
2.5416984269749037 7.169355611615173 
1.3949216912024136 8.714188107720648 
4.8788331288008076 -4.173015498686105 
6.005645966743129 -3.616816098288913 
-4.2923064328071625 2.0173004005864934 
3.8084983157926455 -4.550122399698728 
-3.3708278539837977 3.6281766077557362 
-0.6120652463254308 7.633669905999117 
5.418545033284522 -3.291340951636426 
-0.8694422237041348 5.43628199728507 
1.3500531534791635 6.256506672327595 
-4.721514224540863 3.1272541551940853 
-3.3346329002889536 4.342167300381658 
-4.554818387335372 2.717106783081009 
-0.8850389008361363 7.777652387216522 
3.4629221925248257 -4.112016722158114 
0.10723958158540081 7.738615762600421 
2.5176649973330205 8.009673284068805 
1.7007705328047278 7.13840363176595 
0.7963758799679211 7.3433456450806 
-2.356304007166126 3.632739226528811 
3.4380256689264836 -2.1259069434215903 
-3.2497195484135153 2.67851732030259 
-4.4924806965496655 4.647772890695441 
6.292933652267832 -3.8831697980967435 
1.8588043481788992 6.837800961208874 
3.0582248110193655 -1.8947263802601673 
3.320888534959949 -2.585909613926766 
3.0029228506586363 -2.8283855801769695 
0.6283353328461155 9.021492595804322 
-3.729108151843422 2.396673493511564 
2.6175723705277503 -4.044432021901842 
6.7553248976538995 -2.9162529139496307 
4.164309728043717 -5.040737658939742 
4.297180694518817 -4.020911654287754 
-4.694707387091051 3.5508761248613316 
4.25039619654758 -3.5393324500942813 
1.4539494729738884 6.54039626072592 
-4.923205619072238 4.292236245668133 
4.229122716830026 -3.2323090479956678 
1.702739737645188 6.124470775836138 
3.1307031310396978 9.20311447033019 
-5.030733414344153 3.445497056519299 
-0.044618290572090324 8.779313744388228 
4.169704281473416 -3.2665288467210893 
-5.098645262625617 3.5400351898179885 
-3.9350206391782825 1.2688669092709994 
1.6801974047073929 7.786188430638542 
-6.315637452817059 2.6094998118336505 
-3.4660650125224364 2.7070392220752137 
-4.7609609273421185 3.61865579611064 
1.7464586492287877 9.298758497105444 
3.780464192415881 -3.8773515092648747 
-0.3387835233574371 7.4185281040707975 
0.8745132565115301 7.580477752107637 
-4.306946282425911 2.5509195235235675 
0.5699306360663708 7.320572840786886 
2.308863467349237 7.318545532339073 
3.933961273301336 -3.6097088726033606 
-3.578530192174659 4.996271616352793 
-3.4457781266988254 0.7786311918677074 
3.2218523067795224 -3.961671486739885 
2.6440162320861695 8.347551966546046 
5.633583417824383 -2.7275313455920855 
3.861292216125617 -4.542611532609757 
-4.643118607701233 3.1908611620249254 
-4.336160700890245 3.2359816208644387 
-6.934851501183761 3.484017875515268 
0.7631743266844659 8.27126310981039 
5.851198379756923 -4.525498302783059 
-0.3085239361151194 7.384315747835851 
-1.1584893934419669 10.216707907377417 
-3.6548060878815853 4.553035241439407 
-4.34246154084578 2.577984871485085 
0.609866417869983 6.694199039118169 
-3.2585790667767105 0.7085837798823706 
0.22669098205316168 7.649561226012656 
4.761855666991082 -3.3528466849676044 
-3.585974365939865 3.3493257813656356 
5.976063098085783 -2.2907950246210396 
1.394037211404794 6.100809295088707 
2.58930852564223 -1.7540947619447431 
5.490101065027323 -1.9932863118776607 
-6.465249064314804 2.0922943782379813 
5.065189683838064 -3.116327426630065 
4.193560188184053 -5.343449056150046 
3.981648907816541 -3.0845138420361193 
-4.987617914626401 3.0123439718179283 
5.185497559630133 -3.6334154277089783 
3.9996803683896376 -2.74426977658156 
5.0550079026789225 -3.3367919112944633 
-4.261405212191506 4.00328466835352 
-4.189119680126845 3.564578026366279 
0.6789635786240729 7.574778946423851 
4.054123494854717 -3.1535288082107487 
-1.1626000126689107 8.753366312648497 
-3.6172992115382563 3.0101785030722716 
-5.263758486737791 4.521711838778398 
-2.954515790163576 4.544235762826879 
-3.1939994154831712 4.028165655520849 
-4.679578820900322 3.326260980181232 
-3.7072656853299266 4.312995197421528 
-4.412740815832962 3.6670645041765857 
1.3843139027593852 7.42940467727965 
3.322478550637958 -3.8991885579648993 
1.0645281255019015 7.863372984978577 
0.2148438886050557 7.215962230380806 
3.376923512261902 -3.419631555675109 
-2.820971066385142 4.653916324755944 
-4.929168015986621 3.379282695950696 
0.6896678786337752 7.964924687106775 
4.721228581418347 -2.926382047249998 
-4.578317854414699 3.0336158896204495 
-4.206532748488117 1.6714474872846135 
1.3972355229019398 6.377751841298 
-3.255657725458517 2.2719149467053175 
1.4350623870716115 8.664926327356559 
-3.9168212011126533 3.0453301163720385 
1.3814195081467067 8.38149506876764 
4.6625588247815575 -2.7943730857443843 
4.69358293936109 -3.400203953996549 
5.062759476783348 -2.9701872459570158 
-0.29244321339681767 7.066790383053903 
0.6894917489687867 7.59765638215404 
-4.324829673609562 4.238303711771049 
-4.149546178841148 3.231021438155591 
4.494610799398591 -4.578045368940609 
3.3432564298316585 -3.97520002722249 
1.4648679384899386 7.844379986111067 
-4.832656094021937 3.0176870013730164 
4.9451594381836586 -3.254938187133499 
-3.5511525712124756 4.10862272776064 
0.7160468523041904 8.473005918077792 
-4.8322544592747265 1.6440421444602302 
-4.059862992827242 3.72679499118241 
4.043287741242458 -3.1880000210792203 
1.9737205061753285 9.745918461654378 
-0.5112411745178731 8.044583649078854 
0.517522210645099 7.133591555641754 
-3.946484496086904 4.750318448556381 
0.7853511432517014 7.166661665318473 
0.3056691797792004 7.473396653095521 
0.0010283605431485876 8.89681752581295 
-5.14439231264581 4.276464921331848 
5.017788464151846 -3.1271131045852867 
4.750274760463867 -4.50046280400874 
4.414921859008906 -2.4351289328869408 
4.877610041435792 -3.128311076224334 
-4.510971050270174 3.450155537520357 
-4.710914704589648 3.7993868037143215 
4.04897544856549 -4.680416708912925 
-7.012154104609831 4.640798399594602 
-3.746009874024404 4.959332013786541 
0.15393815021832924 8.343882876853389 
-6.008712702830605 4.3671161770479126 
2.407337926895157 7.765891216956619 
2.1505765459507815 -2.0156394371325623 
-0.13501585285171813 8.109713262652086 
-4.509170028553725 2.1896214897537174 
3.302153048431175 -1.9145099991228107 
-4.551490886307174 2.59943282718852 
5.809240543271607 -5.541338375971635 
-4.489084140297317 4.913871633797045 
3.082355098731541 -3.2633917282426936 
2.093279766559247 6.920040505125599 
6.376407359382284 -1.5305122892889025 
0.8560571391581446 7.557340051299346 
-5.041941093561917 3.200299372889749 
-4.4687667457516005 3.254833970126749 
0.7223794231814296 7.35356629139033 
4.548443653807391 -4.857258249007707 
-4.1211699763034995 4.408056155051524 
4.535646744688319 -3.262554423006401 
5.34816787621925 -5.564944382125081 
0.7848469158677623 7.541418720311199 
5.299022506685543 -4.175020294071556 
5.000374207054432 -2.930497788130352 
-5.211956556360296 5.003774348282125 
-0.1810815756111661 8.403998644082238 
1.2586927180204865 8.87157292445224 
-3.9807995045628854 1.5850747913706527 
-4.519539824632467 3.642224905852257 
4.010203595258751 -3.3467961818318663 
-5.024160290661305 4.835702222234829 
0.5765976877391598 4.873970990306697 
0.5955178453699768 8.294608225979477 
-4.8061547432214535 4.152994975313483 
3.5873841223691114 -2.804946541816952 
-4.053575554645869 3.908116394186877 
-3.8521650325345345 3.9604794697896955 
6.290737931906669 -2.089199654160432 
-4.381068254480648 2.975215412772015 
4.759209186879531 -1.6768375694334532 
0.6206051207231299 9.005477060608385 
-3.5568982117316748 3.903940884045281 
-0.7672629024048838 7.269892637373712 
2.006413850857962 8.27593897223535 
-2.423492665553696 2.175810293376978 
3.182960834883911 -2.7122925998256386 
-5.184477715869067 0.9688148003199211 
-4.480920976357018 3.4902964329700437 
-5.295925532280236 3.669971449576291 
0.1572605227974696 10.170651471420602 
-5.81055730405291 2.8127454797723286 
3.572913258329383 -3.302145806362221 
-3.1128024678111763 3.031165378258392 
4.954364958736695 -1.7582410456261475 
3.497974533695995 -3.0626409570566557 
-2.8574103225123157 2.55268903212605 
-4.776673500114975 3.3428201910337028 
-4.990819569454044 3.7362094645735477 
-4.206493978114699 3.7814721744836253 
-5.135407521954699 5.607572550513229 
-5.241620730265875 5.179441077125855 
3.880234473161453 -4.4324920263944305 
1.0074140755221117 8.67093208955094 
3.3584197363786155 -2.760775632123267 
3.847018073329624 -2.41840375754601 
-4.03294141339807 2.6545762022877666 
4.899192630869973 -2.691546348463416 
-4.539261936146716 3.002480591735638 
-4.030011089961533 3.207468158166971 
1.7017901235253041 9.521743169565987 
-0.48032960130925506 7.2024808541567085 
4.7031743195341535 -3.9650934548971613 
6.042655862625306 -2.299924722067559 
3.4229463806811222 -2.3289169832880803 
5.40290043891263 -3.39176333288741 
0.14254551404755206 8.590770657632172 
0.13719598321918935 7.696344215282457 
4.534082694474783 -5.302720560862378 
-4.586528856079772 5.099529551405672 
-3.70353614666504 1.7326824425332805 
6.450632624762999 -3.8925560819848677 
0.9522612058533535 7.509144963546193 
-4.288001548789645 1.7369244101569024 
-2.624437001646669 4.450434158050508 
4.94978377428415 -2.1743537329989193 
-4.315674505468357 2.269855518573334 
1.1933852562630705 9.124693793281793 
-4.3801123825650405 2.573921675317617 
-4.196178188641019 3.7432655522662714 
-0.5907562331997309 8.598375194115432 
3.936685048776693 -2.7984403909354665 
-5.336721416764534 0.9327276651703187 
3.90463187620177 -2.747058509782037 
-5.66536854795261 4.412681276248264 
4.126483970197864 -3.5623043292917185 
4.530872433883341 -4.576154510833145 
3.8132143537661536 -2.8544094705846135 
3.5242809801305413 -3.214130650262574 
-5.644985478055135 3.5201203948735476 
1.5059532060547802 8.76607654574229 
-1.5163885270838007 7.051779915425527 
-3.0238895516929976 4.342461962427891 
-4.009505262389175 4.701614823934009 
5.287440310707862 -3.427304282115558 
4.144193448356784 -4.782425813630091 
-3.9085189181782805 3.1203526236552857 
-3.774520950660016 3.432642144324106 
0.33668675954138716 7.638110271819086 
1.8012555903752003 6.514682968981836 
0.9007780943307466 6.980877101860498 
0.27669214318715407 7.096622931972954 
-4.164337164042318 2.7328242479693556 
-3.9795105363106997 3.414915664201438 
5.963673906731144 -2.6331187827526046 
-1.3428064519824177 7.336237470314466 
-5.096575536756944 2.8196937323144726 
0.37323075448869636 8.11655014720994 
3.087364820181948 -4.276608037406418 
1.4099571193796994 7.725553292246249 
5.6337375437220185 -2.243179354911416 
-5.974119669256355 4.372211326496351 
3.7184395235109586 -2.72149383039678 
2.0511159890088706 7.257440706634998 
2.619303856270098 -3.4650919182619044 
-5.536646433183839 2.1303702633463573 
-4.469942411340247 4.330367135062989 
3.421773174284262 -3.064178092559965 
5.732293078041541 -2.7540368162758706 
2.863454141369905 -5.321234859725518 
3.3913853536383156 -2.4432365931716324 
-6.5382206192729555 3.1660540598307874 
0.932223553719472 7.2711471248354655 
-0.5151224763848488 8.138234246655744 
3.8242210608831537 -4.511193703917838 
-4.264032872781707 4.02592286790787 
-0.06982803578672359 7.902703968854419 
1.3778618955950677 -2.4722018718406127 
-5.307156020490511 2.478183149776208 
-1.1627568972559075 7.862092701879092 
5.3989802219685785 -3.332064123907108 
4.905916992806611 -3.2775850671644813 
-4.4191641212205255 3.154217430562849 
0.12786197951138423 8.027116902856564 
-5.690582614004086 2.472099038174197 
5.844053905102277 -3.9428945354518805 
-5.486479756133532 4.416852953444967 
0.30938034139098575 7.267965970743223 
0.29405241704323853 9.444934681366679 
0.3806263907645656 10.23504897354851 
-4.407628324644088 3.2136624712783006 
4.990172787624456 -2.2748702048487863 
0.7278803384359196 7.194517646943392 
3.223289968519186 -4.094716280549253 
-5.033107711242532 3.2419425097540713 
-6.007525401235729 2.429776667967818 
4.726543987035961 -1.9716730542740692 
-4.290739459718582 4.98008335313952 
3.0815222060475262 -3.46657721682375 
2.7431892206001196 -3.7556448834346554 
4.852807903197875 -4.1033051281193975 
0.3177466731440174 8.59259252602053 
4.707888682782979 -3.00270786153811 
-0.22089860764261315 8.720380280043287 
6.0558087014044135 -4.177411930965713 
1.4218282759614944 7.596669876405976 
0.9025615771392752 7.920309574175835 
-4.79491143012947 1.8923153135226802 
4.717859976046989 -4.6818409327258355 
-4.736129455395162 4.658532133168919 
-0.2652561721273322 7.053165571031997 
-0.343372420834272 7.305975071580048 
1.8363810942870444 7.762602078199139 
-4.183991181696072 3.199837818711261 
-0.41609124455824575 8.160899228945855 
0.4466742867070237 6.463448661891888 
-4.143597323905801 3.498879069635835 
4.922198643457554 -3.444447629892415 
0.9284781295572928 7.466861858457134 
-4.316466444095831 3.296845819209496 
-0.3149274495260085 8.401335084100397 
-3.961611472304 4.304211246449876 
-5.0915916019916985 6.043398967613335 
0.8539188809251675 7.5567794237401245 
5.429195598606633 -4.443301567834724 
-2.9102073458552447 2.704162274140036 
3.991710919478117 -2.6340477741642085 
4.909359218187315 -2.6987529565821653 
3.07041101392829 -2.6894481470819427 
1.0327707914781752 6.335229323338687 
1.8577419613436537 8.013931413177373 
1.5325068891193836 7.580130759858709 
3.3899013135595424 -2.0668263351249285 
0.362624974612946 7.780843329078986 
-5.932128403386262 6.254285266586565 
-3.103946608202377 3.3887844262906603 
4.478780309032724 -3.5303582359594126 
0.15985833070982292 9.365479258750241 
3.7083311372301955 -3.3091531632000124 
0.0056473353692571004 7.791294947617025 
1.9458227862463073 7.908536462604933 
0.8929371295606555 7.248728709318906 
1.8415720846337507 9.019838113397237 
5.1304900869533805 -2.865557321170942 
-4.448664822129383 4.643661285315506 
5.184608523083617 -2.3813060805385455 
1.5794695414277555 4.627184593832722 
4.3502050473310865 -3.0376015268858425 
3.273082495172396 -4.641802759079364 
-3.085729060627115 3.872056985803886 
0.29254961974951865 8.598709747969842 
1.2043994909795226 7.745020845794761 
4.855165387283829 -4.153001759610124 
4.373676270955057 -3.0202785988850316 
2.3266186024225206 8.25144197598117 
3.228841257073756 9.004017668620037 
-4.1394037414987395 3.3548085897136684 
1.4741759142895485 10.397081831617879 
3.126760979093898 -3.0047539612404712 
1.1982824711727047 9.167284066125076 
4.442754949733396 -2.571580932440776 
-5.042031735071495 2.5652651436346945 
0.9674376657241371 8.198202539698322 
-5.955046538719584 4.158854664341837 
-4.6606129044087705 4.438493924258496 
0.29616435489247933 7.814887138162267 
-5.097298956392322 4.023589537029961 
-1.436736702259349 5.788129411341204 
2.746450186243801 -4.597162807627905 
4.281841058232058 -2.500023214373819 
2.954443617373352 -3.449072845073439 
2.554429289306349 8.238083232327787 
3.2972168192156404 -2.0837859152355187 
5.624427040641212 -4.0669607759201405 
-4.740488467797224 2.233431735177113 
-6.66548453281486 1.6981990507485192 
-4.1269227685701315 5.189984625765788 
5.096042235309713 -2.6021865469458274 
1.6822673679917406 7.571929985144965 
-4.156945512391919 2.193774869600455 
3.5547416664519282 -2.2823640114034074 
4.919484328115398 -2.5860847086929866 
0.23317426903331162 8.139005401839748 
1.0960236339546352 8.721837641958949 
0.09294470581019709 8.308902801469507 
-3.3462959896447524 4.089496300259661 
-4.995509232449854 4.352155619357331 
2.8494125537004535 -1.8821485964062759 
-0.7900678449327614 9.2311444682727 
2.528811588560802 -2.0398469460192468 
-4.072772103461897 3.7563358626198884 
0.6855139013637775 8.711767167999009 
3.208739459378613 -2.1427017385029843 
-5.180995718257905 3.4738992480608304 
-1.1505714657329171 7.3621073310362615 
1.061918119434401 8.755594026910714 
3.856904526127033 -3.607662732225422 
0.23373772568454454 8.764384069677993 
-5.5542024550744 2.588406280075302 
0.015247124374669574 9.423946152959788 
0.6976938724081622 6.447912673299656 
4.906169830700518 -4.2094605160814105 
0.2742279219146983 6.22828946098086 
1.8524308810652574 7.974522988257169 
-2.729825114334548 5.035817051686242 
4.790497465816986 -2.92397866243077 
-4.582885035751267 3.1820228923605365 
4.454490901195368 -2.656610778271702 
7.058460752910575 -4.932615286320333 
3.796336018115062 -3.675244978295004 
-5.260134249110452 2.520985530054345 
3.6393668247763737 -3.8465288421356294 
2.887658959336684 -3.7518544510532355 
-0.8203205894582528 9.043188659889509 
-3.6534437276047647 3.77894223134872 
-5.441286307585576 3.7090858644196105 
4.115390325684444 -2.8732220923082483 
0.42466624726222996 7.833033963625621 
-5.524646160079041 3.9134876469575675 
0.09405491466675586 8.636744650062777 
0.14792833681773065 7.443972335690921 
-5.940586854220505 3.7573659897759457 
-5.030130454202308 3.6399812682819688 
2.979925692105563 -4.525579636407912 
-3.073430003488064 1.0928867590159292 
4.08208002406075 -1.5447514067576116 
3.3534634489101456 -5.063286222376872 
0.44038208815358926 7.145829006019701 
3.3218990378693727 -2.6026154175131198 
0.7656424744762564 8.498624359062225 
-3.7013191986863054 4.383441855023347 
4.596737335403309 -4.672447013123906 
-3.8158288594209973 2.342169614016636 
-5.8838843188724335 3.975900390408178 
3.763676289547827 -3.28115476975661 
1.6090100125755822 9.450679636941635 
-2.554857779435082 5.098312132048067 
2.129875989395313 -3.885180360849537 
-2.2842813444475127 4.143595461562874 
-0.5824243902603561 8.023437902089439 
-2.5121958752579485 4.439516253917905 
3.7657932091116453 -1.8066419988142386 
-4.641006721660409 4.274621910257486 
-2.6672144377879032 9.07989090334287 
-4.658443139919688 3.0761865173646727 
0.4306670182693444 9.872069368301709 
3.5316993074935796 -4.09702862541871 
-3.1402567382723223 1.8363323445017619 
-1.8382045979102108 6.810471884277875 
2.087303492262231 7.096243518867519 
-4.003344637529969 2.6031085500107083 
-0.7675710446686765 6.885128567852097 
4.061200071485707 -4.450257987947726 
1.9769805831571734 7.250777320270835 
3.9406543745382265 -2.4434156906592954 
0.31711954874480586 8.336313442067189 
0.8417067797895115 9.097643077090089 
-0.5536849136358544 5.524281186279271 
-5.331140070740366 1.7219806004247 
-4.302967762455129 4.18905268078304 
5.628629975047237 -3.397111903392198 
6.81698426809046 -3.688282059567002 
3.0335938497736747 -3.2310784018808043 
-4.150868754582734 2.495867659303611 
-0.4513984604975483 6.108371132976043 
-6.0027480028833144 4.261628124025004 
3.9216058533912834 -2.191047510837005 
4.325993940468093 -2.8396650730327377 
-5.29469860028762 2.703627729395505 
-4.017788143593091 3.1289195625572654 
5.829690081090355 -3.6015890061024933 
3.39640085626431 -4.2232919097220645 
4.724544762124645 -3.784837815505296 
4.135916737645221 -3.07609412652572 
-0.5867604721688364 9.238926270571705 
4.691300346737785 -4.501837713978542 
2.9824276603223243 -3.49131469462863 
-5.253364474966719 2.3487353627596557 
1.931960661149791 -1.2187921432668745 
1.2422110687128591 5.987913160863728 
3.2743901316325195 -3.606361423041903 
4.118610367781761 -1.381708419868646 
-5.001451073995852 1.6604898148679836 
0.7338630576415279 7.632001518506671 
2.3453932045272934 -3.9752824102005144 
3.568713469086741 -3.7841609735598873 
-4.330998522674839 2.6366767330922407 
-3.7423020288511286 3.0237489538318663 
-3.9728172567811697 4.466555948707079 
-5.318781089213797 3.3704101677578118 
4.9587828422656886 -5.535340159826094 
3.096301437178859 -4.006060573544358 
3.703048441934436 -1.8799820386066237 
1.293359664547618 8.405459299343168 
4.714901749911706 -4.4366147137993615 
0.5909002877301973 7.476663466015141 
1.1873382544649616 8.286412978130713 
3.495074627868319 -2.541613969227895 
-3.380236302617761 4.627643344402998 
-5.090612615518185 2.174789246839681 
3.3243577935869677 -4.383660829790642 
0.93259193445291 8.224856911539575 
-1.2622987507670818 6.175442973498573 
1.174211673949635 7.74160461467408 
6.104098393984937 -4.022719989440387 
-3.6771331776610126 2.325760404586049 
0.4053707446449861 6.896922287731757 
-3.0387735222497594 3.0777114656042497 
5.724478757184053 -3.458593882010843 
2.979976266058805 -4.039263444362917 
-4.678292560680295 2.523014035089905 
-5.588302696345285 3.0039544472563913 
3.206898790738793 -2.6244001899076608 
-4.447824148056354 2.834275797681828 
1.080160412165446 8.58746881038669 
-0.20211139457408756 8.197938997284188 
-4.217043434160318 2.354278232523628 
-4.55176226852772 4.126586647905738 
0.08381945152681008 7.073693484195475 
1.299874914996864 8.978208149753371 
3.243909014485628 -2.1483812720627915 
0.7683661248597233 8.22505635072366 
2.030192210000181 5.821264549073313 
0.4695083883982919 7.828214424393193 
0.37461934488282456 8.256282884796564 
2.024012075108238 -5.068174264040727 
2.430231393235303 -4.084005090902605 
1.2637882026652643 7.157532636829179 
2.607229220039247 -3.4905848068297267 
3.598224496681163 -1.9480364430191275 
0.2590243595920206 8.506065656943957 
0.8074935641158618 8.973274239600306 
0.24502877111585353 7.2400787474348025 
-4.640357467140388 3.5293728635837964 
1.954888369101777 8.133988351470853 
-4.4680579176581245 3.686209988574065 
3.3994720755023278 -2.5916208836905876 
1.7136015832997653 8.577526999625903 
1.343334291974545 9.029993126605815 
-2.655472942617481 3.027497388004643 
4.67443243721024 -3.7975311829288074 
-3.685490888150939 2.9958727435791137 
0.7005414056026875 7.629066917142486 
5.936061218265031 -3.553715552027871 
3.301930112073562 -2.4021467676034183 
0.45750795376927433 8.199492350662728 
0.5429451766268826 8.427159605060858 
-5.126768936078077 2.8447242468517677 
-5.196729428133643 2.824849576942473 
0.7300913676451628 7.3676355848375525 
0.2800054956238061 7.272664942818955 
2.686181758427614 -3.157358684171726 
-5.4128644145958535 2.6095236438382297 
-4.119445815990087 4.82877926443442 
3.0894900168297683 -1.5693121894190225 
-5.072345508939633 5.016175016316164 
5.886069139409501 -3.931048865748189 
-3.7347812901271866 4.014203877848833 
-5.075039005202382 1.7199356090136173 
-4.175065070772286 4.142302404851597 
-4.649064919625698 3.498267202158914 
2.5186866799892504 5.890854131441613 
-4.063820996073791 3.031111968414085 
6.170772777665868 -2.442917674191641 
3.7828236762813905 -2.264458296423716 
3.292736804889789 -1.9692929757326776 
5.131257375651014 -5.291626690519828 
-5.19570948933491 4.08914875304994 
4.39129682139323 -1.4178410833470487 
2.52756248557096 -2.9660713185649676 
-3.3656553276404155 3.267059709938781 
-6.002662463394528 1.8600853823604884 
2.42630724485904 7.256595346246363 
-4.981222209729518 3.358630106341646 
-0.4479843061433614 7.123658984527546 
-4.075814296061167 2.9427726846796527 
4.907113593869565 -4.6992391758721554 
1.657651221296695 7.135096788893992 
4.098026204029745 -5.049830195512722 
-3.6761906357384637 3.811457697037401 
-4.05233015578835 3.1978618393573828 
0.2789165877607643 7.978201107519114 
4.7585452881274914 -1.7364470078945338 
3.499515145966412 -1.520779188355118 
3.3649135482064345 -2.9281471732769013 
1.145282071112664 9.70187177425408 
0.26038609718171085 7.375513928107022 
3.2208098485269163 -3.8395494323420545 
2.048618000618724 7.279800011717407 
-0.9591526731112145 6.422605402102801 
4.273219367393696 -3.0712541906206563 
-0.3808262501902785 7.782798001211107 
0.4400130027380985 8.811465683435394 
1.472217047394293 6.7519841201363 
-2.7553329317619473 4.98746916754541 
2.885005480767189 -4.081254621386176 
4.728188168086162 -1.8118495408421622 
-6.322418210276443 4.338575787323999 
0.5044126705959678 10.866202854048707 
0.26222542647303304 9.814379392386416 
1.8446707788097043 7.998339756277862 
3.11372331473806 -4.351905986910282 
4.248517562436016 -3.9871123040831327 
3.6190850416945137 -3.4623395249624473 
4.4735209403219445 -2.335883853090311 
-5.216175841008481 2.9801905944288642 
-3.1439221888866884 3.978353801485745 
4.484531083990172 -3.55890121762377 
-4.23794468341221 1.554251709798272 
2.4300907832251033 -2.6747236614230343 
1.119851777512114 8.685879716764214 
-3.767928663813001 2.61533684070572 
2.407138992224672 9.016557006666684 
-6.467830451554498 2.518877037747022 
4.968409100929671 -2.5492555464165054 
0.934137250274785 5.846603432706694 
-4.491248468184025 2.589608692697783 
0.8030855860740908 9.776050749197472 
3.2271467168754677 -2.798415777541084 
-0.33181668388930197 9.374028199942849 
-5.682506373914685 2.80453726209753 
-4.035574482273777 0.7846184646476564 
2.4744814603055687 7.989082342857451 
-3.8735028874259654 3.212136264714486 
4.400696311574774 -4.0195572348108355 
-4.514966527354268 2.8209635082542315 
5.330480988957699 -2.3560886768541476 
5.5803433483145595 -4.8062812472873855 
0.4635627693029493 4.6180904660314095 
3.8265876733546538 -3.6340948616377178 
-0.43947030180466384 7.596427106474088 
-3.448807420606056 3.34768044935085 
-4.855343517971112 3.54429550333682 
-5.064473106803557 3.28849513945312 
3.0013274175714115 -2.27199945200196 
-3.666640039416226 2.826801969772221 
-3.1075894737097167 2.0650529936771536 
4.931264577123298 -3.8426253816714357 
5.689535968849423 -3.5205621309153634 
4.255201806157344 -4.203429457272682 
-0.05811804691679223 8.314406927739727 
2.359504813873758 -3.5474793417663197 
-3.798836906741118 4.547324837210436 
1.8382306073030747 4.513044325790876 
3.8654963810452836 -5.0343635825634205 
0.7640595715721396 6.325448916640699 
1.2080337490784905 8.624091303170097 
4.7423214308076345 -3.851767626625608 
-0.18988544378550465 8.763654287250416 
3.0192645109832954 -4.4713494179662385 
4.228567229882431 -2.5483922532692853 
-5.920267783720072 4.889350216541402 
4.022055634115603 -3.556855825715805 
0.6478454900231598 9.055354374664843 
0.7155991732255524 6.716310237825498 
4.402587030349968 -2.637443873570026 
-4.67897093931924 5.757204053421413 
-4.606317637917044 2.466465062588749 
3.789044084997512 -3.7456587205982443 
4.599100271873738 -2.73230453057408 
-0.08602836658593771 7.0143968940426245 
5.036564311426575 -3.438956416611855 
-2.7524575628747714 1.6125133769726847 
5.1972299162419695 -1.7376245586123964 
0.877172925427449 7.865082558170387 
-3.448363476712269 3.770359913002731 
-0.11128419740980755 6.380782897062524 
4.027740079675104 -4.276747180445721 
-4.592877246956059 2.731068660878433 
4.516165857628228 -2.8539808154352238 
-4.603424011671316 4.001497704331221 
0.8496393062135398 7.444177988312859 
-1.0402314813380718 7.541875988248013 
-3.40984025363992 3.602136461725612 
3.5616967214101143 -3.658554783923265 
1.7854464925629165 7.681107261398957 
-5.314356195457451 2.549840154927215 
-2.794782188565481 3.425719501341833 
4.270915047331538 -3.44478794867171 
-4.42292344243725 3.6727510156326857 
-3.4233359607779184 3.940855301778231 
-0.7913059906659323 8.576964005968417 
4.816812614244037 -1.960527970233294 
-0.8342820305217291 8.507683076625224 
2.6888036125737957 6.585026879239743 
4.155174821826381 -2.995096295461927 
4.034870960988657 -4.471994366001921 
3.8882648329434017 -0.7631415641912809 
0.5777305059190728 8.041096057671268 
0.4024325911759363 9.50323535506577 
4.551361173335641 -2.922327200532038 
2.9031169773878758 -2.6938921274653147 
0.36614565219459894 7.179678666161795 
-0.45690828785402426 7.237248348812987 
2.8355788825139134 -2.460724860528659 
2.575673185928685 8.474414247529579 
-3.4854163651332466 2.115632531644146 
4.157560886025362 -3.383917968846617 
4.1924542126838045 -2.708335529262907 
-0.46845564732688083 7.584067148674277 
1.1279455252680657 7.054101116170899 
4.092107904634644 -3.1513257004206894 
4.597387845773616 -2.2907661227756595 
-0.5848987041063103 9.393643160895042 
5.415088520217279 -2.3475247545902658 
-4.705291115723603 3.74317278831271 
-1.4192124530909802 8.93337377097869 
0.01181328341020238 8.316223447843727 
2.792377830278813 -2.129875910859271 
0.5866918428927066 6.280168122307488 
0.7187957099590375 7.840710388179939 
-4.635245805110019 2.674825025199001 
-0.2664043942373978 9.185269205699209 
4.63314096576 -3.133153171988429 
5.381538651897076 -2.2614970725489156 
2.5861278013243965 7.495048523645221 
-5.067225939433548 3.1287303980406747 
-4.000683296052996 2.4495833312460418 
4.743623609818831 -4.640299786787063 
4.743865805083861 -2.9864354726743785 
5.58163279179062 -2.86246868701025 
4.988584074089649 -1.4803016658256083 
0.40435138910862395 7.84714728108597 
4.364996684296687 -4.056164946128344 
4.790527282538626 -3.323878863860611 
-5.329197889531981 3.47843867865324 
-5.941091102145235 1.574489266835811 
1.7617487722030811 7.116646539694997 
2.821380602986089 -1.0063276298335175 
0.874447051519593 8.648455788251075 
0.9805720584708639 9.010376290243967 
-4.969616847702394 4.349305014426141 
-0.009938362821543922 7.02694993849383 
-5.5597512850612345 3.7285379059049597 
3.755480529551648 -5.6510290621674155 
1.374671039622545 7.211933088282071 
-5.022124971990558 2.0220495120135187 
-3.312028146530106 2.970803379003385 
1.2281549215633674 7.952802491610074 
5.250246767275448 -5.11956746593962 
4.828218795783092 -4.252540652547006 
-6.180208163343068 3.3403947496337376 
3.0989916028072173 -4.164296440795305 
3.8325320958983795 -5.062310127579367 
1.397888432021841 7.118556396246022 
4.510264635702064 -4.627808031511839 
-0.4486613454263443 6.886697845817098 
4.523407925227876 -3.0603481763145894 
-5.431067370836193 3.1686660873523205 
4.332429971178333 -1.8398322337010697 
-3.9407025877403203 3.811597943358044 
3.931430310771787 -2.6331037763787255 
-4.822043887230501 3.2586267694190383 
1.8296742637689605 8.617476362557213 
3.654363103306514 -1.044467915123525 
-3.466246221983627 3.8711641996283728 
3.6074944413976735 -3.7391694685807217 
-4.983128803778157 2.132278038074932 
