5
0 300
184 0 6 17 7 120 147 220 293 36 39 49 141 188 218 280 285 53 10 54 123 153 171 178 179 211 213 239 257 263 72 81 122 146 157 159 202 160 63 135 143 261 170 182 189 231 15 20 83 215 266 276 284 240 175 245 77 94 119 154 185 200 219 233 244 250 268 275 73 87 152 183 230 296 281 287 19 9 14 37 42 59 74 21 44 52 75 112 163 236 247 269 270 76 79 82 155 195 161 205 264 282 292 31 51 1 18 35 46 62 58 89 90 48 69 86 111 127 136 149 164 177 181 246 288 297 100 104 105 24 41 47 71 93 96 109 121 129 144 148 167 176 204 209 216 286 294 107 158 113 114 124 134 140 166 186 190 197 201 203 208 222 224 237 241 243 249 251 256 265 271 56 70 40 43 103 137 33 60 162 199 225 173 217 254 133 5 16 25 235 29 30 34 50 66 108 150 3 38 115 259 180 55 78 131 156 192 253 210 248 2 28 45 110 238 273 255 258 295 165 4 11 22 187 232 299 207 64 102 223 226 8 12 61 67 84 88 91 32 172 97 13 26 27 68 80 95 99 106 138 169 206 267 290 101 118 132 142 145 168 196 198 212 221 228 234 277 252 65 242 278 291 272 57 92 116 117 125 126 139 151 174 191 193 194 214 23 85 98 128 130 227 262 279 283 229 260 274 289 298 
1 294
428 308 959 311 498 316 1005 340 983 356 361 362 461 822 366 313 385 870 1150 422 439 1018 444 304 384 416 590 628 669 746 742 784 799 812 821 877 1002 1032 1034 1063 1123 1131 804 903 964 1104 1126 813 1194 1257 1272 365 1294 353 394 404 367 403 612 740 825 923 962 1099 1188 426 1142 507 430 412 431 775 843 881 882 930 969 391 1036 1175 1198 1214 1287 468 737 528 887 1252 481 678 743 846 888 992 1094 1138 1205 1209 540 569 702 582 408 1105 1243 584 633 301 632 317 381 440 513 458 541 867 1079 1285 538 546 591 631 886 637 748 681 700 726 754 801 307 342 359 456 622 679 1004 1043 1134 1185 859 973 535 1003 979 1077 940 1140 1239 1124 378 383 486 524 531 568 619 710 819 1031 1165 1141 1027 1195 1204 1211 1229 1234 1236 727 776 795 871 893 896 995 1228 879 922 984 1001 1009 352 661 692 766 831 911 671 1120 1177 1179 1245 1047 639 968 1064 1054 1111 1128 1076 1137 1147 1299 455 755 916 510 1250 532 322 601 763 880 1281 630 551 577 646 753 1171 650 477 951 1029 1130 658 464 683 889 917 957 965 970 1050 1290 1086 1122 1129 1213 1225 1295 1270 1274 1275 793 724 977 929 465 493 545 547 626 635 732 844 862 868 921 955 1115 1235 1266 1012 898 1019 1110 1186 1096 1172 705 1191 1217 363 638 402 504 593 950 611 910 937 958 976 1000 1073 1176 1183 1258 1253 1089 1218 1280 
3 308
517 314 433 1011 1133 344 449 730 450 487 1154 516 613 642 907 375 645 847 974 1100 1006 544 691 709 1256 1062 380 1084 1143 1144 1146 509 587 644 764 771 797 1037 1231 370 325 329 379 447 457 475 508 514 537 554 1118 555 562 574 594 597 694 1289 946 623 629 654 656 664 666 677 687 720 723 762 781 792 807 829 373 565 820 826 931 1206 858 865 866 878 909 912 920 926 943 949 300 303 368 442 474 657 733 994 1069 1246 954 998 1053 1075 1102 1108 1127 1156 1157 462 1227 1247 392 338 323 956 360 382 438 490 476 542 643 747 796 803 854 953 1045 1072 1132 491 1148 441 318 324 387 406 354 484 492 571 616 312 336 389 482 512 662 841 1041 1254 1296 728 787 815 328 466 823 1244 1293 913 1039 1056 1166 1200 1269 655 986 1016 1044 1158 1230 1232 689 745 347 506 704 772 773 497 525 615 860 1035 1116 1199 834 1015 1160 1163 1170 1187 1248 767 327 1081 334 346 415 460 1212 1237 478 519 357 769 828 526 557 604 971 1097 1196 549 570 548 572 908 1013 1024 1070 652 663 701 756 794 818 863 961 891 1241 978 981 1046 782 341 894 634 502 914 717 586 711 1095 790 522 567 625 735 673 840 1007 1040 1059 648 1026 1192 1065 1162 1278 935 1262 948 980 499 1049 789 814 729 811 780 581 608 578 1125 1167 751 715 833 884 952 817 1082 982 420 707 1083 1283 377 552 1068 605 614 680 741 947 966 988 1030 1169 1184 938 1103 1145 1271 800 
1222 350
1222 396 371 350 332 337 419 436 459 451 400 564 417 330 319 421 432 435 483 398 469 485 598 579 609 424 355 405 343 418 427 503 310 320 390 407 429 358 413 348 395 725 718 339 674 688 369 523 445 527 454 600 686 501 452 471 530 617 561 873 906 703 699 805 599 596 563 518 536 559 560 399 326 372 401 495 472 480 423 388 393 553 494 667 660 575 588 668 684 659 414 315 386 321 425 488 521 305 306 302 752 851 479 470 529 618 500 437 665 765 706 606 573 585 595 721 759 808 830 783 640 778 636 697 473 777 589 685 690 515 335 714 744 856 761 693 824 874 779 944 942 855 875 672 905 972 885 827 770 791 864 919 832 774 448 550 580 602 651 901 816 845 857 996 1180 1261 676 757 1048 649 670 731 849 1135 939 967 736 993 990 1025 1091 1074 610 607 620 603 739 806 892 1080 713 900 1202 734 839 848 719 695 749 627 810 835 788 592 534 760 927 928 838 915 1028 1113 899 852 904 936 934 945 933 960 624 333 895 850 1023 1282 1058 1021 1298 1151 1022 1190 1052 1020 1093 975 987 999 1098 853 890 924 941 1155 1277 989 1201 1238 836 1057 1092 1220 1168 1240 1159 1288 1291 1263 1136 1078 1010 1014 786 1085 1106 1055 1114 1119 1221 1267 1251 1117 1101 1219 1549 1508 1557 1512 1553 1554 1531 1567 1588 1539 1615 1545 1568 1583 1580 1611 1551 1548 1161 1149 876 1210 1181 1164 1112 1060 1178 1259 1203 1233 1279 1260 1193 1255 1292 1297 1107 1153 1189 1139 1197 1569 1505 1547 1575 1524 1537 1566 1525 1565 1538 1541 802 1610 1587 1601 1581 1621 1604 1612 434 1605 1571 1223 932 1121 675 712 539 1264 1558 1511 1563 1502 1017 1622 
1510 196
1510 1382 1315 1317 1326 1340 1304 1314 1338 1345 1347 1374 1399 1353 1360 1400 1359 1419 1306 1350 1319 1324 1328 1331 1311 1308 1302 1310 1312 1358 1313 1321 1329 1337 1333 1342 1344 1355 1365 1376 1352 1408 1421 1394 1378 1386 1403 1371 1366 1367 1396 1405 1456 1430 1454 1441 1458 1335 1398 1391 1362 1300 1322 1348 1356 1363 1369 1370 1372 1373 1389 1392 1379 1380 1387 1435 1444 1401 1409 1413 1426 1465 1432 1412 1427 1410 1406 1415 1422 1428 1417 1424 1437 1442 1450 1434 1436 1446 1439 1448 1493 1486 1474 1475 1464 1467 1384 1452 1468 1473 1451 1447 1463 1479 1517 1471 1472 1461 1480 1483 1485 1482 1516 1519 1555 1564 1514 1600 1595 1543 1504 1562 1506 1530 1520 1597 1619 1589 1513 1536 861 1585 1586 1534 1584 1509 1608 1560 1607 1570 1592 1618 1591 1593 1620 1561 1594 1603 1559 1523 1606 1613 1529 1599 1609 1507 1582 1488 1492 1460 1466 1496 1550 1489 1491 1477 1478 1495 1532 1522 1533 1470 1498 1579 1616 1526 1598 1577 1596 1602 1503 1617 1556 1528 1521 1576 
