5
0 293
66 3 235 16 5 29 30 70 125 131 133 151 173 191 194 225 229 259 28 34 2 33 43 150 258 50 38 60 180 193 199 253 255 78 91 103 110 45 55 108 115 162 192 238 254 273 116 137 145 156 160 0 10 11 18 104 140 179 239 22 49 52 9 13 14 21 44 59 67 79 80 84 95 99 106 112 168 205 218 267 290 292 53 76 37 68 74 81 82 128 130 161 198 227 247 264 77 119 121 4 31 56 65 75 93 102 166 184 187 195 203 207 209 216 269 270 286 291 299 123 138 141 146 152 153 154 157 158 47 71 144 175 185 188 189 200 211 213 219 233 236 237 129 243 271 240 244 251 51 124 176 197 204 256 294 257 263 275 280 285 287 12 15 17 20 23 32 42 54 24 26 35 111 113 190 208 249 288 41 64 69 58 62 86 114 181 201 246 90 46 48 127 222 224 265 297 96 100 105 107 109 134 136 148 1 89 241 149 155 163 164 165 167 169 171 177 186 223 242 252 278 83 85 282 94 178 230 97 101 72 88 142 143 172 250 266 272 281 117 212 122 36 63 147 196 284 159 39 120 220 293 170 182 73 87 135 183 202 268 215 226 6 98 132 214 221 262 279 231 261 276 27 126 40 57 92 118 174 217 228 234 260 274 298 139 206 283 296 210 248 277 289 295 
1 321
347 377 379 516 654 664 689 474 491 655 647 842 938 994 1038 351 872 1268 1276 1109 1132 773 818 823 847 858 1199 1035 1256 986 1044 1103 1173 1230 1296 392 382 438 490 542 953 1045 1069 506 508 509 314 387 433 913 1011 1133 1200 1269 344 380 447 629 449 450 487 375 645 820 943 1100 1206 492 497 517 525 571 406 354 484 728 787 860 1039 1144 1293 587 615 642 644 691 709 730 733 329 789 764 771 815 1006 1016 1158 1215 1265 1037 1062 1116 1143 1146 1231 548 552 1068 723 420 680 707 811 1082 1083 891 908 947 982 605 614 634 328 466 826 912 1170 1248 338 323 576 698 956 1026 1192 341 360 476 502 567 522 1162 597 711 790 1059 648 574 974 586 625 673 735 1040 643 666 677 368 442 594 1015 717 747 796 800 772 1244 803 840 854 866 300 303 475 555 623 657 687 720 781 792 949 1053 1227 1246 914 935 1007 1065 1072 1095 1108 1148 1157 1262 715 499 578 694 751 946 1125 1167 1169 988 1184 1278 1289 741 745 762 780 782 797 462 613 907 1084 544 1232 1145 1154 1271 814 817 833 878 312 656 807 926 318 346 526 557 971 1196 604 663 701 756 863 978 981 1046 1097 324 327 572 1013 1070 334 357 415 519 549 570 652 769 828 373 457 460 478 512 537 562 704 1156 554 325 336 834 961 1127 1160 1212 616 662 729 767 794 841 865 920 370 482 931 954 1024 1056 1187 389 514 1237 1247 884 894 909 948 952 966 980 998 1030 1041 441 565 829 1166 1049 1075 1081 1102 1118 1163 581 608 1241 1254 1283 
2 279
472 310 672 906 1164 1223 1259 1279 390 407 471 1114 503 480 495 536 667 934 518 372 575 660 559 668 563 936 1078 1203 610 315 305 321 386 425 488 520 521 534 592 712 788 850 1197 355 348 369 424 501 523 688 736 1055 1117 1161 1251 429 358 395 413 561 617 786 873 876 1106 1149 1210 451 469 448 485 483 620 627 739 749 695 1057 1292 806 1098 1080 1168 459 337 419 602 816 845 890 901 1180 1201 1261 529 302 306 479 752 838 851 928 989 550 470 580 651 924 941 1155 1277 810 853 915 600 330 848 1220 332 371 398 400 417 454 434 564 676 757 857 1288 579 598 719 1074 1135 1238 1240 1291 603 721 414 423 432 435 585 606 607 618 573 595 832 835 1028 759 808 919 765 774 892 1092 783 830 864 1153 1023 1107 437 1113 500 706 1139 927 1189 1282 1159 350 659 393 399 684 827 895 1298 685 690 686 396 405 596 445 452 1193 527 530 609 1048 1222 649 670 699 599 731 849 939 967 990 703 1025 993 1091 1101 1221 1267 777 473 560 589 693 697 761 779 824 874 885 942 944 1022 515 856 1060 1112 1152 1178 1190 791 945 805 319 343 418 421 427 640 665 713 734 778 839 899 900 904 975 999 1020 1052 1093 1136 1202 1255 1263 1297 875 933 326 401 494 588 770 960 1151 972 1010 320 855 905 1014 1085 1119 1260 
3 290
1032 311 361 504 313 366 385 402 611 630 870 910 937 976 1176 1217 577 646 428 498 983 1019 1110 1171 1186 650 793 724 977 1130 755 916 1150 477 753 1191 1280 455 898 1029 422 383 710 1003 1204 426 381 404 367 1064 513 458 612 867 1285 546 468 486 535 619 1031 726 1124 1165 568 569 384 628 903 964 1104 1294 582 408 430 1287 431 590 804 882 969 391 412 775 843 881 930 1036 1105 1122 1175 1198 1214 1243 1270 633 317 403 440 531 378 538 681 746 812 813 819 940 1002 1034 1063 1077 1123 1140 1195 1229 541 727 825 871 1257 893 1228 896 776 923 979 1079 1126 1141 1211 795 995 1234 1236 1027 1239 1272 365 669 1012 316 1005 340 362 1172 705 1218 1089 1253 1050 352 464 658 308 461 493 683 822 917 921 965 1009 1120 1129 1245 1274 1275 1225 1295 1235 661 671 692 766 831 911 929 465 545 547 626 635 732 844 862 868 955 1115 1266 957 970 1086 1177 1179 1290 1096 307 439 524 551 763 886 322 356 359 456 532 601 801 880 1299 959 1001 1073 593 950 958 1183 1258 1099 301 363 632 638 510 1250 591 637 639 968 740 748 507 754 962 973 1047 1142 1188 1281 1134 353 444 584 784 1147 631 679 737 481 678 1205 1209 742 1137 1194 799 859 888 889 304 394 743 846 1111 1138 1213 922 528 622 887 951 984 992 1004 1018 1043 1094 702 879 1054 1076 1128 1131 416 821 1185 1252 342 
4 193
1308 1304 1301 1314 1340 1345 1360 1366 1367 1371 1374 1393 1306 1344 1349 1354 1357 1359 1361 1365 1376 1414 1471 1472 1485 1487 1396 1400 1402 1405 1406 1415 1416 1419 1422 1424 1431 1434 1437 1438 1303 1320 1336 1368 1378 1383 1386 1394 1403 1404 1420 1423 1442 1450 1451 1459 1461 1479 1480 1482 1483 1313 1315 1318 1355 1350 1430 1441 1449 1455 1456 1321 1342 1305 1325 1381 1395 1319 1332 1408 1397 1324 1327 1331 1334 1351 1352 1375 1388 1481 1407 1421 1454 1457 1347 1317 1353 1399 1439 1460 1363 1384 1413 1432 1380 1392 1435 1464 1477 1486 1448 1300 1322 1369 1372 1373 1379 1387 1389 1412 1427 1436 1446 1467 1468 1474 1475 1489 1493 1496 1465 1473 1326 1338 1356 1382 1417 1428 1447 1463 1476 1302 1309 1401 1311 1316 1323 1333 1445 1498 1329 1330 1337 1425 1440 1307 1310 1312 1328 1335 1339 1341 1343 1346 1358 1364 1385 1390 1398 1409 1411 1418 1426 1429 1433 1443 1453 1458 1462 1470 1484 1490 1495 1497 1499 1444 1478 1491 1348 1362 1410 1452 1492 
