3000 3
0 core 1.111 1.576 2.584 
1 core 2.166 2.081 1.269 
2 core 3.619 3.646 3.133 
3 core 2.872 1.542 2.872 
4 core 1.663 3.454 3.231 
5 core 2.212 1.592 2.105 
6 core 2.898 1.565 1.504 
7 core 3.206 2.088 1.798 
8 core 2.842 2.359 1.576 
9 core 2.538 2.825 3.263 
10 core 1.404 2.804 2.956 
11 core 1.498 1.661 3.794 
12 core 2.412 3.155 2.787 
13 core 2.814 1.754 1.902 
14 core 1.357 1.343 3.291 
15 core 3.947 2.856 2.307 
16 core 2.256 1.957 3.239 
17 core 1.614 3.797 2.333 
18 core 1.024 3.530 3.273 
19 core 3.044 1.251 3.882 
20 core 2.046 2.842 1.698 
21 core 2.371 1.076 1.606 
22 core 2.656 1.925 3.907 
23 core 2.124 1.993 2.341 
24 core 3.060 3.802 3.240 
25 core 1.439 2.367 1.225 
26 core 2.698 2.351 2.026 
27 core 2.450 1.064 3.208 
28 core 2.470 1.410 1.815 
29 core 1.862 3.213 2.936 
30 core 2.663 3.948 1.933 
31 core 2.443 2.813 2.717 
32 core 2.160 2.677 2.977 
33 core 2.688 3.048 1.144 
34 core 2.641 3.178 3.582 
35 core 3.941 1.802 1.610 
36 core 2.535 3.213 1.449 
37 core 1.399 2.113 3.327 
38 core 2.551 3.293 3.213 
39 core 1.894 1.957 3.549 
40 core 3.791 3.187 1.707 
41 core 3.999 3.835 1.427 
42 core 3.864 3.639 3.213 
43 core 3.460 3.531 2.759 
44 core 1.126 1.458 3.683 
45 core 3.992 3.994 2.891 
46 core 1.608 1.091 1.188 
47 core 1.815 3.567 1.900 
48 core 1.371 1.488 1.500 
49 core 2.538 2.642 2.625 
50 core 3.879 3.650 3.260 
51 core 3.030 1.525 3.004 
52 core 3.706 2.432 3.970 
53 core 3.827 2.309 2.016 
54 core 1.184 3.404 2.175 
55 core 3.539 2.943 1.619 
56 core 1.400 1.863 1.305 
57 core 3.179 3.022 2.805 
58 core 3.997 2.201 3.882 
59 core 2.098 3.199 1.117 
60 core 1.549 1.009 3.774 
61 core 3.661 3.768 2.629 
62 core 1.112 2.200 3.101 
63 core 1.880 2.837 2.804 
64 core 1.821 3.176 1.111 
65 core 3.229 3.596 2.074 
66 core 3.791 3.124 2.890 
67 core 3.732 2.153 1.952 
68 core 2.612 1.737 2.123 
69 core 2.329 1.762 2.493 
70 core 1.825 2.851 2.225 
71 core 1.419 1.336 1.217 
72 core 3.729 2.066 1.438 
73 core 1.901 2.000 1.989 
74 core 2.071 3.355 3.107 
75 core 2.510 3.834 3.127 
76 core 2.098 2.057 3.595 
77 core 3.181 2.901 2.816 
78 core 2.696 1.009 3.004 
79 core 2.934 1.425 3.154 
80 core 3.357 3.937 3.644 
81 core 1.707 3.029 3.280 
82 core 2.256 2.144 1.466 
83 core 3.153 3.343 1.494 
84 core 2.589 1.494 3.583 
85 core 2.745 1.145 3.328 
86 core 3.600 2.585 2.148 
87 core 1.925 1.360 3.645 
88 core 1.170 1.564 2.665 
89 core 2.428 3.785 3.118 
90 core 3.813 3.315 1.063 
91 core 2.344 2.829 2.915 
92 core 1.952 3.089 3.321 
93 core 2.935 2.343 2.764 
94 core 2.855 1.764 2.833 
95 core 1.623 1.313 1.216 
96 core 2.715 1.311 3.942 
97 core 3.193 2.413 2.970 
98 core 2.032 3.149 1.117 
99 core 2.103 2.857 2.849 
100 core 2.067 2.763 3.412 
101 core 1.611 1.456 2.101 
102 core 3.005 3.638 3.589 
103 core 3.665 2.474 2.641 
104 core 2.817 3.137 2.296 
105 core 3.505 2.216 2.014 
106 core 2.973 1.702 3.849 
107 core 3.291 2.614 2.215 
108 core 2.218 2.806 1.981 
109 core 1.605 3.664 2.277 
110 core 2.639 1.968 1.005 
111 core 1.371 1.551 3.010 
112 core 2.289 2.295 1.341 
113 core 1.673 3.838 1.515 
114 core 2.828 1.135 2.335 
115 core 3.992 2.277 1.342 
116 core 3.355 2.784 3.273 
117 core 1.363 2.106 1.787 
118 core 1.825 2.768 3.735 
119 core 3.233 2.403 2.587 
120 core 3.081 1.990 2.771 
121 core 3.918 3.866 2.604 
122 core 2.782 1.449 2.178 
123 core 1.671 2.567 1.204 
124 core 3.107 3.671 2.459 
125 core 3.788 3.830 2.718 
126 core 3.104 3.496 2.873 
127 core 2.173 2.511 1.537 
128 core 2.110 2.550 1.432 
129 core 2.480 2.956 2.121 
130 core 3.527 2.342 3.678 
131 core 2.823 3.549 2.323 
132 core 1.593 1.260 3.822 
133 core 3.030 1.180 2.102 
134 core 2.903 2.302 1.220 
135 core 2.055 3.153 3.723 
136 core 2.609 2.540 3.524 
137 core 1.831 2.913 2.948 
138 core 1.654 2.587 3.744 
139 core 2.839 2.410 2.041 
140 core 3.966 2.706 1.772 
141 core 3.841 1.787 2.264 
142 core 3.964 3.697 3.292 
143 core 3.954 3.991 2.079 
144 core 1.045 2.927 1.771 
145 core 1.686 1.820 3.976 
146 core 2.420 1.639 2.746 
147 core 2.253 2.800 2.519 
148 core 3.751 2.625 3.510 
149 core 1.158 3.247 3.214 
150 core 2.980 3.878 3.573 
151 core 1.466 2.881 3.468 
152 core 2.441 3.090 3.690 
153 core 2.650 2.535 2.743 
154 core 3.218 1.929 3.568 
155 core 2.964 3.705 3.726 
156 core 2.393 1.820 1.509 
157 core 3.055 3.752 3.597 
158 core 2.524 1.445 2.494 
159 core 2.800 3.317 3.753 
160 core 2.326 3.458 2.381 
161 core 3.784 3.206 2.968 
162 core 1.645 1.318 3.716 
163 core 3.278 2.133 3.683 
164 core 2.321 1.697 1.362 
165 core 1.962 2.761 2.974 
166 core 2.409 2.451 3.466 
167 core 2.652 2.129 3.397 
168 core 3.185 2.839 3.161 
169 core 3.490 3.807 3.004 
170 core 3.421 3.517 3.572 
171 core 1.665 1.524 1.616 
172 core 3.292 2.402 2.486 
173 core 3.425 2.958 2.834 
174 core 3.847 3.766 3.627 
175 core 1.506 3.876 2.905 
176 core 2.376 1.423 2.732 
177 core 2.907 3.079 1.411 
178 core 1.998 3.838 1.638 
179 core 3.399 1.713 2.180 
180 core 3.662 3.412 1.007 
181 core 3.571 3.232 1.320 
182 core 2.321 2.142 2.197 
183 core 3.923 2.529 2.951 
184 core 1.132 2.313 2.865 
185 core 2.922 2.229 2.160 
186 core 2.471 2.643 1.855 
187 core 2.077 2.934 3.262 
188 core 3.189 2.021 1.683 
189 core 3.484 2.006 3.709 
190 core 1.954 3.452 1.538 
191 core 1.724 2.915 2.193 
192 core 2.806 3.068 2.251 
193 core 2.926 2.956 3.195 
194 core 3.133 2.293 1.525 
195 core 2.061 3.388 3.557 
196 core 3.057 2.482 1.360 
197 core 2.355 1.927 3.945 
198 core 2.347 2.839 2.008 
199 core 3.133 2.841 1.251 
200 core 1.360 2.517 3.192 
201 core 3.561 1.314 3.332 
202 core 1.524 2.373 2.293 
203 core 2.094 1.921 2.929 
204 core 2.522 3.587 2.420 
205 core 2.179 2.577 2.633 
206 core 1.114 1.891 3.892 
207 core 1.291 1.656 2.129 
208 core 3.815 3.087 2.669 
209 core 3.523 3.163 2.507 
210 core 2.343 1.182 3.612 
211 core 3.437 1.296 3.344 
212 core 2.278 1.250 1.782 
213 core 1.998 2.482 3.174 
214 core 1.076 2.392 3.240 
215 core 2.612 1.871 1.591 
216 core 1.310 1.042 3.335 
217 core 2.156 2.780 1.510 
218 core 2.534 3.554 1.044 
219 core 2.589 2.483 2.370 
220 core 2.582 1.407 1.881 
221 core 2.862 2.439 1.757 
222 core 2.471 3.000 3.485 
223 core 1.470 1.837 1.902 
224 core 2.132 3.091 2.620 
225 core 3.915 1.451 2.902 
226 core 1.812 3.704 1.066 
227 core 1.950 3.585 2.173 
228 core 1.537 3.960 1.784 
229 core 1.510 3.337 2.390 
230 core 1.038 2.860 1.925 
231 core 3.986 2.266 1.537 
232 core 3.090 2.983 3.739 
233 core 3.748 3.470 2.725 
234 core 2.283 3.659 1.762 
235 core 3.589 1.033 1.630 
236 core 2.136 2.378 2.719 
237 core 2.498 3.979 1.578 
238 core 1.158 1.606 1.646 
239 core 3.179 1.165 2.251 
240 core 3.627 1.666 2.347 
241 core 1.230 1.090 1.112 
242 core 1.394 1.662 3.445 
243 core 2.963 2.485 3.354 
244 core 2.585 1.981 1.062 
245 core 1.001 1.382 3.015 
246 core 1.555 1.179 1.161 
247 core 1.194 3.514 3.178 
248 core 3.298 3.848 2.199 
249 core 2.194 1.217 2.155 
250 core 1.864 1.994 3.320 
251 core 3.627 3.729 3.108 
252 core 1.719 2.459 2.478 
253 core 3.387 2.838 1.661 
254 core 3.712 1.357 2.456 
255 core 1.432 1.996 1.550 
256 core 2.972 3.867 1.488 
257 core 2.190 1.985 2.436 
258 core 1.696 2.964 1.652 
259 core 3.488 2.399 1.853 
260 core 1.481 1.915 2.102 
261 core 2.265 2.542 3.766 
262 core 3.890 1.150 2.189 
263 core 3.291 2.442 2.837 
264 core 2.814 2.239 2.614 
265 core 2.465 2.473 2.972 
266 core 1.854 1.787 1.211 
267 core 2.204 3.122 2.043 
268 core 3.921 3.874 1.812 
269 core 3.465 1.314 2.510 
270 core 2.819 1.005 3.850 
271 core 1.513 2.761 3.506 
272 core 3.492 1.065 2.817 
273 core 3.085 1.880 1.410 
274 core 2.905 2.199 2.356 
275 core 1.698 2.191 2.495 
276 core 1.462 1.037 3.303 
277 core 1.118 1.723 1.393 
278 core 3.731 3.764 2.022 
279 core 1.870 3.525 2.573 
280 core 1.584 1.411 1.676 
281 core 3.403 1.933 1.703 
282 core 2.542 1.366 2.036 
283 core 2.287 2.896 3.584 
284 core 1.728 1.563 2.393 
285 core 3.455 1.260 1.052 
286 core 1.384 2.864 2.916 
287 core 1.290 3.966 3.811 
288 core 2.817 3.459 2.272 
289 core 2.836 3.793 2.965 
290 core 3.375 1.710 1.311 
291 core 2.742 1.658 3.485 
292 core 2.238 2.271 3.731 
293 core 1.556 1.732 3.636 
294 core 2.847 1.734 3.044 
295 core 1.262 3.767 1.745 
296 core 2.392 3.247 2.863 
297 core 3.984 3.058 3.373 
298 core 3.634 3.482 3.347 
299 core 3.674 1.020 3.076 
300 core 2.705 2.785 2.900 
301 core 1.001 1.383 3.091 
302 core 2.024 3.685 3.960 
303 core 1.499 3.145 3.720 
304 core 4.000 1.785 3.927 
305 core 1.385 3.493 3.510 
306 core 2.107 2.109 2.630 
307 core 1.631 2.994 2.491 
308 core 3.631 2.114 1.100 
309 core 1.809 2.976 3.610 
310 core 2.628 1.921 1.834 
311 core 1.329 3.675 1.376 
312 core 1.434 1.053 3.817 
313 core 3.568 2.384 1.683 
314 core 3.792 1.608 2.627 
315 core 3.695 2.976 3.896 
316 core 1.115 3.420 3.321 
317 core 2.794 2.333 1.901 
318 core 1.611 2.588 2.128 
319 core 2.002 1.507 2.606 
320 core 2.328 3.177 2.911 
321 core 3.716 1.353 3.695 
322 core 2.138 2.055 3.942 
323 core 3.125 1.118 2.309 
324 core 3.783 2.313 1.777 
325 core 3.064 3.138 1.397 
326 core 2.729 1.586 3.766 
327 core 1.934 2.494 2.994 
328 core 2.344 3.664 2.565 
329 core 2.300 1.519 1.665 
330 core 1.933 3.673 3.173 
331 core 3.118 2.384 2.383 
332 core 1.534 3.460 3.127 
333 core 2.342 3.766 2.674 
334 core 3.321 2.459 3.800 
335 core 2.047 1.728 1.052 
336 core 2.865 2.756 1.455 
337 core 3.669 3.915 1.358 
338 core 3.712 1.823 3.197 
339 core 1.117 1.653 3.668 
340 core 2.838 1.888 1.966 
341 core 3.907 1.141 1.262 
342 core 3.272 3.973 3.471 
343 core 1.417 1.162 1.117 
344 core 3.569 2.674 3.190 
345 core 2.869 3.417 1.907 
346 core 2.782 1.150 1.376 
347 core 3.681 3.928 1.697 
348 core 2.274 2.753 2.656 
349 core 1.685 2.503 3.240 
350 core 3.154 2.376 3.226 
351 core 2.352 3.386 3.611 
352 core 2.291 3.681 2.534 
353 core 2.191 1.526 2.315 
354 core 2.613 2.551 3.646 
355 core 1.231 1.837 2.579 
356 core 2.340 2.983 3.721 
357 core 2.174 1.441 3.820 
358 core 1.679 1.774 1.143 
359 core 1.661 1.239 1.872 
360 core 3.756 1.948 1.551 
361 core 1.941 3.756 1.062 
362 core 2.610 3.425 1.012 
363 core 2.709 2.345 1.040 
364 core 1.989 3.498 3.816 
365 core 3.937 2.668 3.801 
366 core 1.824 3.203 2.878 
367 core 2.815 2.408 3.766 
368 core 1.635 3.020 2.840 
369 core 3.085 2.762 1.176 
370 core 2.439 2.451 2.176 
371 core 2.079 2.657 1.924 
372 core 2.669 3.315 1.009 
373 core 1.297 1.929 3.120 
374 core 3.084 1.736 1.277 
375 core 2.884 2.007 2.201 
376 core 1.933 2.395 3.241 
377 core 2.993 1.011 1.167 
378 core 1.171 1.024 1.308 
379 core 2.754 3.892 2.919 
380 core 3.931 3.411 1.364 
381 core 1.135 1.787 3.994 
382 core 1.366 2.502 3.076 
383 core 1.751 3.262 2.745 
384 core 2.943 2.816 3.804 
385 core 2.937 2.395 3.921 
386 core 3.920 2.545 3.900 
387 core 3.888 2.097 2.219 
388 core 2.163 2.036 3.089 
389 core 3.335 3.103 2.943 
390 core 3.000 3.796 3.877 
391 core 1.129 1.935 3.566 
392 core 2.444 2.754 2.424 
393 core 3.437 3.273 1.520 
394 core 2.711 2.542 2.500 
395 core 1.909 2.828 2.628 
396 core 3.024 3.156 1.408 
397 core 3.166 1.459 2.783 
398 core 1.773 2.909 2.120 
399 core 3.121 1.889 3.970 
400 core 3.228 2.988 1.531 
401 core 3.314 1.788 2.067 
402 core 3.476 3.759 3.424 
403 core 2.038 1.406 2.450 
404 core 1.257 3.436 1.449 
405 core 1.040 2.917 2.813 
406 core 3.984 3.826 3.073 
407 core 1.989 1.575 2.492 
408 core 2.077 3.049 1.956 
409 core 3.881 2.480 1.454 
410 core 3.103 1.361 1.387 
411 core 3.258 3.349 2.940 
412 core 1.794 3.802 2.843 
413 core 1.882 1.525 1.087 
414 core 1.812 1.878 3.524 
415 core 3.516 2.638 2.773 
416 core 3.939 1.402 2.216 
417 core 3.668 1.492 1.859 
418 core 2.751 1.109 2.695 
419 core 1.194 1.795 2.024 
420 core 3.095 3.428 2.929 
421 core 1.679 3.778 2.435 
422 core 2.141 2.457 3.401 
423 core 2.960 1.788 2.811 
424 core 3.843 3.280 1.651 
425 core 2.218 1.558 1.249 
426 core 1.563 2.295 2.406 
427 core 3.669 3.278 2.908 
428 core 1.027 1.869 1.331 
429 core 3.112 1.901 3.404 
430 core 2.329 1.871 1.816 
431 core 1.007 1.895 3.270 
432 core 3.445 2.482 1.843 
433 core 1.228 1.828 3.249 
434 core 2.479 2.210 1.827 
435 core 1.382 3.271 2.993 
436 core 2.625 2.008 3.803 
437 core 1.949 1.060 1.116 
438 core 1.334 3.414 1.846 
439 core 3.817 2.942 3.428 
440 core 2.554 1.723 3.325 
441 core 1.356 3.774 1.939 
442 core 2.933 3.364 1.300 
443 core 1.994 1.724 1.626 
444 core 3.820 3.808 2.764 
445 core 1.603 3.184 1.402 
446 core 1.939 3.540 1.979 
447 core 1.361 3.674 2.959 
448 core 2.380 3.749 1.573 
449 core 3.327 3.733 1.263 
450 core 1.922 3.070 1.076 
451 core 1.712 3.709 2.776 
452 core 3.872 2.366 3.958 
453 core 1.121 3.083 2.626 
454 core 2.921 1.178 1.515 
455 core 3.327 1.129 1.375 
456 core 1.043 3.660 1.375 
457 core 3.626 3.273 2.552 
458 core 3.027 2.121 2.811 
459 core 2.597 2.946 2.309 
460 core 3.410 3.143 3.867 
461 core 1.052 1.014 1.731 
462 core 1.554 1.772 3.799 
463 core 3.496 2.411 3.445 
464 core 1.061 3.433 2.370 
465 core 2.539 1.575 3.295 
466 core 3.585 3.437 2.784 
467 core 2.532 1.134 3.245 
468 core 1.296 2.276 3.721 
469 core 3.798 2.654 1.057 
470 core 1.662 1.774 1.910 
471 core 3.987 3.544 1.540 
472 core 1.594 2.572 3.262 
473 core 1.491 2.565 3.420 
474 core 1.412 1.377 3.218 
475 core 1.743 2.256 1.605 
476 core 1.589 1.758 3.943 
477 core 3.272 3.580 3.939 
478 core 2.990 2.543 3.795 
479 core 2.898 3.994 3.329 
480 core 1.016 1.694 3.522 
481 core 2.852 2.811 1.483 
482 core 3.551 1.430 3.066 
483 core 3.225 2.395 1.465 
484 core 3.336 3.656 1.334 
485 core 3.161 1.406 3.704 
486 core 2.379 1.642 3.167 
487 core 2.125 3.240 1.116 
488 core 1.847 2.341 3.145 
489 core 2.860 3.381 2.030 
490 core 2.534 3.360 2.047 
491 core 3.105 2.013 3.673 
492 core 3.100 2.235 2.863 
493 core 2.937 1.663 1.572 
494 core 2.711 3.383 2.524 
495 core 3.229 1.726 2.930 
496 core 2.359 3.668 2.098 
497 core 1.814 1.925 3.091 
498 core 1.625 2.064 1.009 
499 core 2.337 1.506 2.663 
500 core 5.030 5.156 4.412 
501 core 7.789 6.893 5.242 
502 core 5.037 6.116 5.013 
503 core 5.164 6.204 5.696 
504 core 5.923 5.531 4.636 
505 core 7.366 5.112 3.494 
506 core 5.689 7.274 3.889 
507 core 5.772 5.510 5.173 
508 core 5.585 5.392 5.959 
509 core 7.591 7.302 5.234 
510 core 7.165 6.747 5.987 
511 core 6.920 7.491 5.147 
512 core 5.830 7.687 3.649 
513 core 6.266 6.439 3.817 
514 core 5.666 7.185 4.866 
515 core 6.488 6.849 3.787 
516 core 5.278 5.685 5.558 
517 core 5.351 5.195 4.952 
518 core 7.033 7.728 3.179 
519 core 6.096 6.457 4.050 
520 core 7.400 6.392 5.105 
521 core 5.591 5.117 4.889 
522 core 7.286 7.968 3.858 
523 core 5.706 5.964 4.086 
524 core 6.507 5.636 3.737 
525 core 5.093 7.244 3.745 
526 core 6.791 6.326 5.124 
527 core 7.156 5.281 3.537 
528 core 7.598 6.160 5.692 
529 core 5.362 5.970 5.323 
530 core 6.411 7.944 4.429 
531 core 6.969 5.466 4.007 
532 core 6.934 5.704 5.913 
533 core 7.985 7.694 4.516 
534 core 6.349 7.204 3.122 
535 core 7.575 6.525 4.736 
536 core 6.489 7.442 5.574 
537 core 5.092 7.209 4.481 
538 core 6.959 5.289 5.758 
539 core 5.799 5.609 3.646 
540 core 6.784 6.726 5.559 
541 core 7.399 7.836 4.640 
542 core 6.737 5.371 5.358 
543 core 7.595 7.609 3.207 
544 core 6.105 6.701 4.814 
545 core 6.530 5.136 5.970 
546 core 6.461 5.749 4.527 
547 core 5.269 6.055 3.336 
548 core 7.306 5.447 5.412 
549 core 7.073 6.913 5.541 
550 core 5.802 6.140 4.265 
551 core 5.812 5.723 5.799 
552 core 7.428 7.092 4.746 
553 core 7.950 6.370 5.631 
554 core 6.407 6.848 4.395 
555 core 6.808 6.500 5.376 
556 core 7.312 5.167 3.290 
557 core 7.490 7.311 3.870 
558 core 7.354 5.816 4.168 
559 core 5.306 6.516 3.661 
560 core 6.313 5.850 5.321 
561 core 6.042 6.762 3.218 
562 core 6.643 7.498 3.162 
563 core 7.547 7.339 3.988 
564 core 6.018 5.376 3.645 
565 core 6.074 6.537 5.917 
566 core 5.906 5.372 4.465 
567 core 7.187 6.583 4.034 
568 core 7.814 5.109 5.065 
569 core 5.943 6.951 5.077 
570 core 5.295 6.421 5.772 
571 core 7.515 7.566 4.660 
572 core 5.078 6.342 5.937 
573 core 7.528 6.445 4.672 
574 core 7.290 6.837 5.661 
575 core 6.301 5.714 4.435 
576 core 5.207 7.443 3.752 
577 core 5.489 5.613 5.048 
578 core 5.546 6.121 3.945 
579 core 6.576 6.069 4.929 
580 core 5.636 5.979 5.541 
581 core 5.786 6.899 5.350 
582 core 7.752 6.571 5.269 
583 core 6.486 6.140 4.745 
584 core 5.911 7.698 3.283 
585 core 6.046 6.910 5.091 
586 core 6.230 5.819 4.512 
587 core 6.499 6.721 4.262 
588 core 6.771 5.481 3.890 
589 core 5.787 7.094 4.552 
590 core 7.808 6.508 4.378 
591 core 7.679 6.702 4.966 
592 core 5.570 5.605 3.475 
593 core 6.700 7.332 4.137 
594 core 6.881 5.361 3.701 
595 core 5.941 7.855 5.928 
596 core 5.675 6.902 4.433 
597 core 7.242 6.388 4.364 
598 core 6.389 5.196 5.528 
599 core 6.937 5.913 5.420 
600 core 6.882 6.062 5.323 
601 core 6.780 7.246 5.770 
602 core 5.942 5.497 5.332 
603 core 7.833 6.944 3.175 
604 core 5.434 6.477 4.894 
605 core 7.782 6.592 5.713 
606 core 5.786 5.151 3.112 
607 core 6.009 6.902 3.600 
608 core 5.777 7.689 3.948 
609 core 5.523 7.957 5.159 
610 core 6.239 6.058 4.011 
611 core 7.761 6.805 5.303 
612 core 5.694 5.744 4.333 
613 core 5.800 7.460 5.110 
614 core 5.613 5.770 4.154 
615 core 7.517 6.397 4.176 
616 core 5.266 6.622 4.836 
617 core 5.467 5.820 3.212 
618 core 5.216 7.129 3.274 
619 core 7.557 7.622 3.563 
620 core 7.027 6.558 4.370 
621 core 7.796 6.668 4.838 
622 core 7.273 6.532 4.701 
623 core 5.909 7.989 4.545 
624 core 5.477 7.867 4.781 
625 core 6.757 5.276 3.158 
626 core 7.538 5.890 3.759 
627 core 7.734 7.231 4.171 
628 core 5.310 5.009 3.303 
629 core 7.058 5.427 4.076 
630 core 5.543 6.282 3.307 
631 core 7.267 5.939 4.678 
632 core 5.801 7.956 4.739 
633 core 6.812 5.905 4.417 
634 core 6.536 7.119 5.206 
635 core 6.991 6.266 4.658 
636 core 5.936 7.085 3.230 
637 core 6.864 7.233 4.492 
638 core 5.975 7.058 5.765 
639 core 7.731 7.403 4.570 
640 core 5.773 6.991 5.381 
641 core 7.665 6.266 5.795 
642 core 6.049 5.821 4.024 
643 core 5.371 7.383 4.580 
644 core 6.635 5.257 3.948 
645 core 7.315 5.230 3.682 
646 core 7.562 5.447 4.011 
647 core 6.330 6.370 4.355 
648 core 6.069 6.206 3.111 
649 core 7.805 5.211 5.956 
650 core 7.399 7.500 4.535 
651 core 7.975 7.864 4.150 
652 core 6.807 7.368 3.470 
653 core 5.093 7.588 5.633 
654 core 5.546 5.211 4.759 
655 core 5.597 7.349 4.231 
656 core 5.324 7.050 5.923 
657 core 6.643 6.591 3.997 
658 core 5.359 5.388 4.459 
659 core 7.430 6.297 4.941 
660 core 5.207 6.719 5.383 
661 core 6.564 7.193 5.302 
662 core 5.702 7.089 3.184 
663 core 6.366 5.326 3.653 
664 core 7.252 5.631 4.600 
665 core 5.874 5.094 4.203 
666 core 7.387 6.668 3.578 
667 core 6.397 6.471 3.568 
668 core 7.201 5.291 4.834 
669 core 6.516 6.854 3.465 
670 core 7.442 5.500 3.778 
671 core 5.164 6.768 4.862 
672 core 5.378 7.671 4.411 
673 core 6.374 7.449 4.190 
674 core 5.523 7.490 4.820 
675 core 5.849 6.701 5.597 
676 core 6.038 5.099 3.664 
677 core 7.546 6.772 5.174 
678 core 7.205 6.828 4.104 
679 core 5.495 5.303 5.936 
680 core 7.301 5.592 3.382 
681 core 6.582 7.234 4.856 
682 core 7.631 6.038 4.855 
683 core 7.516 7.988 4.841 
684 core 7.502 5.249 5.493 
685 core 6.054 7.811 5.980 
686 core 6.925 6.608 4.681 
687 core 7.418 7.501 4.425 
688 core 6.298 6.658 4.599 
689 core 6.594 5.968 5.831 
690 core 7.952 7.763 4.474 
691 core 6.498 5.870 5.959 
692 core 5.808 7.113 3.227 
693 core 6.172 6.140 3.621 
694 core 5.980 6.282 3.666 
695 core 7.431 5.371 3.610 
696 core 7.421 5.625 3.672 
697 core 5.383 6.384 3.862 
698 core 6.872 6.236 3.034 
699 core 6.846 5.451 3.707 
700 core 5.430 6.372 5.736 
701 core 6.597 7.951 4.429 
702 core 5.944 5.138 4.514 
703 core 6.151 6.676 3.084 
704 core 7.602 5.442 5.789 
705 core 5.583 5.498 3.604 
706 core 7.901 7.860 5.788 
707 core 7.174 6.304 3.551 
708 core 6.376 7.144 5.651 
709 core 6.545 7.354 5.153 
710 core 6.270 5.171 5.421 
711 core 5.616 7.797 3.439 
712 core 7.108 7.774 3.005 
713 core 6.532 6.303 4.046 
714 core 6.415 6.018 5.545 
715 core 7.349 7.601 4.486 
716 core 7.679 6.015 5.813 
717 core 6.621 7.205 3.204 
718 core 7.359 6.702 3.397 
719 core 6.682 7.721 3.872 
720 core 7.290 7.566 4.978 
721 core 7.195 6.218 4.735 
722 core 5.458 6.148 3.055 
723 core 6.955 5.971 5.202 
724 core 7.171 5.128 4.006 
725 core 5.399 5.167 3.153 
726 core 5.176 5.507 3.084 
727 core 6.368 5.745 4.890 
728 core 6.195 6.708 4.524 
729 core 5.002 7.178 5.537 
730 core 5.523 7.797 3.577 
731 core 7.768 5.374 4.307 
732 core 5.340 6.995 3.070 
733 core 7.949 6.527 5.532 
734 core 7.109 6.800 5.796 
735 core 7.190 5.467 4.620 
736 core 5.858 7.639 4.570 
737 core 7.847 6.873 4.827 
738 core 7.948 6.000 3.124 
739 core 7.603 7.622 4.906 
740 core 5.183 7.027 3.847 
741 core 7.963 6.301 5.140 
742 core 6.514 5.519 3.612 
743 core 7.380 6.249 3.353 
744 core 5.700 7.710 5.704 
745 core 7.161 6.889 5.052 
746 core 5.974 7.957 3.161 
747 core 7.993 7.691 4.061 
748 core 5.081 7.175 5.145 
749 core 6.720 5.341 3.148 
750 core 6.225 6.469 3.728 
751 core 7.985 5.018 4.894 
752 core 5.140 5.250 4.558 
753 core 7.604 6.610 5.709 
754 core 6.692 7.390 5.979 
755 core 7.714 7.220 4.270 
756 core 6.709 5.074 4.156 
757 core 5.927 7.383 5.544 
758 core 5.315 5.804 3.501 
759 core 7.319 6.967 3.257 
760 core 7.219 7.270 5.528 
761 core 5.084 6.865 5.367 
762 core 6.793 7.618 3.254 
763 core 6.174 6.801 3.746 
764 core 6.281 7.193 4.118 
765 core 6.245 7.473 3.911 
766 core 7.730 5.558 3.264 
767 core 6.788 5.778 4.790 
768 core 5.590 7.299 4.870 
769 core 5.423 6.903 4.006 
770 core 6.940 5.738 3.692 
771 core 5.654 6.833 5.561 
772 core 5.951 6.383 3.457 
773 core 6.769 7.296 3.176 
774 core 5.078 6.467 5.435 
775 core 6.264 5.442 3.988 
776 core 5.312 5.786 5.754 
777 core 7.679 7.858 5.131 
778 core 7.211 7.448 5.010 
779 core 7.408 7.812 3.472 
780 core 5.811 6.358 3.804 
781 core 5.818 5.444 3.294 
782 core 5.539 6.825 5.989 
783 core 6.044 5.868 5.401 
784 core 6.065 6.740 4.602 
785 core 6.400 7.991 3.682 
786 core 6.881 5.527 3.822 
787 core 6.882 6.963 5.391 
788 core 6.847 5.342 4.795 
789 core 7.984 7.233 4.520 
790 core 5.474 6.842 5.303 
791 core 6.718 6.113 3.524 
792 core 7.380 7.505 5.597 
793 core 7.490 6.780 3.625 
794 core 6.492 5.608 3.499 
795 core 7.602 5.676 4.845 
796 core 5.286 6.686 4.602 
797 core 5.453 5.076 3.050 
798 core 5.536 5.532 5.804 
799 core 7.628 7.715 4.912 
800 core 5.505 5.458 5.599 
801 core 7.989 7.746 3.448 
802 core 6.889 7.026 3.243 
803 core 5.267 5.923 5.744 
804 core 6.145 6.674 4.812 
805 core 7.828 7.187 5.896 
806 core 7.254 6.332 3.459 
807 core 6.217 7.314 5.737 
808 core 6.206 6.558 3.648 
809 core 5.675 6.837 5.132 
810 core 7.170 6.748 3.451 
811 core 7.524 5.836 4.535 
812 core 6.212 6.159 3.022 
813 core 6.750 7.611 5.950 
814 core 6.731 5.411 4.131 
815 core 7.532 5.042 5.184 
816 core 6.291 6.780 4.901 
817 core 6.057 7.183 4.963 
818 core 6.411 5.962 3.739 
819 core 7.373 5.219 4.883 
820 core 6.434 5.464 3.777 
821 core 5.661 6.386 3.399 
822 core 6.783 7.253 4.703 
823 core 7.650 7.290 5.653 
824 core 6.202 7.076 4.886 
825 core 6.108 7.484 3.869 
826 core 6.998 6.588 3.738 
827 core 5.777 7.948 5.807 
828 core 7.695 7.598 4.432 
829 core 5.681 7.051 4.589 
830 core 7.181 7.258 3.917 
831 core 5.522 5.758 3.269 
832 core 7.278 7.643 4.918 
833 core 7.843 6.119 4.319 
834 core 5.850 7.493 3.500 
835 core 7.984 5.024 4.175 
836 core 7.931 6.478 5.664 
837 core 7.049 6.360 3.796 
838 core 6.761 7.228 3.846 
839 core 7.086 5.362 5.691 
840 core 6.090 7.103 4.714 
841 core 6.385 6.939 3.500 
842 core 6.844 5.281 3.936 
843 core 7.878 5.553 5.781 
844 core 5.134 5.995 5.528 
845 core 7.363 5.266 3.173 
846 core 7.139 7.751 4.128 
847 core 6.756 7.875 4.658 
848 core 7.908 5.384 4.590 
849 core 6.975 7.266 3.680 
850 core 7.223 6.967 3.348 
851 core 6.752 7.799 5.609 
852 core 6.218 5.708 4.327 
853 core 7.074 7.906 5.375 
854 core 7.707 7.263 5.262 
855 core 7.739 6.624 3.475 
856 core 7.233 7.736 5.010 
857 core 6.665 7.069 4.593 
858 core 6.199 6.501 3.218 
859 core 5.777 6.068 4.126 
860 core 7.074 6.302 4.399 
861 core 6.196 5.395 4.656 
862 core 7.647 5.536 5.123 
863 core 6.777 6.842 5.736 
864 core 6.937 5.514 3.200 
865 core 5.315 5.593 4.951 
866 core 7.069 7.179 4.135 
867 core 7.225 7.354 3.687 
868 core 6.278 7.064 4.790 
869 core 7.607 5.864 3.047 
870 core 5.398 5.790 3.629 
871 core 7.527 5.640 4.647 
872 core 5.528 6.890 4.260 
873 core 7.916 5.235 5.426 
874 core 7.618 7.257 5.855 
875 core 7.403 6.891 5.765 
876 core 7.498 5.173 3.854 
877 core 5.992 6.242 3.857 
878 core 7.625 5.894 5.509 
879 core 5.836 6.500 5.079 
880 core 7.034 7.656 4.040 
881 core 6.938 5.350 5.197 
882 core 6.572 6.861 4.705 
883 core 5.423 7.495 3.531 
884 core 7.381 5.873 3.862 
885 core 7.342 6.343 3.656 
886 core 7.476 5.278 3.356 
887 core 5.644 6.090 4.038 
888 core 6.038 7.971 4.347 
889 core 6.621 7.810 3.864 
890 core 6.547 5.647 4.235 
891 core 7.126 6.094 3.945 
892 core 6.088 5.478 4.725 
893 core 7.892 7.909 3.681 
894 core 5.100 6.505 5.106 
895 core 6.127 7.857 5.443 
896 core 7.103 7.394 5.095 
897 core 6.375 6.237 3.192 
898 core 5.507 6.676 5.183 
899 core 5.560 7.253 3.644 
900 core 7.046 7.411 5.311 
901 core 7.345 7.030 5.058 
902 core 5.100 6.958 3.785 
903 core 6.877 5.768 4.266 
904 core 6.121 5.655 5.394 
905 core 7.089 7.645 3.356 
906 core 6.373 7.187 4.027 
907 core 7.160 5.276 5.129 
908 core 7.242 6.795 4.806 
909 core 5.209 5.260 4.183 
910 core 5.300 6.999 3.169 
911 core 6.232 5.829 4.582 
912 core 6.973 7.300 4.716 
913 core 6.894 7.014 3.568 
914 core 6.109 5.576 4.375 
915 core 6.702 6.679 4.881 
916 core 6.052 6.437 4.857 
917 core 7.668 5.994 3.004 
918 core 7.875 6.904 4.624 
919 core 7.959 7.768 5.856 
920 core 7.914 6.259 3.874 
921 core 5.722 6.118 4.935 
922 core 7.099 6.507 3.289 
923 core 5.688 7.409 3.888 
924 core 7.423 5.166 5.619 
925 core 5.476 7.170 4.391 
926 core 6.292 7.483 3.365 
927 core 5.739 5.634 4.767 
928 core 6.679 6.107 4.261 
929 core 7.244 6.057 3.026 
930 core 7.302 5.682 3.855 
931 core 5.059 5.256 4.920 
932 core 5.839 7.201 3.401 
933 core 7.734 5.949 5.373 
934 core 6.217 6.550 5.845 
935 core 6.783 7.767 4.276 
936 core 7.957 5.411 4.024 
937 core 5.848 7.301 5.260 
938 core 5.523 5.744 5.782 
939 core 6.492 5.269 5.903 
940 core 7.493 6.059 3.938 
941 core 7.922 5.934 3.501 
942 core 5.323 7.982 4.109 
943 core 5.976 5.833 4.519 
944 core 6.182 6.316 4.691 
945 core 5.387 5.683 5.521 
946 core 5.434 6.734 4.105 
947 core 5.646 6.389 4.632 
948 core 5.247 6.237 3.409 
949 core 6.207 7.500 5.446 
950 core 7.777 5.224 5.347 
951 core 6.163 5.093 4.830 
952 core 5.690 6.740 5.414 
953 core 6.698 5.485 4.590 
954 core 7.861 6.559 3.072 
955 core 6.811 6.487 5.564 
956 core 6.154 7.766 4.783 
957 core 5.289 5.567 5.546 
958 core 7.075 5.130 5.334 
959 core 6.407 5.753 5.682 
960 core 6.301 7.816 4.897 
961 core 6.079 5.770 3.471 
962 core 7.641 6.740 3.152 
963 core 5.572 6.158 3.054 
964 core 6.217 6.415 5.858 
965 core 6.129 6.253 5.637 
966 core 6.589 6.766 4.835 
967 core 5.987 5.596 5.551 
968 core 7.695 5.409 5.297 
969 core 5.831 5.780 3.094 
970 core 6.655 7.328 4.650 
971 core 5.006 7.220 3.226 
972 core 6.103 6.929 3.190 
973 core 6.742 7.511 3.199 
974 core 6.783 6.158 3.506 
975 core 5.598 6.251 5.866 
976 core 6.062 7.511 4.146 
977 core 6.176 7.217 5.358 
978 core 6.230 5.770 4.160 
979 core 7.709 5.272 3.486 
980 core 7.509 7.221 4.924 
981 core 7.696 5.212 5.105 
982 core 5.340 7.333 4.134 
983 core 5.998 7.953 4.198 
984 core 7.633 6.049 4.350 
985 core 6.976 7.873 3.698 
986 core 6.378 7.225 5.935 
987 core 6.960 7.347 5.689 
988 core 7.447 5.237 5.178 
989 core 6.263 7.071 4.267 
990 core 5.053 5.236 4.236 
991 core 7.519 5.219 3.632 
992 core 5.035 7.722 5.824 
993 core 7.803 7.003 5.424 
994 core 6.878 5.679 4.974 
995 core 7.198 7.070 3.926 
996 core 5.762 6.660 3.730 
997 core 6.492 7.625 3.259 
998 core 7.454 6.107 3.917 
999 core 7.663 5.069 5.389 
1000 core 5.991 -2.996 -2.802 
1001 core 3.274 -2.517 -2.567 
1002 border -1.972 0.183 -0.338 
1003 core 2.096 -1.579 -2.040 
1004 core -1.027 -1.802 -1.862 
1005 core 4.769 -3.331 -3.548 
1006 core -2.138 -3.308 -1.837 
1007 core 2.287 -1.143 -3.966 
1008 core 1.461 -3.584 -1.697 
1009 core -3.330 -2.734 -0.795 
1010 core 3.503 -1.778 -3.141 
1011 core -1.928 -2.707 -2.277 
1012 core -2.842 -1.890 -2.381 
1013 core 4.626 -2.874 -3.962 
1014 core 3.395 -3.244 -3.960 
1015 core 4.937 -1.892 -1.281 
1016 core 4.023 -2.874 -3.189 
1017 core 4.499 -2.305 -4.293 
1018 core -2.021 -2.314 -1.575 
1019 core -2.059 -1.780 -1.191 
1020 core -3.417 -1.795 -2.055 
1021 core -2.127 -1.244 -1.320 
1022 core -2.752 -1.542 -2.309 
1023 core -3.183 -1.297 -0.662 
1024 core -0.953 -0.121 -1.466 
1025 core 4.636 -0.243 -2.251 
1026 core 3.855 -1.677 -2.644 
1027 core 2.746 -2.745 -3.014 
1028 core -2.151 -1.024 0.389 
1029 core -1.992 -3.060 -1.244 
1030 core -3.103 -2.324 -2.285 
1031 core 4.097 -2.849 -3.241 
1032 core -1.670 -2.535 -3.581 
1033 core -1.602 -2.345 -0.754 
1034 core 3.345 -2.155 -4.272 
1035 core 2.924 -1.883 -0.275 
1036 core 3.888 -0.974 -2.548 
1037 core -1.584 -1.014 -1.283 
1038 core 4.090 -2.910 -2.811 
1039 core -3.251 -2.059 -0.367 
1040 core -1.957 -2.029 -3.134 
1041 core -1.916 -2.787 -0.734 
1042 border -3.797 -4.156 -3.637 
1043 core -2.473 -2.541 -1.261 
1044 core 3.206 -1.748 -3.245 
1045 core 3.266 -1.818 -2.558 
1046 core -1.986 -2.016 -3.048 
1047 core 4.910 -2.390 -2.118 
1048 core -2.983 -2.183 -2.420 
1049 core -1.345 -1.975 -1.165 
1050 core -1.984 -3.732 -1.653 
1051 core -2.159 -2.802 -2.825 
1052 core 5.090 -1.205 -3.811 
1053 core 3.683 -2.778 -3.375 
1054 core 4.075 -1.523 -5.106 
1055 core 4.443 0.020 -4.023 
1056 core 1.969 -2.594 -2.816 
1057 core 3.759 -2.066 -2.763 
1058 core 4.043 -1.654 -2.824 
1059 core -3.350 -2.151 -0.968 
1060 core 4.371 -2.591 -3.959 
1061 core -2.213 -0.849 -2.021 
1062 core -0.863 -2.612 -2.917 
1063 core 5.869 -2.445 -3.457 
1064 core 4.833 -0.969 -2.800 
1065 core -1.797 -3.619 -0.078 
1066 core -2.189 -2.520 -2.340 
1067 core 3.764 -0.984 -2.792 
1068 core -2.092 -2.463 -1.389 
1069 core -1.810 -2.108 -2.204 
1070 core -4.089 -2.973 -0.571 
1071 core 2.749 -2.070 -2.910 
1072 core 2.565 -1.636 -1.966 
1073 core 3.740 -2.715 -4.346 
1074 core -1.268 -2.135 -1.418 
1075 core -1.656 -1.724 -2.414 
1076 core -0.705 -2.213 -0.567 
1077 core 4.987 -2.742 -2.926 
1078 core -3.165 -1.617 -2.978 
1079 core 4.588 -0.949 -3.309 
1080 core -1.469 -3.813 -1.846 
1081 core 4.264 -2.415 -2.388 
1082 core 2.543 -2.048 -2.460 
1083 core -1.278 -2.100 -3.095 
1084 core -2.587 -1.090 -3.431 
1085 core 4.615 -0.882 -1.815 
1086 core -1.825 -1.741 -1.867 
1087 core -3.922 -2.793 -2.184 
1088 core -2.489 -1.218 -0.929 
1089 core 3.912 -1.388 -3.305 
1090 core -1.359 -2.807 -1.668 
1091 core -3.237 -3.930 -1.521 
1092 core -1.290 -1.130 -1.550 
1093 core -1.333 -2.489 -1.520 
1094 core -2.618 -2.659 -1.672 
1095 core 4.398 -1.344 -3.494 
1096 core -0.658 -3.414 -2.222 
1097 core 2.071 -3.137 -4.972 
1098 core -2.298 -3.250 -3.469 
1099 core 3.016 -0.557 -3.584 
1100 core 3.379 -3.764 -3.625 
1101 core 5.470 -3.136 -3.436 
1102 core -1.664 -2.958 -0.075 
1103 core -2.496 -2.185 -1.632 
1104 core -1.248 -3.629 -1.498 
1105 core -3.052 -2.007 -1.461 
1106 core -2.267 -3.133 -1.345 
1107 core -0.706 -2.604 -1.793 
1108 core 3.760 -3.499 -2.882 
1109 core -1.323 -2.090 -2.604 
1110 core -2.168 -1.724 -2.623 
1111 core 3.774 -3.001 -2.075 
1112 core 5.207 -1.081 -3.001 
1113 core -2.621 -0.595 -3.248 
1114 core 4.524 -3.293 -3.143 
1115 core -1.273 -1.480 -2.685 
1116 core 3.622 -2.142 -3.336 
1117 core -2.674 -0.467 -1.954 
1118 core 4.546 -2.321 -3.636 
1119 core 4.934 -2.749 -3.314 
1120 core -2.420 -1.571 -1.853 
1121 core -1.544 -3.129 -0.332 
1122 core 4.974 -1.673 -3.160 
1123 core -0.952 -1.628 -0.664 
1124 core 4.540 -1.941 -4.377 
1125 core 3.963 -0.434 -4.634 
1126 core 4.088 -2.626 -2.587 
1127 core -2.703 -3.162 -1.740 
1128 core 3.514 -3.340 -1.657 
1129 core 3.335 -1.108 -2.157 
1130 core -1.855 -0.857 -2.954 
1131 core 2.993 -1.192 -2.521 
1132 core 1.943 -1.677 -4.723 
1133 core 5.443 -1.316 -3.600 
1134 core 0.352 -2.278 -2.189 
1135 core -2.623 -3.843 -2.350 
1136 core 3.406 -2.351 -3.783 
1137 core 1.665 -1.424 -1.674 
1138 core 4.392 -0.454 -3.578 
1139 core 3.007 -1.725 -1.166 
1140 core 4.781 -1.574 -1.878 
1141 core -1.972 -3.150 -2.495 
1142 core -2.404 -1.161 -2.433 
1143 border 5.306 -3.932 -4.396 
1144 core 3.955 -1.163 -2.862 
1145 core -1.690 -2.803 -0.461 
1146 border 5.715 0.079 -4.470 
1147 core 5.141 -0.135 -2.765 
1148 core -3.706 -3.175 -1.890 
1149 core -0.566 -1.142 -1.686 
1150 core -1.314 -2.448 -1.949 
1151 core -1.747 -0.530 -1.185 
1152 core -0.603 -1.210 -2.685 
1153 core 3.324 -1.805 -4.046 
1154 core 4.097 -3.039 -3.957 
1155 core -1.130 -1.889 -2.165 
1156 core 2.453 -1.896 -3.706 
1157 core 2.313 -2.835 -1.445 
1158 core 2.605 -2.886 -1.847 
1159 core -3.543 -0.660 -0.358 
1160 core 5.250 -3.086 -1.979 
1161 core -3.512 -0.771 -3.911 
1162 core -3.195 -0.886 -1.965 
1163 core 3.924 -3.371 -3.890 
1164 core -0.178 -1.872 0.141 
1165 core 2.309 -1.862 -2.572 
1166 core -2.111 -3.476 -3.590 
1167 core -2.659 -2.571 -2.765 
1168 core 4.277 -3.528 -2.848 
1169 core -2.072 -3.058 -3.608 
1170 core -2.967 -3.188 -3.136 
1171 core 3.194 -2.311 -1.564 
1172 core -3.759 -2.076 -1.237 
1173 core 5.681 -1.043 -0.874 
1174 core -3.958 -2.060 -1.156 
1175 core -0.995 -0.634 -1.381 
1176 core 4.089 -1.502 -4.700 
1177 core 3.888 -2.584 -3.596 
1178 core -1.200 -2.979 -3.045 
1179 core 4.180 -2.863 -3.237 
1180 core -1.995 -0.982 -3.000 
1181 core 2.687 -1.268 -0.673 
1182 core -1.266 -1.404 -0.513 
1183 core -2.094 -1.952 -2.517 
1184 core -1.065 -2.250 -2.947 
1185 core 4.254 -2.737 -3.996 
1186 core 3.441 -1.881 -4.861 
1187 core 5.287 -1.484 -2.715 
1188 core 3.574 -3.705 -3.385 
1189 core -1.606 -3.775 -1.618 
1190 core -1.754 -3.451 -0.704 
1191 core -1.281 -0.199 -3.305 
1192 noise 6.748 -1.970 -3.350 
1193 border 3.673 0.580 -3.354 
1194 core 3.497 -1.280 -2.742 
1195 core 3.678 -2.492 -1.617 
1196 core -2.963 -1.548 -2.773 
1197 core -1.718 -3.374 -2.580 
1198 core 5.277 -0.575 -1.092 
1199 core -1.370 0.123 -2.521 
1200 core 2.960 -0.693 -4.702 
1201 core -1.360 -2.375 -1.223 
1202 core -2.849 -2.094 -2.189 
1203 core 4.808 -2.717 -3.553 
1204 core 4.761 -1.560 -1.777 
1205 core -1.737 -1.588 -0.217 
1206 core -2.054 -3.454 -1.531 
1207 core -1.170 -0.908 -1.822 
1208 core -2.459 -2.579 0.029 
1209 core 3.509 -4.262 -2.602 
1210 core 5.089 -1.721 -4.008 
1211 core -0.880 -3.442 -1.249 
1212 core 3.538 -3.024 -2.470 
1213 core 4.605 -1.510 -3.867 
1214 core -1.696 -1.352 -1.751 
1215 core -3.301 -1.584 -1.665 
1216 core 4.164 -2.568 -3.207 
1217 core 3.873 -0.319 -3.871 
1218 core -0.094 -2.239 -3.021 
1219 core -2.209 -1.623 -2.033 
1220 core 4.387 -2.408 -3.620 
1221 core -1.790 -1.192 -0.948 
1222 core 3.655 -2.337 -3.887 
1223 core 3.546 -2.418 -4.659 
1224 core -0.669 -2.157 -1.935 
1225 core 4.662 -3.204 -4.882 
1226 core 2.795 -0.062 -3.695 
1227 core -1.072 -3.661 -2.299 
1228 core 4.589 -1.688 -1.536 
1229 core 3.206 -2.435 -2.438 
1230 core 2.946 -4.147 -3.654 
1231 core 4.108 -2.675 -3.631 
1232 core -3.795 -0.897 -2.576 
1233 core -2.916 -2.552 -1.971 
1234 core 3.158 -1.076 -2.106 
1235 core -2.526 -2.195 -2.520 
1236 core 2.750 -2.187 -2.076 
1237 core -0.700 -1.026 -1.033 
1238 core -0.627 -3.402 -1.543 
1239 core -1.909 -2.944 -1.429 
1240 core 4.035 -3.254 -4.441 
1241 core -1.962 -2.630 -1.718 
1242 core 0.090 -2.954 -1.393 
1243 core 5.645 -0.179 -3.195 
1244 core -1.043 -2.138 -3.542 
1245 core 4.126 -0.394 -3.774 
1246 core -2.850 -0.868 -1.193 
1247 core 4.555 -0.737 -1.855 
1248 core -1.995 -1.464 -1.614 
1249 core 5.215 -3.309 -2.256 
1250 core 4.218 -1.308 -2.944 
1251 core 3.836 -2.291 -2.661 
1252 core -2.888 -1.541 -2.111 
1253 core -1.682 -0.878 -2.412 
1254 core 2.164 -2.219 -4.906 
1255 core 3.486 -1.597 -3.006 
1256 core 3.215 -2.209 -0.888 
1257 core 4.101 -1.978 -2.580 
1258 core 3.568 -2.193 -3.230 
1259 core 4.136 -1.018 -3.764 
1260 core -0.832 -2.436 -2.380 
1261 core -2.536 -1.657 -1.977 
1262 core 3.696 -2.917 -3.723 
1263 core 2.736 -2.053 -4.650 
1264 core 4.387 -2.785 -2.817 
1265 core 4.818 -1.691 -3.817 
1266 noise -3.137 -5.042 -3.266 
1267 core 6.046 -0.549 -2.170 
1268 core 4.732 -2.226 -3.759 
1269 core -2.188 -0.776 -1.686 
1270 core -0.896 -2.638 -1.088 
1271 core -3.081 -2.283 -2.244 
1272 core 3.909 -0.772 -2.555 
1273 border -2.536 -1.684 -4.614 
1274 core -0.873 -0.379 -2.284 
1275 core -3.275 -2.567 -1.469 
1276 core 3.485 -0.887 -4.005 
1277 core 3.346 -2.076 -3.664 
1278 core 0.115 -1.751 -3.912 
1279 core 4.598 -0.028 -3.709 
1280 core -1.156 -2.877 -2.004 
1281 core 4.100 -2.318 -3.442 
1282 core -2.533 -0.747 -0.355 
1283 core 6.001 -3.208 -2.937 
1284 core 2.937 -2.203 -1.134 
1285 core -1.226 -1.538 -1.246 
1286 core -1.941 -2.609 -1.600 
1287 core -2.245 -1.555 -3.190 
1288 core -1.899 -2.055 -0.147 
1289 core -3.507 -0.428 -1.900 
1290 core 4.827 -3.079 -4.339 
1291 core 3.302 -3.346 -3.737 
1292 core 2.974 -0.356 -3.686 
1293 core 3.664 -2.503 -2.686 
1294 core 4.947 -1.217 -3.869 
1295 core 3.073 -3.198 -3.735 
1296 core -2.176 -3.807 -3.057 
1297 border 6.719 -1.809 -2.754 
1298 core 5.382 -1.226 -2.359 
1299 noise -2.144 1.181 -1.333 
1300 core 4.089 -2.016 -2.682 
1301 core 4.139 -0.368 -2.790 
1302 core -3.204 -2.321 -1.371 
1303 core 4.519 -2.953 -3.167 
1304 core -3.154 -2.288 -0.122 
1305 core -0.571 -2.622 -1.835 
1306 core -2.524 -0.390 -2.220 
1307 core -2.352 -3.223 -3.786 
1308 core 4.985 -1.082 -3.277 
1309 core -1.772 -2.338 -0.892 
1310 core 3.934 -0.286 -4.860 
1311 core 3.769 -3.684 -2.418 
1312 core 4.623 -2.935 -4.411 
1313 core 4.929 -0.784 -3.564 
1314 border 2.880 -4.307 -5.275 
1315 core 4.671 -1.922 -3.152 
1316 core 5.131 -1.892 -3.307 
1317 core -1.092 -2.552 -2.505 
1318 core 4.451 -2.865 -2.826 
1319 core 4.047 -3.201 -2.865 
1320 core 4.818 -2.875 -4.419 
1321 noise -1.623 -3.504 -4.926 
1322 core -2.270 -0.673 -1.769 
1323 core -2.926 -2.876 -0.702 
1324 core 5.306 -2.948 -5.032 
1325 core 2.048 -2.574 -2.668 
1326 core -2.717 -1.174 -2.945 
1327 core 4.241 -3.567 -3.687 
1328 core -0.506 -2.209 -0.580 
1329 core 3.237 -1.587 -5.292 
1330 core 5.251 -2.408 -3.975 
1331 core 5.242 -3.105 -2.731 
1332 core 3.718 -2.424 -2.972 
1333 core -0.351 -2.586 -1.325 
1334 core -3.022 -1.946 -1.275 
1335 core -4.404 -1.587 -0.626 
1336 core -2.131 -1.342 -2.297 
1337 core 4.493 -2.254 -1.896 
1338 core -1.879 -3.223 -1.163 
1339 core 2.777 -1.592 -1.568 
1340 core -2.251 -2.305 -2.324 
1341 core -1.691 -0.771 -2.385 
1342 core 4.618 -1.174 -3.240 
1343 core 3.636 -1.225 -2.985 
1344 core -2.364 -2.951 -2.696 
1345 core 3.909 -1.422 -3.050 
1346 core -1.176 -1.824 -2.661 
1347 core -2.025 -1.981 -1.577 
1348 core 4.069 -1.531 -2.057 
1349 core -2.330 -1.548 -2.229 
1350 core -1.144 -1.644 -1.442 
1351 core 2.946 -3.005 -3.397 
1352 core -1.318 -2.011 -1.987 
1353 core 3.226 -0.998 -3.147 
1354 core 3.908 -2.592 -4.892 
1355 core -1.619 -1.885 -2.104 
1356 core -1.113 -1.517 -1.983 
1357 core -2.172 -0.147 -2.432 
1358 core 4.817 -0.537 -4.138 
1359 core -0.296 -3.360 -2.512 
1360 core -3.529 -2.936 -2.619 
1361 core 2.643 -0.707 -2.397 
1362 core 5.055 -0.910 -3.297 
1363 core 4.358 -2.451 -3.542 
1364 core 4.686 -1.506 -2.238 
1365 core 5.375 -1.532 -2.546 
1366 core -1.448 -2.919 -2.342 
1367 core 3.677 -1.342 -2.566 
1368 core 4.624 -2.256 -2.863 
1369 core -1.714 -2.131 -3.423 
1370 core -0.701 -1.550 -1.773 
1371 core -2.973 -0.107 -4.124 
1372 core -2.135 -3.535 -1.651 
1373 core 2.192 -2.211 -3.088 
1374 core -1.266 -2.071 -0.841 
1375 core 2.886 -1.914 -2.808 
1376 core -2.770 -1.866 -0.828 
1377 core 5.191 -1.786 -2.090 
1378 core 3.001 -3.799 -3.563 
1379 border -3.661 -3.905 -0.753 
1380 core -0.821 -3.380 -2.828 
1381 core -2.706 -1.008 -2.220 
1382 border -1.424 -0.680 0.462 
1383 core -1.384 -3.165 -1.853 
1384 core 3.787 -2.815 -2.911 
1385 core 3.020 -2.349 -1.851 
1386 core 3.314 -0.960 -2.983 
1387 core 4.549 -2.254 -3.354 
1388 core 4.152 -1.906 -3.833 
1389 core 5.007 -2.029 -3.581 
1390 core -0.899 -1.677 -1.439 
1391 core 4.022 -2.749 -3.842 
1392 core 5.193 -0.160 -3.713 
1393 core -1.599 -0.687 -1.748 
1394 core 2.953 -2.441 -2.817 
1395 core 4.218 -1.183 -4.710 
1396 core -1.442 -2.221 -2.963 
1397 core -3.126 -1.939 -1.538 
1398 core -1.368 -3.667 -2.861 
1399 core 2.824 -1.171 -1.639 
1400 core 3.096 -3.933 -4.574 
1401 core -0.761 -1.701 -3.414 
1402 core -3.087 -2.791 -1.215 
1403 core 3.663 -1.481 -2.463 
1404 core 3.784 -2.125 -3.815 
1405 core 5.250 -3.331 -2.260 
1406 core -2.846 -1.724 -1.884 
1407 core 4.543 -3.334 -3.996 
1408 core 5.482 -1.240 -2.270 
1409 core 4.438 -1.083 -1.163 
1410 core 4.508 -1.516 -1.490 
1411 core 4.444 -3.111 -1.538 
1412 core -1.381 -2.577 -2.495 
1413 core 3.738 -3.347 -2.796 
1414 core 3.587 -2.797 -3.864 
1415 core -1.273 -1.459 -0.309 
1416 core -1.137 -1.576 -2.101 
1417 core -2.261 -3.621 -1.298 
1418 core 5.261 -2.222 -2.250 
1419 core 5.932 -3.071 -3.829 
1420 core 2.562 -1.030 -4.403 
1421 core 4.529 -2.365 -3.450 
1422 core 3.636 -2.052 -2.066 
1423 core -1.915 -1.724 -2.931 
1424 core -1.929 -2.338 -2.644 
1425 core 3.489 -1.154 -2.815 
1426 core 2.224 -0.946 -0.972 
1427 core -1.594 -0.984 -2.819 
1428 core -2.033 -0.874 -2.413 
1429 core 1.604 -0.898 -2.640 
1430 core -2.489 -2.802 0.091 
1431 core 4.487 -1.634 -2.236 
1432 core -2.629 -2.548 -2.019 
1433 core -0.989 -2.207 -2.119 
1434 core 4.970 -1.752 -1.331 
1435 core 4.045 -1.786 -3.663 
1436 core -3.586 -1.579 -3.049 
1437 core 4.186 -2.372 -2.582 
1438 core 4.084 -1.967 -3.057 
1439 core -3.149 -0.964 -2.872 
1440 core 2.537 -0.140 -3.786 
1441 core 4.592 -2.044 -2.875 
1442 core -3.235 -4.002 -3.043 
1443 core 4.830 -2.213 -2.798 
1444 core -1.843 -0.203 -3.387 
1445 core -0.848 -1.809 -2.707 
1446 core -2.407 -2.498 -2.577 
1447 core 2.467 -1.815 -3.557 
1448 core 4.143 -0.365 -2.791 
1449 core 4.404 -2.441 -3.026 
1450 core -2.092 -2.501 -4.149 
1451 core 3.706 -2.206 -1.509 
1452 core -2.033 -2.218 -2.337 
1453 core 3.328 -1.469 -3.012 
1454 core -3.473 -2.103 -1.831 
1455 core 5.004 -0.464 -2.174 
1456 core 4.662 -2.122 -3.245 
1457 core -2.670 -1.200 -1.180 
1458 core -1.631 -4.303 -2.026 
1459 core 3.939 -1.433 -1.777 
1460 core 4.288 -2.607 -2.141 
1461 core -0.751 -0.570 -0.689 
1462 core 2.255 -3.072 -3.589 
1463 core 3.521 -2.292 -2.933 
1464 core 3.647 -2.852 -3.235 
1465 core -1.221 -1.924 -3.166 
1466 core -1.353 -2.393 -1.307 
1467 core -1.929 -0.231 -1.342 
1468 core -1.013 -2.714 -1.918 
1469 core 3.541 -1.504 -3.638 
1470 core 3.396 -2.566 -3.379 
1471 core -0.103 -3.286 -1.784 
1472 core -2.488 -1.135 -0.911 
1473 core 3.557 -1.409 -3.010 
1474 core -0.403 -1.244 -1.646 
1475 core 5.234 -2.351 -3.642 
1476 core -3.076 -2.066 -0.522 
1477 core -1.921 -0.544 -2.008 
1478 core 4.886 -3.076 -4.572 
1479 core -1.371 -1.887 -1.574 
1480 core 4.423 -2.113 -2.670 
1481 core -1.165 -0.628 -1.688 
1482 noise -2.336 1.139 0.020 
1483 core -1.694 -0.604 -1.241 
1484 core 2.503 -1.618 -3.682 
1485 core 4.750 -0.290 -2.518 
1486 core 3.354 -2.680 -4.953 
1487 core -1.270 -0.447 -2.721 
1488 core 4.161 -2.065 -2.194 
1489 core 3.406 -1.581 -3.958 
1490 core 3.279 -0.262 -1.868 
1491 core -3.715 -2.352 -2.105 
1492 core -2.698 -3.650 -0.138 
1493 core -3.219 -3.993 -1.625 
1494 core -2.028 -2.342 -1.264 
1495 core -1.387 -2.835 -3.141 
1496 core 2.815 -1.918 -1.957 
1497 core -1.174 -3.396 -2.042 
1498 core -2.979 -2.668 -1.400 
1499 core 4.421 -2.581 -1.426 
1500 core 3.997 0.156 -4.422 
1501 core 2.773 -1.839 -2.890 
1502 core -1.246 -1.196 -2.316 
1503 core -2.181 -2.361 -2.225 
1504 core 3.758 -2.476 -4.564 
1505 core 0.822 -1.035 -1.466 
1506 core 3.844 -1.485 -2.680 
1507 core -0.599 -2.220 -2.462 
1508 core -1.087 -2.002 -1.377 
1509 core -1.335 -2.938 -1.085 
1510 core -1.667 -1.600 -2.147 
1511 border -3.624 -1.706 -3.885 
1512 core -0.047 -2.287 -2.156 
1513 core 3.458 -3.954 -3.722 
1514 core -2.897 -2.264 -4.175 
1515 core 4.467 -2.980 -1.191 
1516 core -0.471 -0.745 -2.605 
1517 core 3.823 -2.374 -3.519 
1518 core -0.895 -2.929 -0.301 
1519 core -0.690 -1.508 -2.748 
1520 core -2.814 -0.699 -3.551 
1521 core -2.942 -1.261 -2.951 
1522 core -1.828 -0.775 -2.743 
1523 core -0.203 -1.613 -1.551 
1524 core 3.827 0.025 -2.944 
1525 core -1.604 -3.891 -1.784 
1526 core -2.803 -1.440 -2.555 
1527 core 4.139 -2.849 -3.169 
1528 core 3.517 -1.958 -4.606 
1529 core 5.020 -3.740 -1.970 
1530 core 3.449 -1.171 -4.313 
1531 core -0.303 -2.809 -1.798 
1532 core -1.946 -1.826 -2.344 
1533 core 1.356 -1.242 -1.893 
1534 core 2.685 -4.053 -3.092 
1535 core -2.669 -3.228 -1.656 
1536 core 0.558 -0.549 -2.863 
1537 core -2.129 -2.566 -1.736 
1538 core 4.894 -1.778 -1.741 
1539 core 3.975 -2.092 -3.215 
1540 core -1.897 -3.142 -2.108 
1541 core 4.593 -0.919 -2.985 
1542 border 5.388 -3.856 -1.136 
1543 core -2.616 -3.502 -1.649 
1544 core -1.041 -2.425 -1.487 
1545 core 3.896 -1.808 -3.390 
1546 core 2.878 -1.844 -2.015 
1547 border 5.711 -2.841 -1.373 
1548 core 4.172 -0.977 -1.458 
1549 core 5.233 -1.355 -2.638 
1550 core -1.094 -1.231 -1.945 
1551 core 1.854 -0.747 -2.381 
1552 core -1.954 -0.723 -2.150 
1553 core 4.583 -1.917 -4.097 
1554 core 3.102 -2.154 -1.927 
1555 core -2.702 -1.896 0.344 
1556 core -0.888 -0.862 -1.657 
1557 core 2.055 -1.510 -2.997 
1558 core -1.449 -1.778 -1.674 
1559 core 3.917 -2.522 -3.533 
1560 core 4.553 -0.412 -2.419 
1561 core 5.244 -2.232 -3.443 
1562 core 3.467 -3.447 -3.708 
1563 core 4.395 -0.908 -2.868 
1564 core -2.928 -2.360 -2.357 
1565 core 3.591 -1.228 -3.981 
1566 core -1.497 -3.270 -1.777 
1567 core -3.059 -2.327 -0.694 
1568 core -1.164 -2.249 -2.177 
1569 core -1.115 -3.787 -3.127 
1570 core 4.157 -1.186 -4.881 
1571 core 5.950 -3.732 -3.788 
1572 core 4.519 -3.145 -2.374 
1573 core 3.540 -3.107 -2.181 
1574 core -1.450 -2.055 -2.711 
1575 core 0.199 -1.827 -1.763 
1576 core 3.334 -2.975 -2.179 
1577 border -1.776 -4.539 -0.808 
1578 core -2.041 -1.888 -1.759 
1579 core 2.899 -0.615 -3.221 
1580 core -1.965 -2.240 -1.192 
1581 core 4.683 -1.753 -2.648 
1582 core 3.376 -1.486 -1.626 
1583 core -2.801 -3.215 -3.145 
1584 core -2.317 -2.256 -1.301 
1585 core -1.174 -0.540 -2.675 
1586 core -1.268 -2.553 -1.516 
1587 core -1.855 -3.667 -0.791 
1588 core 1.333 -0.681 -3.425 
1589 core -3.282 -2.526 -2.313 
1590 core -0.278 -1.549 -1.358 
1591 core 3.746 -4.140 -2.613 
1592 core -1.429 -1.884 -3.756 
1593 core -1.862 -1.459 -0.665 
1594 core -3.086 -0.743 -0.225 
1595 core 2.238 -2.358 -2.776 
1596 core 3.050 -4.246 -1.153 
1597 core -2.319 -4.016 -3.709 
1598 core -2.719 -2.638 -3.516 
1599 core -2.052 -2.170 -1.509 
1600 core -3.017 -3.664 -2.339 
1601 core -1.951 -1.224 -2.683 
1602 core 3.264 -2.407 -4.216 
1603 core 3.137 -1.602 -4.336 
1604 core 4.641 -2.030 -2.308 
1605 core -1.798 -1.414 -3.244 
1606 core -0.628 -2.036 -3.365 
1607 core 3.672 -2.273 -3.346 
1608 core -1.677 -1.208 -2.448 
1609 core 3.300 -2.887 -2.782 
1610 border 0.074 -0.095 -0.566 
1611 core -2.373 -1.480 -2.135 
1612 core -2.009 -2.982 -1.486 
1613 noise 6.583 0.766 -5.258 
1614 core -1.125 -3.545 -1.968 
1615 core -0.392 -0.231 -2.876 
1616 core -2.135 -2.062 -3.565 
1617 core -3.418 -2.643 -2.562 
1618 core -1.797 -1.840 -1.482 
1619 noise 7.036 -0.759 -2.888 
1620 core 4.184 -2.106 -3.115 
1621 core 3.728 -0.469 -2.979 
1622 core -2.968 -2.582 -3.765 
1623 core 4.485 -1.145 -2.557 
1624 core -2.230 -1.622 -3.069 
1625 core -1.116 -0.994 -1.590 
1626 core 3.928 -1.327 -1.944 
1627 core 1.978 -2.892 -1.682 
1628 core -0.640 -2.833 -1.707 
1629 core 4.868 -1.510 -1.838 
1630 core -3.872 -2.965 -1.317 
1631 core -1.518 -1.820 -2.565 
1632 core 5.119 -3.077 -1.623 
1633 core -1.516 -2.005 -0.621 
1634 noise -2.248 -3.847 -5.215 
1635 core -3.031 -3.050 -1.902 
1636 core 3.540 -3.056 -2.517 
1637 core 4.016 -2.081 -0.679 
1638 core -2.409 -2.778 -1.433 
1639 core 3.337 -1.331 -2.447 
1640 core -1.558 -2.218 -1.595 
1641 core -1.049 -3.128 -2.554 
1642 core -2.416 -2.478 -4.128 
1643 border 4.647 0.590 -3.085 
1644 core -1.024 -0.445 -1.765 
1645 core -2.651 -3.731 -2.350 
1646 core 5.512 -2.856 -2.698 
1647 core -2.382 -2.369 -2.427 
1648 core 4.461 -2.235 -2.379 
1649 core -0.465 -1.663 -3.063 
1650 core 2.400 -2.635 -3.792 
1651 border 6.488 -3.544 -3.706 
1652 core 5.566 -3.456 -2.743 
1653 border -3.091 0.462 -4.096 
1654 core -2.496 -3.235 -1.989 
1655 border -4.191 -1.089 -0.390 
1656 core 4.597 -1.870 -3.777 
1657 core 3.057 -2.795 -4.279 
1658 core -2.227 -1.416 -3.340 
1659 core 5.684 -3.311 -3.107 
1660 core 4.234 -1.364 -2.876 
1661 core 3.344 -2.321 -2.224 
1662 core 4.289 -1.122 -4.689 
1663 core -2.836 -0.580 -2.191 
1664 core -2.572 -1.832 -2.684 
1665 core 4.370 -1.597 -2.653 
1666 core -1.759 -1.676 -0.311 
1667 core -2.979 -1.011 -2.530 
1668 core 3.223 0.005 -3.427 
1669 core 3.996 -2.517 -5.025 
1670 core -1.132 -2.403 -2.902 
1671 core 4.392 -0.527 -2.496 
1672 core 5.797 -0.376 -3.153 
1673 core 4.094 -2.488 -2.371 
1674 core 3.950 -0.987 -4.118 
1675 core 4.923 -0.914 -3.120 
1676 core -1.038 -1.657 -1.149 
1677 core -2.994 -2.251 -2.098 
1678 core -1.583 -1.841 -1.015 
1679 core 2.854 -3.534 -1.066 
1680 core -1.097 -0.236 -1.300 
1681 core 4.119 -2.579 -3.808 
1682 core 3.855 -2.496 -1.027 
1683 core 4.935 -2.229 -5.107 
1684 core -4.012 -2.237 -1.196 
1685 core -4.000 -1.971 -2.136 
1686 core -1.893 -3.746 -2.681 
1687 core 5.276 -3.324 -2.366 
1688 core 4.883 -1.556 -2.819 
1689 core 3.539 -2.219 -4.202 
1690 core 5.205 -1.731 -2.916 
1691 core 4.723 -2.726 -5.186 
1692 core 4.421 -4.468 -2.089 
1693 core -4.636 -2.108 -1.319 
1694 noise 7.276 -0.988 -2.372 
1695 core 3.329 -1.342 -1.439 
1696 core 2.628 -2.336 -2.583 
1697 core -1.304 -1.817 -1.356 
1698 core 4.029 -2.752 -2.315 
1699 core -2.790 -1.754 -1.090 
1700 core 0.553 -3.538 -2.967 
1701 core -2.640 -2.691 -1.901 
1702 core 5.106 -3.182 -2.359 
1703 core -2.688 -3.578 -2.828 
1704 core 2.439 -3.339 -3.561 
1705 core 4.774 -2.197 -4.986 
1706 core -3.535 -2.726 -3.672 
1707 core 3.231 -2.915 -3.984 
1708 core 3.660 -0.284 -3.903 
1709 core 4.212 -0.853 -4.318 
1710 core 4.550 -1.993 -3.563 
1711 core 3.637 -2.197 -2.025 
1712 core -1.138 -2.986 -3.695 
1713 core -2.296 -3.744 -1.753 
1714 core -1.632 -1.865 -2.967 
1715 core -2.702 -1.299 -2.019 
1716 core -2.268 -2.610 -1.336 
1717 noise 2.841 1.285 -2.953 
1718 core -1.923 -2.750 -1.736 
1719 core -1.829 -1.606 0.294 
1720 core -1.889 -3.192 -3.288 
1721 core -0.872 -1.493 -0.206 
1722 core -2.852 0.012 -1.183 
1723 core 3.610 -1.966 -4.391 
1724 core -1.455 -1.748 -2.767 
1725 core 4.114 -0.599 -3.699 
1726 core 3.511 -0.945 -4.051 
1727 core 4.021 -1.929 -2.505 
1728 core 4.514 -1.227 -4.107 
1729 core -4.040 -1.919 -2.118 
1730 core -0.761 -1.283 -0.950 
1731 border -4.812 -2.573 -1.368 
1732 core -1.014 -0.932 -1.348 
1733 core 4.402 -4.100 -3.377 
1734 core 3.852 -2.038 -2.301 
1735 core 3.511 -0.360 -2.493 
1736 core 4.964 -1.669 -2.704 
1737 core 0.485 -2.021 -1.860 
1738 core 4.863 -1.022 -3.625 
1739 core 4.526 -1.475 -1.370 
1740 core 3.920 -1.240 -2.369 
1741 core -3.246 -0.737 -1.159 
1742 core 2.091 -2.247 -1.441 
1743 core 2.794 -2.989 -2.517 
1744 core -1.454 -2.874 -2.866 
1745 border -1.403 -0.789 -4.046 
1746 core -3.906 -3.218 -1.817 
1747 core 5.051 -1.225 -3.247 
1748 core 3.501 -1.636 -2.523 
1749 core -1.964 -3.243 -3.233 
1750 core -2.813 -1.895 -2.091 
1751 core -1.696 -1.766 -0.660 
1752 core 2.439 -2.213 -3.118 
1753 core 2.987 -1.738 0.037 
1754 core 3.090 -1.915 -3.967 
1755 core 4.175 -2.573 -2.598 
1756 core 1.976 -1.393 -1.162 
1757 core -1.695 -2.209 -0.400 
1758 core 3.317 -2.558 -3.535 
1759 core 5.132 -1.902 -4.352 
1760 core 6.124 -1.512 -2.347 
1761 core 0.141 -2.982 -1.913 
1762 core -1.312 -2.866 -2.636 
1763 core -2.997 -0.287 -3.413 
1764 core 3.286 -2.218 -2.429 
1765 core 3.924 -2.872 -3.287 
1766 core -2.545 -3.608 -0.884 
1767 core -1.765 -1.678 -0.745 
1768 core 3.246 -2.034 -2.725 
1769 core -2.609 -1.312 -2.496 
1770 core 4.513 -1.941 -3.060 
1771 core -3.381 -1.646 -3.794 
1772 core -1.937 -0.733 -1.579 
1773 core 2.831 -2.225 -4.181 
1774 core -2.811 -0.962 -3.668 
1775 core -1.279 0.309 -2.492 
1776 core -2.069 -2.268 -2.890 
1777 core 5.740 -1.742 -3.392 
1778 noise 5.734 -5.103 -3.819 
1779 core -2.435 -1.953 -2.847 
1780 core -1.589 -2.016 -1.949 
1781 core 4.175 -3.904 -2.071 
1782 core 4.739 -0.394 -4.453 
1783 core 1.624 -2.489 -3.016 
1784 core 4.092 -4.127 -2.401 
1785 core 4.861 -1.469 -1.542 
1786 core -2.780 -0.681 -1.668 
1787 core -1.760 -4.452 -2.151 
1788 core -3.831 -0.764 -2.274 
1789 core 4.065 -1.004 -3.904 
1790 core 4.075 -1.468 -1.250 
1791 core 2.324 -2.798 -3.399 
1792 core -1.624 -4.488 -2.413 
1793 core -1.809 -2.172 -1.488 
1794 core -1.466 -2.069 -1.766 
1795 core -2.741 -2.872 -0.710 
1796 core 2.428 -1.560 -2.713 
1797 core -3.058 -2.883 -4.056 
1798 core -1.848 -2.531 -2.478 
1799 core -1.366 -2.697 -1.361 
1800 core 3.846 -0.950 -1.945 
1801 core -1.199 -1.867 -2.159 
1802 core 4.933 -0.763 -0.383 
1803 core -2.166 -1.458 -1.203 
1804 core -1.689 -2.400 -2.208 
1805 core 4.243 -0.788 -2.173 
1806 core -2.329 -1.629 -0.702 
1807 core 0.283 -2.169 -1.984 
1808 core 4.870 -1.342 -2.048 
1809 core 3.594 -1.329 -2.946 
1810 core 2.366 -1.945 -3.670 
1811 core -3.465 -2.711 -2.546 
1812 core 3.980 -2.022 -1.552 
1813 border -2.905 0.433 -1.870 
1814 core 3.516 -3.817 -1.374 
1815 core -1.445 -3.231 -2.107 
1816 core 4.453 -1.826 -2.126 
1817 core -0.661 -2.485 -2.919 
1818 core 3.851 -0.120 -3.203 
1819 core -2.262 -2.631 -2.003 
1820 core -1.329 -1.594 -2.657 
1821 core 4.488 -3.356 -4.271 
1822 core 3.033 -2.856 -4.780 
1823 core 3.830 -1.290 -3.498 
1824 core 3.351 -3.304 -3.233 
1825 core 3.069 -0.076 -1.609 
1826 core -2.164 -2.211 -2.792 
1827 core 4.309 -3.924 -1.803 
1828 core 3.766 -3.201 -3.102 
1829 core 5.162 -2.791 -2.675 
1830 core 4.905 -1.676 -2.645 
1831 core -3.673 -0.451 -0.952 
1832 core 2.016 -2.937 -3.084 
1833 core 2.971 -3.498 -3.203 
1834 core -3.914 -1.254 -1.634 
1835 core -0.657 -1.831 -0.459 
1836 core 2.997 -3.683 -3.321 
1837 core -0.827 -1.969 -2.165 
1838 core -1.246 -0.194 -0.965 
1839 core -1.956 -3.984 -1.957 
1840 core -2.869 -3.600 -2.685 
1841 core 3.498 -2.652 -2.290 
1842 core 4.186 -1.520 -2.634 
1843 core -1.342 -1.936 -3.356 
1844 core -2.331 -2.137 -3.871 
1845 core 3.630 -3.894 -2.416 
1846 core -2.188 -2.606 -2.454 
1847 core -3.111 -1.104 0.228 
1848 core -1.955 -2.362 -2.883 
1849 core 5.312 -1.594 -4.600 
1850 core 4.727 -2.024 -2.700 
1851 core -1.723 -2.487 -1.701 
1852 core -2.893 -1.602 -1.170 
1853 core 3.110 -2.767 -2.109 
1854 core 2.420 -2.281 -3.600 
1855 core -0.116 -0.589 -1.614 
1856 core -1.908 -1.638 -1.190 
1857 core -2.888 -1.541 -2.642 
1858 core -3.037 0.270 -1.882 
1859 core 1.910 -2.322 -3.682 
1860 core 4.234 -4.382 -3.072 
1861 core 3.225 -1.298 -2.662 
1862 core 4.588 -1.974 -2.822 
1863 noise -4.103 0.513 -3.359 
1864 core 5.656 -1.516 -2.606 
1865 core -0.543 -1.841 -0.577 
1866 core 5.957 -1.664 -2.471 
1867 core 4.559 -2.785 -1.201 
1868 core -0.703 -3.054 -2.049 
1869 core -2.037 -0.844 -3.389 
1870 core -3.306 -2.298 -1.960 
1871 core -3.018 -1.357 -2.530 
1872 core -2.930 -0.833 -2.484 
1873 core -4.208 -2.553 -2.363 
1874 core -2.158 -0.923 -1.109 
1875 border -4.237 -0.793 -0.594 
1876 core 2.995 -2.568 -1.662 
1877 core 3.755 -3.556 -3.642 
1878 core -4.770 -2.146 -1.243 
1879 core 3.159 -2.256 -2.680 
1880 core 5.399 -3.341 -3.348 
1881 core 2.541 -0.685 -2.976 
1882 core 3.348 -3.865 -3.684 
1883 core 4.498 -2.347 -2.896 
1884 core -1.300 -1.281 -1.524 
1885 core 3.053 -1.819 -4.240 
1886 core -2.619 -1.063 -1.240 
1887 core -1.896 -1.268 -1.753 
1888 border -4.687 -1.962 -2.325 
1889 core 3.710 -3.442 -3.689 
1890 core -2.727 -3.997 -1.551 
1891 core 4.643 -2.701 -4.028 
1892 core -1.488 -2.330 -1.510 
1893 core 3.604 -2.964 -3.391 
1894 border -0.654 -1.611 0.443 
1895 core 3.543 -0.796 -3.059 
1896 core 3.684 -2.134 -3.396 
1897 noise -2.141 -2.846 1.412 
1898 core 5.643 -1.841 -0.812 
1899 core -1.349 -2.929 -2.045 
1900 border 5.092 -0.466 -0.686 
1901 core -2.909 -2.450 -1.566 
1902 core 2.563 -2.456 -2.547 
1903 core -0.432 -4.101 -2.251 
1904 core 4.418 -1.836 -3.202 
1905 core 4.876 -3.402 -2.646 
1906 core -1.209 -0.834 -1.381 
1907 core 4.123 -3.584 -1.747 
1908 core 4.218 -3.696 -1.742 
1909 core 2.943 -3.803 -4.173 
1910 core -2.263 -2.381 -2.778 
1911 core 2.433 -2.435 -3.687 
1912 core 4.750 -4.066 -2.761 
1913 core -1.246 -0.854 -0.264 
1914 core -0.765 -2.631 -1.261 
1915 core 2.979 -1.997 -2.664 
1916 core -1.148 -1.882 -2.692 
1917 core -0.010 -1.063 -0.843 
1918 core 5.640 0.115 -2.679 
1919 core 1.825 -2.822 -2.622 
1920 core 4.877 -2.087 -1.749 
1921 core -3.225 -2.940 -0.422 
1922 core 3.814 -2.369 -2.544 
1923 core 3.724 -2.065 -4.018 
1924 core -3.283 -2.878 -1.436 
1925 core -2.541 -1.588 -2.407 
1926 core -1.490 -1.252 -0.966 
1927 core 5.312 -2.874 -2.478 
1928 core 2.595 -3.236 -3.388 
1929 core -1.571 -3.100 -1.413 
1930 core -2.549 -0.155 -0.660 
1931 core -2.157 -2.299 -1.158 
1932 core -1.914 -1.945 -2.325 
1933 core 2.754 -2.148 -3.367 
1934 core -0.882 -2.612 -2.291 
1935 core -3.246 -1.906 -0.840 
1936 core 2.910 -1.732 -1.846 
1937 core -3.225 -3.087 -1.834 
1938 core -1.607 -3.404 -2.079 
1939 core 4.513 -0.012 -3.201 
1940 core -0.504 -0.724 -1.098 
1941 core 1.427 -2.708 -3.564 
1942 border -0.691 -4.715 -2.417 
1943 core 0.033 -1.089 -0.976 
1944 core -2.920 -1.587 -2.472 
1945 core -1.114 -1.635 -2.105 
1946 core 4.359 -4.040 -1.424 
1947 core -2.623 -1.424 -2.012 
1948 core 4.207 -1.402 -4.383 
1949 core 1.985 -1.643 -2.190 
1950 core 4.922 -1.891 -3.719 
1951 core -1.061 -1.287 -1.242 
1952 core 5.080 -3.007 -3.081 
1953 core -4.315 -3.329 -1.334 
1954 core -1.431 -0.262 -1.580 
1955 core 5.989 -1.534 -4.074 
1956 noise -0.347 -3.829 0.622 
1957 core 3.296 -1.715 -1.995 
1958 core -1.914 -3.072 -1.311 
1959 core 3.259 -2.464 -4.163 
1960 core 3.930 -2.836 -2.286 
1961 core 3.808 -2.216 -3.440 
1962 core -1.411 -0.758 -2.379 
1963 core 2.861 -2.515 -4.004 
1964 core -1.499 -3.248 -2.010 
1965 noise -3.943 -4.344 -3.783 
1966 core -2.164 -0.387 -1.381 
1967 core 5.195 -2.372 -3.875 
1968 core 4.029 -2.617 -2.323 
1969 core -1.065 -1.457 -2.618 
1970 core -1.813 -1.509 0.215 
1971 core 4.025 -1.685 -2.528 
1972 core -3.391 -3.869 -2.619 
1973 core 3.402 -2.634 -2.374 
1974 core -1.993 -3.394 -2.542 
1975 core 3.689 -2.504 -2.971 
1976 core -2.146 -1.203 -2.141 
1977 core -1.195 -3.247 -1.030 
1978 core -1.013 -2.707 -0.397 
1979 core -2.365 -1.184 -1.111 
1980 core 3.724 -1.042 -3.920 
1981 core -0.564 -0.091 -2.265 
1982 border 5.986 -4.526 -3.647 
1983 core 4.342 -2.619 -3.231 
1984 core 4.908 -2.921 -3.580 
1985 core 3.734 -0.790 -3.346 
1986 core 3.464 -2.218 -1.847 
1987 core 1.794 -3.772 -3.058 
1988 core 4.433 -2.501 -3.923 
1989 core -2.630 -1.862 -0.449 
1990 core -0.584 -1.097 -3.195 
1991 core 4.379 -2.950 -3.203 
1992 core -1.778 -3.102 -2.399 
1993 core -1.185 -0.968 -3.575 
1994 core -2.587 -0.509 -1.595 
1995 core -1.791 -1.421 -2.456 
1996 core -2.121 -1.283 -1.949 
1997 core -2.398 -2.542 -3.778 
1998 core 5.527 -0.461 -1.799 
1999 core 2.814 -3.234 -2.367 
2800 core 6.254 4.855 3.176 
2801 core 3.476 5.203 3.908 
2802 core 6.116 6.408 3.732 
2803 core 3.112 3.678 1.712 
2804 border 6.362 4.571 5.177 
2805 core 4.790 5.387 4.641 
2806 border 5.636 3.553 1.986 
2807 core 6.015 5.326 1.862 
2808 core 6.567 5.534 2.758 
2809 core 6.108 5.683 5.198 
2810 core 3.789 6.227 3.234 
2811 core 5.891 5.283 1.833 
2812 core 6.747 6.444 2.814 
2813 core 5.434 6.329 3.041 
2814 core 4.208 3.928 3.015 
2815 noise 6.579 3.418 4.355 
2816 core 3.817 5.590 2.593 
2817 core 4.955 5.908 3.860 
2818 core 5.269 3.240 3.189 
2819 border 3.370 4.033 1.892 
2820 border 3.369 4.804 3.123 
2821 core 3.608 5.767 4.659 
2822 core 4.933 5.262 1.734 
2823 core 4.539 5.102 4.626 
2824 core 5.926 5.697 4.670 
2825 core 5.772 3.533 2.385 
2826 core 4.829 6.631 4.306 
2827 core 6.056 6.143 1.570 
2828 core 4.592 3.650 4.210 
2829 core 6.213 4.303 3.259 
2830 core 3.557 3.706 3.177 
2831 border 6.630 6.784 1.675 
2832 core 6.132 4.193 2.990 
2833 core 3.384 5.527 4.436 
2834 border 6.111 3.138 2.266 
2835 core 3.046 3.846 4.287 
2836 core 5.968 4.422 4.019 
2837 core 6.229 4.179 2.015 
2838 core 5.413 6.815 4.044 
2839 core 3.688 3.515 3.191 
2840 core 6.956 5.230 3.381 
2841 border 6.768 5.256 2.833 
2842 border 6.991 4.850 3.209 
2843 border 3.989 4.626 5.384 
2844 core 3.898 4.193 4.665 
2845 border 3.382 4.087 5.003 
2846 core 6.117 4.759 3.009 
2847 border 3.536 4.878 4.271 
2848 noise 6.225 6.664 1.685 
2849 core 4.118 4.000 5.107 
2850 core 3.785 6.138 4.095 
2851 core 4.678 3.934 2.424 
2852 core 5.522 3.889 2.119 
2853 core 6.071 3.771 4.833 
2854 border 5.168 5.725 1.864 
2855 core 3.603 4.897 4.664 
2856 core 5.265 4.075 4.864 
2857 noise 3.007 5.288 1.918 
2858 core 5.294 4.278 2.118 
2859 core 6.359 4.899 3.640 
2860 core 6.301 5.807 4.726 
2861 core 4.786 5.510 5.285 
2862 core 6.531 4.732 1.791 
2863 core 3.198 3.791 1.614 
2864 border 5.076 6.998 2.572 
2865 core 5.075 3.901 1.768 
2866 core 6.134 6.433 1.840 
2867 border 4.492 5.105 2.597 
2868 core 6.441 6.064 5.076 
2869 core 4.034 5.096 3.190 
2870 border 6.791 6.411 5.491 
2871 core 4.404 5.744 2.529 
2872 core 3.080 4.836 2.950 
2873 border 3.185 3.626 4.563 
2874 border 5.792 3.527 2.081 
2875 noise 4.253 3.462 5.467 
2876 core 6.654 6.017 2.541 
2877 core 3.780 3.509 2.128 
2878 core 3.518 5.487 2.815 
2879 core 3.235 3.275 2.110 
2880 core 5.868 4.956 4.295 
2881 core 4.095 4.157 3.308 
2882 core 5.526 6.934 3.084 
2883 core 4.998 3.598 4.230 
2884 core 3.915 5.101 3.898 
2885 core 3.350 6.585 4.054 
2886 core 5.027 6.370 2.887 
2887 core 3.602 5.591 5.091 
2888 noise 6.596 3.553 2.518 
2889 border 3.887 3.378 2.693 
2890 core 3.939 5.200 1.900 
2891 core 5.621 3.440 3.827 
2892 core 4.953 4.730 3.040 
2893 core 3.473 3.662 3.247 
2894 core 5.620 3.380 3.016 
2895 core 6.039 3.917 5.196 
2896 core 4.202 5.267 5.025 
2897 core 5.891 5.427 2.435 
2898 core 3.162 5.652 3.338 
2899 core 3.220 3.660 1.663 
2900 core 6.567 3.936 4.558 
2901 core 4.966 4.065 3.624 
2902 core 4.642 4.777 5.116 
2903 core 4.558 4.456 2.334 
2904 core 4.639 4.796 2.777 
2905 border 6.491 3.356 2.565 
2906 core 4.180 6.226 3.235 
2907 core 6.567 5.235 4.219 
2908 core 4.940 5.148 4.578 
2909 core 4.650 6.783 4.721 
2910 core 3.256 6.226 4.203 
2911 core 5.844 3.855 3.693 
2912 border 3.123 3.951 3.651 
2913 core 4.631 5.339 5.228 
2914 core 4.152 5.264 2.855 
2915 core 4.730 5.546 4.302 
2916 border 3.084 4.739 1.869 
2917 core 4.264 4.253 5.488 
2918 border 6.796 3.133 2.887 
2919 core 4.927 6.850 2.646 
2920 core 4.774 5.083 2.099 
2921 core 3.712 5.759 2.695 
2922 core 4.207 4.188 5.097 
2923 core 4.488 4.963 3.782 
2924 core 6.685 5.576 4.743 
2925 border 4.599 3.034 4.225 
2926 border 3.612 6.422 1.772 
2927 core 6.235 5.252 3.316 
2928 core 6.268 6.848 4.889 
2929 core 4.442 3.447 4.239 
2930 core 5.049 5.456 2.856 
2931 core 5.949 5.699 2.653 
2932 core 5.292 5.476 4.614 
2933 core 5.018 4.279 3.971 
2934 core 4.336 5.980 3.353 
2935 core 5.309 4.382 4.510 
2936 core 6.665 4.112 2.667 
2937 core 5.235 6.375 4.820 
2938 border 3.648 6.483 2.505 
2939 border 3.135 4.147 2.074 
2940 core 4.443 6.889 2.672 
2941 core 5.469 5.799 2.149 
2942 border 6.372 4.172 5.178 
2943 core 4.669 4.815 3.943 
2944 core 4.015 4.499 3.077 
2945 core 5.179 4.248 4.954 
2946 core 3.972 6.874 4.360 
2947 border 3.346 4.035 3.726 
2948 core 4.537 4.609 3.491 
2949 core 6.540 6.135 2.406 
2950 core 4.429 5.664 4.959 
2951 core 6.133 3.220 2.467 
2952 border 3.367 4.772 5.448 
2953 core 5.023 3.432 4.195 
2954 core 5.171 3.073 2.853 
2955 core 5.130 3.485 4.308 
2956 noise 4.538 5.887 1.850 
2957 core 4.742 5.707 2.059 
2958 core 5.007 6.550 4.810 
2959 core 5.677 6.800 2.305 
2960 noise 6.705 6.760 1.539 
2961 core 4.404 3.500 3.357 
2962 core 5.325 6.221 4.070 
2963 core 5.195 3.813 3.834 
2964 core 4.515 6.520 2.308 
2965 border 3.474 3.809 1.876 
2966 core 5.612 3.897 3.614 
2967 core 4.609 3.727 3.506 
2968 core 3.327 5.783 2.169 
2969 core 3.625 4.299 2.865 
2970 core 5.474 4.902 3.749 
2971 core 5.546 4.066 2.228 
2972 core 5.451 4.309 3.281 
2973 noise 3.779 6.121 1.744 
2974 noise 3.623 6.880 1.727 
2975 core 4.009 5.301 4.946 
2976 border 6.821 4.907 5.087 
2977 core 4.767 6.952 3.464 
2978 core 3.827 4.215 4.713 
2979 core 3.298 5.444 1.847 
2980 core 6.225 5.137 5.311 
2981 core 4.673 5.494 3.176 
2982 noise 6.426 3.383 4.315 
2983 noise 3.296 3.516 4.644 
2984 border 3.388 6.042 2.556 
2985 border 4.265 3.715 5.239 
2986 core 5.004 6.140 4.649 
2987 core 4.220 5.869 3.020 
2988 core 4.011 5.921 4.594 
2989 core 3.434 5.433 3.966 
2990 core 5.008 3.575 4.868 
2991 noise 6.524 3.720 2.176 
2992 core 4.744 6.113 3.114 
2993 core 4.896 5.859 2.632 
2994 core 4.623 3.522 1.823 
2995 core 4.828 5.175 3.673 
2996 core 4.604 4.093 3.023 
2997 core 3.097 3.699 2.443 
2998 border 4.368 3.373 4.618 
2999 core 3.376 4.691 1.919 
3000 border 3.091 4.286 5.492 
3001 core 4.322 4.889 2.192 
3002 border 3.594 6.037 3.434 
3003 noise 3.489 5.465 1.968 
3004 core 6.039 6.380 5.457 
3005 core 4.084 4.832 2.839 
3006 core 6.838 4.539 1.964 
3007 core 6.441 6.174 1.930 
3008 core 6.511 4.930 4.665 
3009 core 3.682 6.342 1.905 
3010 noise 6.654 3.069 5.270 
3011 core 4.751 3.796 3.114 
3012 core 4.429 4.464 5.334 
3013 core 6.746 3.596 2.996 
3014 core 5.330 5.026 3.219 
3015 core 5.010 6.091 4.533 
3016 core 4.847 4.865 4.453 
3017 core 6.326 4.782 4.789 
3018 core 5.469 4.329 2.909 
3019 core 6.155 4.460 4.292 
3020 core 5.027 6.597 1.990 
3021 noise 5.840 3.124 5.320 
3022 core 3.945 5.942 2.008 
3023 core 5.774 6.813 3.100 
3024 core 4.905 5.914 1.596 
3025 core 6.428 6.410 1.603 
3026 core 5.093 4.872 2.059 
3027 core 5.242 5.338 4.176 
3028 core 5.160 4.916 5.460 
3029 core 6.552 6.598 4.936 
3030 core 5.874 3.797 4.803 
3031 core 4.101 5.656 3.121 
3032 core 3.436 5.810 4.443 
3033 core 6.331 4.162 3.962 
3034 core 5.931 3.783 2.807 
3035 core 3.691 6.452 3.657 
3036 core 4.522 6.511 4.297 
3037 core 3.490 6.624 2.211 
3038 core 5.090 4.046 3.081 
3039 core 6.065 4.797 3.444 
3040 core 3.841 4.053 3.314 
3041 core 4.787 5.335 3.310 
3042 core 4.461 5.594 3.255 
3043 core 3.031 4.727 2.704 
3044 core 6.929 5.303 2.340 
3045 core 6.657 6.912 4.524 
3046 core 4.468 6.981 2.997 
3047 core 3.849 3.813 3.707 
3048 core 6.311 4.509 2.185 
3049 core 5.236 3.091 2.891 
3050 core 4.996 3.827 2.378 
3051 core 6.558 4.227 1.511 
3052 core 6.336 4.964 4.976 
3053 core 5.861 4.394 3.622 
3054 core 3.040 4.227 3.057 
3055 core 5.912 6.151 1.981 
3056 core 3.377 5.062 2.908 
3057 core 4.074 4.460 4.841 
3058 border 6.745 4.640 4.883 
3059 border 3.460 4.804 3.533 
3060 core 4.340 4.894 3.187 
3061 core 5.561 5.040 2.730 
3062 core 4.257 5.329 4.818 
3063 border 3.357 3.674 1.835 
3064 core 6.226 4.542 2.346 
3065 core 4.745 6.584 3.930 
3066 core 6.640 5.324 2.668 
3067 core 4.682 3.670 2.657 
3068 core 4.178 5.945 1.601 
3069 core 3.271 5.989 5.208 
3070 core 3.035 4.879 4.047 
3071 core 3.671 3.952 5.029 
3072 core 5.369 6.102 5.020 
3073 border 6.927 3.521 2.446 
3074 core 4.032 3.391 4.940 
3075 core 6.086 3.876 3.304 
3076 core 3.483 3.732 1.666 
3077 core 6.097 6.301 4.847 
3078 core 6.115 5.467 3.414 
3079 core 5.177 6.837 3.022 
3080 core 3.267 5.167 5.111 
3081 core 3.969 6.614 4.288 
3082 core 6.332 6.206 1.838 
3083 border 4.358 3.326 1.970 
3084 core 4.954 3.143 3.300 
3085 core 6.308 5.581 4.339 
3086 border 5.421 4.325 1.582 
3087 core 3.309 3.236 1.519 
3088 core 6.292 5.641 2.217 
3089 core 5.650 6.676 1.744 
3090 core 6.773 6.695 5.314 
3091 core 3.381 6.872 4.645 
3092 core 4.202 6.324 4.536 
3093 core 3.786 5.277 2.071 
3094 core 6.427 4.233 2.137 
3095 core 4.135 6.754 4.194 
3096 core 4.720 6.512 2.368 
3097 core 6.888 4.760 2.805 
3098 border 3.868 5.160 4.968 
3099 core 3.678 6.245 3.047 
3100 border 5.053 6.814 4.229 
3101 core 3.798 6.282 4.075 
3102 core 4.579 5.310 5.178 
3103 core 4.352 6.019 4.373 
3104 border 5.609 3.404 4.366 
3105 noise 6.433 3.338 5.094 
3106 core 6.602 4.270 4.636 
3107 core 5.369 4.415 4.778 
3108 core 3.314 5.140 4.973 
3109 core 3.396 6.133 5.347 
3110 border 3.069 6.876 4.882 
3111 core 3.041 4.627 3.102 
3112 border 3.521 6.661 2.234 
3113 core 3.579 6.503 4.731 
3114 border 6.528 6.332 1.683 
3115 core 4.597 6.044 2.684 
3116 core 5.185 4.508 2.128 
3117 core 5.675 6.089 2.505 
3118 core 3.782 6.503 4.152 
3119 core 4.580 3.738 2.379 
3120 core 5.154 4.013 3.003 
3121 core 6.687 5.553 3.035 
3122 core 4.664 5.142 4.756 
3123 core 6.198 3.444 4.592 
3124 core 4.936 4.969 4.775 
3125 core 5.359 4.886 2.733 
3126 core 6.806 6.372 4.525 
3127 core 5.429 6.513 5.133 
3128 core 6.411 6.258 4.899 
3129 border 5.540 6.232 2.920 
3130 border 4.471 4.481 1.569 
3131 noise 6.749 3.741 3.962 
3132 core 3.080 5.858 3.581 
3133 core 3.433 6.843 4.390 
3134 core 6.208 4.236 3.863 
3135 border 4.070 4.427 4.746 
3136 border 3.190 6.237 3.786 
3137 core 5.950 3.854 4.259 
3138 core 6.014 3.875 2.520 
3139 core 3.585 5.250 2.425 
3140 core 5.778 6.456 4.349 
3141 core 5.701 3.234 3.436 
3142 core 5.220 6.297 3.905 
3143 core 6.050 3.526 3.150 
3144 core 4.044 3.561 2.067 
3145 core 6.412 4.223 2.537 
3146 core 6.521 4.658 4.408 
3147 core 4.097 5.142 5.422 
3148 core 6.107 6.519 2.974 
3149 core 5.799 3.744 1.900 
3150 core 4.405 5.845 2.291 
3151 core 3.692 4.355 2.728 
3152 noise 3.153 5.684 1.544 
3153 border 3.863 3.661 2.065 
3154 core 6.114 5.772 3.412 
3155 core 4.973 6.496 2.993 
3156 core 4.404 4.512 3.864 
3157 border 3.501 3.425 4.673 
3158 core 3.387 6.326 4.700 
3159 core 4.313 4.628 3.047 
3160 core 6.218 6.519 1.518 
3161 core 5.186 6.726 3.584 
3162 core 4.339 5.304 2.107 
3163 core 5.756 6.719 5.202 
3164 core 6.060 4.100 3.986 
3165 core 4.772 5.507 2.380 
3166 core 3.928 6.069 5.150 
3167 core 5.181 4.879 4.629 
3168 border 5.406 3.775 2.196 
3169 core 6.098 6.187 4.222 
3170 core 6.893 4.395 3.799 
3171 core 4.604 5.626 5.447 
3172 border 5.667 3.394 1.528 
3173 core 4.905 4.789 3.970 
3174 core 3.028 5.020 4.580 
3175 border 6.602 6.605 4.815 
3176 core 6.967 6.367 3.169 
3177 core 6.794 5.406 3.591 
3178 core 6.567 5.199 2.869 
3179 core 5.409 6.733 5.037 
3180 border 4.422 3.292 4.871 
3181 core 4.939 5.210 4.268 
3182 core 4.484 3.660 4.391 
3183 core 3.674 5.801 1.989 
3184 core 4.197 6.224 2.537 
3185 core 6.004 4.261 4.239 
3186 core 5.413 6.399 3.470 
3187 core 4.208 5.635 5.483 
3188 core 5.420 6.173 2.850 
3189 core 3.891 6.049 5.215 
3190 border 5.255 3.005 1.791 
3191 border 6.157 6.995 2.757 
3192 core 4.431 6.361 3.442 
3193 core 3.846 5.765 2.938 
3194 core 5.428 4.973 4.854 
3195 core 4.127 3.162 2.757 
3196 core 4.954 4.373 4.679 
3197 core 6.695 6.528 4.437 
3198 core 6.499 4.168 2.591 
3199 core 5.196 6.422 4.632 
3200 core 5.054 4.727 2.990 
3201 core 6.743 6.613 3.250 
3202 core 4.760 3.570 3.203 
3203 core 4.297 6.387 1.945 
3204 core 4.058 3.387 4.354 
3205 core 6.217 4.011 2.389 
3206 core 6.506 5.238 3.439 
3207 border 3.845 5.426 5.446 
3208 core 5.177 3.265 3.244 
3209 core 3.233 6.493 2.583 
3210 core 3.026 5.063 3.194 
3211 core 5.982 6.811 5.366 
3212 core 6.507 5.568 4.339 
3213 border 5.384 5.482 1.745 
3214 border 3.066 6.780 5.314 
3215 core 6.851 6.851 4.636 
3216 core 3.356 5.251 4.387 
3217 core 5.651 3.068 4.788 
3218 core 3.382 6.228 4.162 
3219 core 4.359 4.058 5.254 
3220 core 6.850 5.944 5.066 
3221 noise 5.809 3.502 4.677 
3222 core 5.990 4.890 4.983 
3223 core 3.551 4.908 3.740 
3224 core 4.651 4.448 4.969 
3225 core 4.603 6.185 1.865 
3226 border 3.970 6.619 2.761 
3227 core 4.876 5.345 4.900 
3228 core 5.926 4.069 4.198 
3229 core 4.672 6.570 1.917 
3230 core 4.358 5.648 2.841 
3231 core 6.800 6.877 4.250 
3232 core 6.718 3.625 4.065 
3233 core 3.955 3.868 3.815 
3234 core 3.352 3.693 2.975 
3235 core 6.556 4.221 5.104 
3236 core 4.543 5.078 3.498 
3237 core 6.332 5.703 3.513 
3238 core 5.309 4.881 3.237 
3239 core 3.002 5.046 2.064 
3240 border 3.534 5.310 1.576 
3241 core 4.597 4.127 2.509 
3242 core 4.679 5.749 1.896 
3243 core 3.302 5.104 4.936 
3244 core 5.452 3.458 3.955 
3245 core 3.351 3.311 1.959 
3246 core 3.972 3.269 3.543 
3247 border 5.668 3.306 2.164 
3248 border 3.914 3.051 5.480 
3249 core 3.159 5.900 3.637 
3250 core 5.253 4.273 4.292 
3251 core 3.245 3.899 1.632 
3252 core 3.703 5.495 1.507 
3253 core 6.839 3.502 2.864 
3254 core 4.676 4.729 2.607 
3255 core 3.232 4.582 3.911 
3256 core 3.625 4.039 2.780 
3257 core 5.394 4.258 5.152 
3258 core 5.800 6.176 4.531 
3259 core 6.717 6.257 2.469 
3260 core 3.646 4.474 1.825 
3261 noise 6.437 6.966 1.936 
3262 core 5.866 5.930 1.882 
3263 core 4.507 6.535 1.765 
3264 core 4.403 4.041 1.697 
3265 core 6.686 5.239 2.851 
3266 core 5.114 4.409 1.792 
3267 core 6.343 4.009 2.943 
3268 core 6.931 6.410 4.339 
3269 border 5.119 3.656 5.492 
3270 core 6.913 4.515 2.258 
3271 core 5.375 4.815 3.632 
3272 border 3.019 3.446 4.335 
3273 core 4.896 4.277 2.056 
3274 core 6.790 6.675 2.297 
3275 core 3.235 3.739 2.649 
3276 core 5.273 6.680 4.245 
3277 core 4.259 4.310 2.302 
3278 core 3.714 5.281 1.577 
3279 border 6.887 3.767 1.674 
3280 core 3.901 3.705 1.851 
3281 core 6.778 3.414 2.970 
3282 core 3.347 4.185 3.628 
3283 core 6.248 3.196 4.603 
3284 core 5.367 4.622 4.490 
3285 core 4.133 4.786 2.522 
3286 border 6.748 4.091 3.681 
3287 core 5.651 4.919 2.256 
3288 core 4.084 5.245 4.401 
3289 core 4.928 6.497 4.974 
3290 core 3.091 3.952 4.495 
3291 border 3.399 6.550 3.900 
3292 core 5.632 4.611 5.060 
3293 core 6.556 5.554 4.117 
3294 core 6.457 4.331 2.841 
3295 border 6.879 3.490 3.022 
3296 core 6.774 4.701 4.266 
3297 core 3.083 4.325 4.223 
3298 core 3.407 4.712 5.078 
3299 core 6.084 6.526 4.470 
3300 border 4.567 3.645 2.641 
3301 core 3.890 3.838 4.971 
3302 core 4.010 4.434 2.029 
3303 core 5.253 4.912 3.861 
3304 core 5.874 4.612 5.307 
3305 border 3.302 6.409 4.045 
3306 core 4.398 6.100 1.844 
3307 core 6.527 4.526 4.233 
3308 core 4.430 5.759 1.744 
3309 core 5.549 4.263 4.772 
3310 border 5.100 6.669 2.621 
3311 core 4.145 3.560 4.714 
3312 core 3.832 4.227 4.550 
3313 core 4.143 6.882 2.481 
3314 core 6.703 5.032 2.268 
3315 core 4.915 5.986 3.102 
3316 core 4.712 4.889 4.627 
3317 core 5.195 4.233 3.958 
3318 core 6.742 3.869 3.451 
3319 core 6.181 3.095 3.185 
3320 core 4.148 6.863 3.158 
3321 core 4.368 3.461 3.151 
3322 core 3.527 4.661 2.158 
3323 border 4.675 3.025 3.286 
3324 core 5.667 6.892 3.948 
3325 core 6.865 5.855 4.923 
3326 border 6.162 6.691 2.450 
3327 core 3.003 6.221 2.648 
3328 core 3.542 6.296 5.339 
3329 border 3.673 6.849 5.424 
3330 core 3.154 4.481 5.126 
3331 core 5.404 3.857 3.820 
3332 core 4.924 3.401 4.422 
3333 core 4.940 6.512 3.742 
3334 core 5.060 4.349 1.991 
3335 core 3.619 6.270 4.826 
3336 core 6.170 6.452 5.069 
3337 core 4.105 4.071 4.227 
3338 core 6.872 5.170 2.669 
3339 core 4.611 5.674 3.322 
3340 core 3.918 4.339 5.457 
3341 core 6.601 4.016 2.055 
3342 core 4.204 4.269 1.683 
3343 border 5.389 3.680 3.653 
3344 core 6.761 5.643 2.506 
3345 core 4.239 3.966 4.477 
3346 core 5.405 4.795 5.073 
3347 core 3.986 3.163 3.323 
3348 border 3.621 6.245 1.834 
3349 core 6.908 5.077 3.857 
3350 core 5.003 5.393 4.423 
3351 core 5.433 6.197 5.098 
3352 core 4.566 5.137 4.943 
3353 core 6.270 4.059 1.776 
3354 core 6.782 3.213 1.991 
3355 core 5.046 4.572 2.120 
3356 core 5.736 6.350 2.850 
3357 core 4.752 3.546 2.289 
3358 core 5.932 4.742 4.963 
3359 core 3.369 6.672 5.444 
3360 core 4.238 5.309 4.098 
3361 core 6.111 6.141 4.449 
3362 core 5.068 5.723 2.949 
3363 core 6.256 4.566 1.899 
3364 core 6.593 5.864 2.592 
3365 core 6.549 3.403 3.112 
3366 border 6.982 5.830 1.606 
3367 core 4.393 6.972 4.899 
3368 core 4.845 5.400 1.918 
3369 core 6.338 6.024 4.266 
3370 noise 4.429 3.862 5.249 
3371 core 4.368 5.231 3.888 
3372 core 6.685 6.787 4.585 
3373 core 4.562 4.812 3.469 
3374 core 5.583 4.970 2.772 
3375 core 6.970 6.927 5.245 
3376 border 6.759 5.219 5.261 
3377 core 3.529 4.503 2.727 
3378 core 5.866 3.855 4.360 
3379 core 3.532 6.465 3.359 
3380 core 6.271 5.169 4.788 
3381 core 5.824 3.760 2.483 
3382 core 3.201 3.248 2.940 
3383 core 5.739 4.197 3.301 
3384 core 4.992 4.574 3.999 
3385 core 4.881 3.871 3.975 
3386 core 3.048 5.598 5.340 
3387 core 6.204 3.934 3.886 
3388 core 5.106 4.941 5.216 
3389 core 5.517 3.398 4.428 
3390 core 6.178 4.868 5.259 
3391 core 6.712 5.967 1.994 
3392 core 4.338 6.665 5.182 
3393 core 3.780 3.517 3.972 
3394 core 3.649 6.130 3.765 
3395 border 3.568 4.393 1.631 
3396 core 6.369 6.124 2.714 
3397 core 5.784 4.120 3.125 
3398 core 5.367 4.975 3.087 
3399 core 5.901 5.400 4.314 
3400 core 5.146 6.663 4.922 
3401 noise 3.138 4.252 5.398 
3402 noise 3.462 5.571 5.285 
3403 core 3.825 6.048 5.410 
3404 core 5.395 3.857 5.002 
3405 border 5.250 4.875 1.705 
3406 core 4.737 3.296 2.170 
3407 core 5.715 6.939 5.047 
3408 core 5.386 3.377 2.961 
3409 core 6.476 6.608 3.841 
3410 core 5.365 4.911 2.042 
3411 core 4.931 3.041 2.217 
3412 core 3.478 6.816 2.783 
3413 core 4.260 3.357 3.523 
3414 core 6.344 4.931 5.450 
3415 core 4.263 3.026 2.321 
3416 core 3.646 4.135 5.043 
3417 core 5.772 3.843 4.935 
3418 core 5.624 5.420 1.749 
3419 core 5.513 4.320 4.653 
3420 core 6.024 5.236 4.809 
3421 core 5.318 5.685 1.715 
3422 core 4.777 3.057 2.846 
3423 core 4.405 6.250 4.761 
3424 core 4.797 4.443 4.685 
3425 core 6.706 5.453 1.674 
3426 border 3.976 6.715 4.663 
3427 core 6.853 6.834 2.322 
3428 core 4.396 3.562 4.620 
3429 core 4.428 3.876 4.766 
3430 core 5.037 6.686 3.525 
3431 core 4.276 6.442 3.255 
3432 core 5.874 6.702 4.774 
3433 core 4.659 4.556 4.650 
3434 core 6.675 3.317 4.174 
3435 core 4.997 5.168 3.577 
3436 core 5.187 5.100 3.582 
3437 core 6.611 5.298 4.246 
3438 core 6.383 5.768 2.740 
3439 core 3.802 3.111 3.916 
3440 core 3.439 3.511 4.299 
3441 core 4.359 5.851 4.249 
3442 noise 6.889 3.962 5.193 
3443 core 5.051 3.030 4.741 
3444 core 5.179 4.393 2.476 
3445 core 3.771 5.895 2.386 
3446 core 4.371 5.786 3.764 
3447 border 6.756 3.394 5.326 
3448 core 6.092 5.164 2.879 
3449 core 4.327 4.212 5.270 
3450 core 5.011 5.917 4.828 
3451 core 4.324 3.298 2.872 
3452 core 5.121 5.684 1.817 
3453 border 6.432 6.750 4.621 
3454 core 3.170 5.593 5.301 
3455 core 5.186 3.286 3.931 
3456 border 5.007 6.417 2.318 
3457 core 3.195 4.750 5.335 
3458 core 4.704 4.275 4.098 
3459 core 6.172 5.352 2.340 
3460 core 6.218 6.712 5.329 
3461 core 6.857 3.599 3.053 
3462 core 6.933 6.327 3.571 
3463 core 3.780 6.134 1.883 
3464 core 3.511 4.916 5.042 
3465 core 6.764 5.945 2.734 
3466 core 6.055 4.141 3.910 
3467 core 3.505 4.723 4.115 
3468 core 6.811 6.233 4.771 
3469 core 4.687 6.574 2.593 
3470 core 5.510 6.402 2.764 
3471 core 5.300 4.952 2.946 
3472 core 5.401 4.540 3.046 
3473 core 4.841 3.161 2.242 
3474 core 6.257 5.346 1.550 
3475 core 3.561 4.822 3.580 
3476 core 4.552 5.968 5.309 
3477 core 6.325 5.885 3.833 
3478 core 3.156 6.921 3.373 
3479 core 6.863 6.418 2.527 
3480 border 6.576 3.012 4.724 
3481 core 5.086 5.499 3.308 
3482 noise 6.218 6.640 2.560 
3483 core 5.278 6.278 5.303 
3484 core 3.445 5.364 1.564 
3485 core 3.812 3.350 2.317 
3486 core 5.195 3.412 2.443 
3487 core 6.580 3.570 3.394 
3488 core 6.679 3.806 1.969 
3489 core 6.567 5.898 4.905 
3490 core 4.805 4.875 3.147 
3491 core 4.189 5.183 4.636 
3492 core 3.973 4.468 3.578 
3493 core 5.941 5.547 1.748 
3494 core 4.790 6.870 3.846 
3495 core 6.065 4.553 3.905 
3496 core 5.922 4.286 2.660 
3497 core 6.615 5.083 4.013 
3498 core 5.185 4.246 1.662 
3499 border 6.273 3.254 4.789 
3500 border 3.276 6.172 3.976 
3501 core 5.385 4.435 3.608 
3502 core 3.126 5.365 4.887 
3503 core 3.019 3.322 2.666 
3504 core 5.241 6.811 4.121 
3505 noise 5.921 3.421 2.675 
3506 core 4.869 5.728 3.070 
3507 border 3.049 6.484 4.572 
3508 core 4.992 5.474 4.568 
3509 border 6.145 3.724 1.506 
3510 core 4.058 6.687 3.285 
3511 core 5.406 4.315 3.922 
3512 core 6.498 4.375 3.261 
3513 core 4.489 5.642 4.147 
3514 core 6.163 3.904 3.811 
3515 border 6.807 5.060 4.454 
3516 border 6.519 3.980 5.072 
3517 core 4.624 4.027 4.067 
3518 core 6.794 4.942 4.243 
3519 core 4.697 6.942 4.260 
3520 core 3.412 3.798 2.822 
3521 core 6.132 5.462 3.070 
3522 core 4.210 4.923 1.931 
3523 core 3.483 4.498 3.191 
3524 border 3.403 3.033 5.069 
3525 border 3.261 6.379 5.449 
3526 core 4.265 3.381 4.330 
3527 core 5.893 4.555 2.753 
3528 core 6.858 4.050 2.802 
3529 core 4.994 5.742 2.515 
3530 core 6.159 6.343 4.661 
3531 core 6.237 5.917 4.899 
3532 core 4.533 3.946 4.253 
3533 border 6.478 4.056 1.888 
3534 core 4.981 6.325 5.401 
3535 core 4.170 3.245 2.530 
3536 core 3.334 4.786 1.976 
3537 core 3.674 3.399 2.695 
3538 core 4.584 3.327 1.702 
3539 core 5.963 6.750 1.996 
3540 core 5.210 3.539 4.795 
3541 noise 6.865 4.247 1.692 
3542 core 4.491 3.842 5.179 
3543 core 3.480 4.686 2.561 
3544 core 4.226 5.098 5.151 
3545 core 6.448 3.823 4.626 
3546 core 4.963 4.148 3.316 
3547 border 4.819 6.840 1.939 
3548 core 6.809 3.992 4.107 
3549 core 5.049 4.078 4.591 
3550 border 6.909 5.881 1.799 
3551 core 4.667 4.230 2.077 
3552 core 3.447 5.235 4.800 
3553 core 5.422 6.530 2.361 
3554 core 3.560 3.282 4.429 
3555 core 3.566 4.714 3.493 
3556 core 3.037 4.442 2.885 
3557 core 6.388 3.345 1.930 
3558 core 4.425 4.692 2.615 
3559 core 4.444 5.251 4.099 
3560 core 3.978 4.977 4.492 
3561 core 5.434 4.000 2.591 
3562 core 3.606 5.251 3.318 
3563 border 3.417 6.519 1.902 
3564 border 6.289 6.863 4.674 
3565 core 5.253 3.753 4.243 
3566 core 3.073 6.728 4.957 
3567 core 4.368 5.004 3.573 
3568 core 5.069 4.344 1.621 
3569 core 3.925 5.424 5.044 
3570 core 5.781 4.499 2.518 
3571 core 6.758 6.157 3.179 
3572 core 6.116 3.293 5.418 
3573 core 4.942 5.246 3.739 
3574 core 3.839 3.392 2.586 
3575 border 3.080 3.875 2.282 
3576 core 4.517 3.569 4.510 
3577 core 4.526 3.888 5.114 
3578 core 4.803 6.947 4.664 
3579 noise 5.329 6.286 1.896 
3580 core 3.765 3.216 2.997 
3581 core 6.542 5.203 4.793 
3582 core 4.222 6.745 5.142 
3583 core 6.457 5.949 4.292 
3584 core 6.187 6.575 3.827 
3585 border 3.314 5.037 1.736 
3586 core 6.895 3.300 2.656 
3587 core 3.620 3.990 3.368 
3588 core 4.940 3.401 5.183 
3589 core 4.160 4.931 3.633 
3590 core 3.583 4.782 4.493 
3591 border 3.355 4.529 2.217 
3592 noise 5.972 3.828 5.488 
3593 core 4.916 6.133 2.587 
3594 core 4.424 4.598 2.548 
3595 core 6.809 5.364 2.834 
3596 border 3.581 3.381 3.794 
3597 core 4.420 5.752 4.844 
3598 core 6.292 4.756 2.906 
3599 core 4.931 5.810 3.057 
3600 core 5.922 6.274 1.726 
3601 core 6.956 4.970 5.062 
3602 core 5.820 4.455 3.402 
3603 border 6.598 3.063 5.255 
3604 core 4.968 6.270 2.503 
3605 core 3.756 3.302 1.504 
3606 core 3.401 5.795 1.967 
3607 core 5.240 5.056 3.688 
3608 core 4.843 5.296 5.059 
3609 core 3.165 3.546 4.844 
3610 core 5.672 5.113 2.620 
3611 core 4.233 6.628 5.245 
3612 border 3.277 6.807 4.532 
3613 core 6.086 3.322 4.169 
3614 core 3.845 4.906 5.329 
3615 core 3.516 4.361 5.004 
3616 core 6.302 6.622 2.645 
3617 noise 4.095 3.419 5.048 
3618 core 6.055 5.223 5.480 
3619 core 5.655 6.582 3.455 
3620 core 3.471 5.609 2.191 
3621 noise 6.503 3.010 3.275 
3622 core 3.764 3.927 3.248 
3623 core 4.386 3.933 2.615 
3624 core 5.029 5.801 4.383 
3625 core 6.158 6.989 2.312 
3626 border 6.228 5.293 1.792 
3627 core 5.672 6.574 2.207 
3628 core 5.904 6.844 2.829 
3629 noise 6.475 3.055 3.209 
3630 core 4.669 5.058 3.627 
3631 core 6.549 6.529 4.576 
3632 core 4.818 5.839 1.552 
3633 core 4.089 4.339 4.027 
3634 core 4.259 6.897 3.624 
3635 core 5.408 4.488 5.095 
3636 border 3.884 6.734 4.104 
3637 core 3.819 4.395 1.843 
3638 core 4.012 4.549 4.876 
3639 noise 6.863 4.178 5.493 
3640 core 5.139 4.013 3.151 
3641 core 4.770 5.265 2.814 
3642 border 5.622 6.926 2.951 
3643 core 3.629 3.206 3.092 
3644 core 4.211 6.639 2.030 
3645 core 3.634 6.493 4.839 
3646 core 5.515 3.138 3.376 
3647 core 5.014 4.472 1.911 
3648 core 3.942 3.982 4.272 
3649 core 6.035 5.891 5.293 
3650 core 4.860 4.129 3.663 
3651 core 4.273 5.345 3.768 
3652 core 4.746 4.746 4.588 
3653 core 3.418 3.371 5.374 
3654 core 3.207 6.208 4.655 
3655 core 4.755 3.439 1.543 
3656 core 3.424 6.746 3.461 
3657 core 3.463 5.376 3.289 
3658 core 3.578 5.743 5.295 
3659 core 6.293 3.025 3.910 
3660 core 4.328 6.147 3.422 
3661 core 4.782 4.120 4.462 
3662 core 6.390 6.399 4.605 
3663 border 3.370 4.108 4.017 
3664 border 3.059 3.662 3.881 
3665 core 5.754 4.170 3.723 
3666 core 6.878 3.216 2.196 
3667 core 4.861 5.685 1.678 
3668 core 4.722 6.821 4.661 
3669 core 4.487 6.796 4.742 
3670 core 6.438 5.918 3.020 
3671 core 5.072 3.434 2.646 
3672 core 4.599 5.448 1.635 
3673 core 6.334 3.927 3.728 
3674 core 3.773 3.648 3.227 
3675 core 6.581 4.400 3.208 
3676 core 5.752 4.883 3.858 
3677 core 4.664 3.025 5.010 
3678 core 4.589 3.698 2.891 
3679 core 3.861 6.517 2.748 
3680 core 3.779 4.083 3.043 
3681 core 3.469 3.989 1.738 
3682 core 6.868 5.859 5.460 
3683 core 3.880 6.760 5.466 
3684 core 4.104 6.288 3.478 
3685 core 6.855 5.771 2.097 
3686 core 4.615 4.281 5.138 
3687 core 4.620 6.454 2.167 
3688 core 4.858 5.063 2.872 
3689 core 3.837 4.263 3.702 
3690 core 4.295 6.368 4.991 
3691 border 6.552 5.534 1.619 
3692 core 5.363 5.546 3.616 
3693 core 4.942 6.590 3.533 
3694 core 5.717 4.005 4.798 
3695 core 3.284 3.193 4.059 
3696 border 5.538 6.624 4.929 
3697 core 4.212 3.058 2.663 
3698 core 6.353 3.496 5.441 
3699 core 4.320 5.190 2.543 
3700 core 3.852 4.369 2.854 
3701 core 3.930 6.602 1.967 
3702 core 3.213 5.607 3.531 
3703 core 4.673 6.036 4.058 
3704 border 3.175 3.619 4.935 
3705 core 6.661 6.130 2.854 
3706 core 4.698 4.263 2.632 
3707 core 4.516 3.387 4.550 
3708 core 5.049 3.212 2.593 
3709 core 5.897 5.703 2.829 
3710 core 6.119 3.414 2.776 
3711 core 5.166 4.961 3.694 
3712 core 6.168 5.268 3.406 
3713 core 3.054 3.887 1.968 
3714 core 6.508 6.162 2.403 
3715 core 5.163 4.098 5.478 
3716 core 6.679 4.202 3.484 
3717 core 4.162 4.166 3.051 
3718 core 6.725 5.978 5.093 
3719 core 6.262 5.224 3.666 
3720 core 5.199 4.373 1.686 
3721 core 4.086 4.576 3.989 
3722 core 6.042 5.320 3.212 
3723 core 6.034 4.839 3.177 
3724 core 4.967 5.575 1.996 
3725 core 4.350 5.759 4.853 
3726 core 6.152 6.761 5.107 
3727 core 6.113 3.362 1.512 
3728 core 5.751 5.131 2.139 
3729 border 6.961 3.014 4.357 
3730 core 6.827 5.439 3.097 
3731 core 5.459 3.653 3.256 
3732 core 3.422 5.316 4.220 
3733 core 4.622 6.234 4.938 
3734 core 4.694 5.369 2.248 
3735 core 5.867 5.100 2.408 
3736 core 4.435 4.436 5.325 
3737 core 4.773 5.734 4.007 
3738 border 3.348 5.417 1.523 
3739 core 6.367 6.089 2.108 
3740 core 5.125 5.545 2.830 
3741 core 3.907 4.338 2.337 
3742 core 3.950 5.279 3.461 
3743 core 3.442 4.428 5.216 
3744 core 3.335 4.526 2.532 
3745 core 3.980 4.537 2.554 
3746 core 5.302 5.728 1.847 
3747 core 5.948 4.591 3.193 
3748 core 5.179 5.192 2.979 
3749 core 3.906 5.790 1.544 
3750 border 4.063 3.711 5.225 
3751 core 4.691 6.399 1.693 
3752 border 5.398 3.093 2.336 
3753 core 5.128 6.114 5.039 
3754 core 5.034 6.013 1.692 
3755 core 5.394 5.936 3.111 
3756 core 4.830 4.951 2.049 
3757 core 4.777 4.391 2.534 
3758 core 6.667 4.065 1.738 
3759 core 6.231 3.857 4.887 
3760 core 4.891 6.974 1.631 
3761 core 5.475 5.222 2.277 
3762 core 4.291 3.767 5.408 
3763 noise 6.460 6.070 2.366 
3764 core 5.108 4.001 2.477 
3765 core 5.251 4.809 4.471 
3766 core 5.550 6.859 3.842 
3767 core 3.576 6.977 4.507 
3768 core 4.438 6.144 5.291 
3769 core 4.764 6.524 3.709 
3770 core 3.303 5.238 4.969 
3771 core 6.349 4.958 3.016 
3772 core 6.174 3.818 3.488 
3773 core 4.630 5.165 3.145 
3774 core 3.349 6.169 2.302 
3775 core 6.252 6.766 3.698 
3776 core 3.739 5.883 4.049 
3777 core 6.761 6.760 4.450 
3778 core 4.285 6.266 4.406 
3779 core 5.283 5.564 4.244 
3780 core 6.866 3.992 3.858 
3781 core 5.883 6.389 4.825 
3782 core 3.580 5.795 2.828 
3783 core 5.515 5.614 3.224 
3784 core 3.913 5.019 4.573 
3785 core 5.000 6.121 5.459 
3786 core 4.045 6.410 3.647 
3787 core 3.809 3.846 4.937 
3788 core 4.371 3.544 4.019 
3789 core 3.230 5.603 3.101 
3790 border 6.748 6.880 3.174 
3791 core 3.708 3.234 2.138 
3792 border 3.136 3.672 5.237 
3793 border 3.164 4.829 1.758 
3794 core 6.820 4.778 3.525 
3795 core 3.746 5.281 3.124 
3796 core 4.634 3.875 5.154 
3797 core 4.863 6.925 2.907 
3798 core 5.679 6.834 5.305 
3799 core 6.876 4.991 3.710 
