14
0 167
129 32 285 1390 17 179 322 515 516 699 916 939 1338 1942 231 1211 370 237 6 557 900 1095 207 391 512 688 720 912 873 1123 1297 1634 1736 1013 1177 1537 1722 1939 288 341 397 1009 1961 580 612 925 618 673 26 39 467 573 934 1008 1018 1213 1592 1856 1937 785 850 57 1334 71 201 269 489 297 432 1111 1125 701 402 608 620 1194 1497 1541 1699 1762 1053 1544 1547 1714 416 681 870 1012 1030 1074 1287 1324 1439 138 1239 1480 1732 1463 263 510 627 682 1858 732 836 1222 1525 1688 1803 1958 1979 1469 1502 81 153 156 503 623 712 275 1412 1623 1718 1771 1812 581 1199 1833 1832 177 291 776 1825 1905 1910 406 561 582 871 926 132 491 1164 1878 1966 1224 1388 34 1122 1157 1594 1501 191 295 389 547 589 761 832 974 990 1049 1088 1724 1798 1970 1668 
1 10
203 621 694 942 1038 1178 1255 1395 1598 1995 
8 10
695 40 354 787 796 820 1104 1471 1834 1891 
9 20
702 463 315 508 709 772 802 1119 1563 1929 499 700 1027 96 1139 1276 149 1372 1493 1987 
10 10
734 304 338 378 415 477 511 685 1582 1953 
12 22
827 513 211 1108 636 812 897 1070 131 1120 1426 1510 1548 1082 1137 1182 1447 1454 353 1632 1802 1876 
13 10
876 215 480 487 634 660 1492 1531 1819 1932 
14 20
898 36 128 457 864 875 1817 433 449 33 667 961 1526 821 553 849 1235 1358 1391 1653 
15 11
1375 273 379 588 1093 1170 1179 1202 1277 1737 1931 
16 26
1506 195 496 652 759 780 1364 1906 343 610 629 779 908 940 985 1091 1166 1321 830 1353 1546 1588 1675 1792 1807 1279 
17 20
1776 148 216 1243 311 438 492 631 750 1163 1034 1036 1109 1328 1580 1642 1846 1908 1960 1991 
18 60
1902 5 158 255 190 1152 678 890 944 1051 1446 329 815 1614 1649 1754 1780 1868 1921 1618 831 1019 1116 1457 1743 1975 1796 1836 735 1130 1708 1981 3 15 20 23 22 165 356 437 717 811 975 976 1172 1369 1445 1606 1742 77 111 155 399 651 1168 1251 1306 1333 1404 1542 
639 1173
639 50 121 66 359 405 204 220 87 103 346 351 68 567 726 917 963 1336 271 650 768 1552 365 94 524 607 151 1000 624 929 506 587 435 879 1189 1216 1583 1704 1790 1946 1782 1021 941 1171 1208 1187 1689 1646 1520 1949 1719 1684 327 430 114 384 443 1313 1437 1661 1887 1826 1625 1624 1787 1114 550 324 59 730 1349 1964 1994 628 1512 476 42 93 522 107 357 246 531 591 502 102 90 229 12 56 918 99 54 977 1326 1420 1068 891 546 210 1 52 112 198 247 225 260 549 88 116 157 244 368 658 410 729 1024 969 258 300 340 648 919 928 1058 1059 922 764 671 585 209 592 1045 615 1007 539 462 692 869 728 1305 1316 640 11 545 808 1176 1904 1672 1535 1323 1072 661 625 262 490 555 444 296 76 142 10 73 49 349 888 28 51 119 139 167 108 127 176 146 335 154 45 55 117 173 226 333 355 280 14 478 214 136 240 697 192 235 316 259 602 287 323 445 534 374 412 472 500 521 82 27 84 72 268 294 30 83 144 256 270 303 184 8 245 599 843 972 1127 447 501 318 348 649 404 408 565 663 562 708 841 301 101 105 115 161 182 293 202 141 98 78 183 233 279 120 320 426 109 187 200 65 124 250 265 286 383 342 498 666 770 923 902 749 241 168 713 1320 152 747 194 223 852 1015 868 847 434 895 475 100 790 1150 1085 497 529 1380 471 579 801 1147 1161 1233 1245 1281 1259 1405 1303 1329 1680 1767 1918 1952 466 1988 1650 1209 1197 1214 914 1076 1106 1368 1731 1925 1429 1272 1148 143 169 577 863 797 469 857 572 222 160 46 292 248 536 781 282 243 4 314 344 9 16 398 38 25 196 718 178 407 600 436 369 381 454 518 535 544 703 706 711 743 595 896 938 784 606 644 1919 1393 758 622 818 140 1010 867 957 1052 924 936 971 1419 1047 1201 1696 970 1011 1274 1417 1443 1476 1100 1648 1610 1427 134 228 339 792 964 1772 1859 1940 949 1827 1841 1883 1933 1809 1451 1695 1355 1410 1626 1318 1662 973 1240 894 236 987 907 997 1461 1973 911 1373 676 1407 909 574 690 455 1351 1232 1084 727 594 829 1069 1117 1185 1186 1377 1398 1247 1037 953 441 736 1416 1638 1428 1533 1701 387 2 193 401 465 1071 1244 1462 1590 1854 1302 1799 1702 1730 1829 1374 1112 1519 1376 1509 1602 1665 1881 1888 1872 1893 1425 1857 1494 1770 1422 1907 1901 1982 409 1050 1636 1296 1996 1882 1205 782 1491 1237 1228 798 943 762 793 385 328 413 330 159 44 305 252 64 21 24 312 242 403 118 382 58 85 439 721 494 799 514 345 757 691 856 881 380 1107 1207 886 559 566 459 645 707 754 737 554 361 421 569 424 552 431 564 598 568 576 903 889 866 756 1090 1226 1231 1264 1238 1361 1532 1725 1597 982 893 931 769 892 968 705 601 794 637 614 659 719 753 656 828 253 527 597 904 556 817 899 865 704 807 803 814 760 882 860 1005 548 1086 665 1301 1362 1154 1079 834 825 605 609 765 840 906 927 921 635 905 1016 1025 1140 1229 1092 1020 979 998 1031 1039 1060 1103 1115 1452 1639 1828 1779 1453 1538 219 988 1113 0 19 86 234 422 2155 2216 2112 643 959 230 350 392 396 791 584 347 504 570 633 646 833 958 991 1126 1134 1026 1006 1347 744 590 632 206 367 481 181 319 92 375 783 224 537 933 819 1098 519 877 1081 767 1094 1227 1252 1309 1575 1717 751 846 887 1032 1180 1406 1849 1464 1943 848 986 722 1023 1198 1256 386 91 360 1191 1217 1456 1659 1569 1382 950 1478 1472 1524 43 326 1063 1667 1855 1145 962 1190 1346 1138 1153 1517 1046 1003 980 371 878 1386 1777 1310 1004 1029 1341 1343 1488 1549 1581 1784 1734 1886 1890 1768 1716 1753 1759 1840 1686 1440 1611 1936 1871 1785 1572 1630 1315 1408 981 930 617 1077 746 885 1099 1142 1159 1195 1234 1283 1273 1288 1322 1312 1466 1449 1203 1087 838 839 851 874 946 965 945 1174 1105 1067 952 1184 468 321 388 653 453 670 672 853 913 1101 1129 1204 1230 1253 1263 1293 1188 1221 1219 1220 1267 1141 1308 1128 1165 1246 1183 1257 1551 1657 1593 1744 1363 1345 1330 1378 1539 1436 1337 1291 1311 1430 1300 1381 1707 1620 1629 1486 1409 1571 1314 1474 858 1014 1080 1033 1073 1325 1357 1468 1042 1215 1359 1481 1487 1561 1567 1564 1619 1804 1913 1647 1892 1791 1757 1788 1402 1600 1838 1175 1271 1489 1365 1558 1655 1385 1631 1935 1861 1950 1760 1339 1518 1522 1465 1260 1384 1473 1529 1483 1545 1550 1622 1559 1752 1682 1628 1679 1660 1774 1745 1681 1261 854 1418 1793 1880 1980 1835 1822 1920 1450 1616 1637 1241 458 440 540 884 1001 955 1089 1133 1017 967 1193 1169 1383 1200 1595 1401 1459 1577 752 578 755 822 543 188 70 284 613 1062 411 710 771 619 966 862 994 1292 1223 1078 1097 1299 1317 1415 1319 1458 541 813 1482 1516 1528 1706 1615 1565 1498 1591 1990 1608 1874 1666 1692 1764 1530 1167 1433 13 1110 1557 1715 1811 1505 1640 1945 1621 1584 1806 1845 1863 1926 1976 1879 1951 1847 1820 1761 1852 1574 1698 1723 1735 1889 1997 1897 1589 1962 1955 1983 1986 1909 1727 1690 1801 1687 1749 1867 1763 1599 1860 1928 1989 1864 1924 1999 1643 1651 1656 1733 1818 1748 1434 1411 1485 915 1605 1601 1435 1644 1954 1394 1442 1399 1500 1596 1697 1775 1421 1173 1266 1515 1923 1304 1877 1927 1965 1938 1969 1543 1350 1837 1210 716 947 1249 1366 1674 1413 1414 766 2004 2250 2224 2041 2107 2097 2082 2239 2108 2141 2164 2018 2038 2186 2016 2231 2236 2220 2249 2095 2162 2219 2064 2134 2078 2111 2140 2113 2056 2180 2084 2202 2191 2122 2142 2068 2208 2050 2115 2086 2172 2176 2227 2013 2089 2210 2214 2211 2207 2229 2103 2183 2106 2163 2114 2153 2193 1645 1912 1821 1963 1971 1831 523 641 505 723 775 1075 1900 1043 31 1057 845 1066 1586 1786 1977 937 542 2039 1609 1356 1285 1540 212 932 1808 1968 948 1781 
1972 1
1972 
