2800 3
0 core 2.084 3.764 1.932 
1 core 2.959 3.103 2.637 
2 core 3.543 3.927 3.289 
3 core 3.743 1.657 1.750 
4 core 2.027 1.674 2.759 
5 core 2.212 3.045 3.101 
6 core 1.231 3.437 2.771 
7 core 2.122 3.588 2.732 
8 core 3.794 3.790 2.007 
9 core 3.554 2.857 3.471 
10 core 1.121 3.003 1.304 
11 core 2.797 3.966 3.267 
12 core 3.399 1.209 1.768 
13 core 2.135 3.862 3.751 
14 core 3.702 1.393 3.530 
15 core 3.336 1.186 1.904 
16 core 1.157 2.540 1.998 
17 core 2.444 2.456 1.657 
18 core 3.112 1.576 1.741 
19 core 2.391 1.999 2.926 
20 core 1.979 3.286 3.369 
21 core 3.277 2.644 2.807 
22 core 2.357 3.657 1.164 
23 core 2.893 3.420 1.628 
24 core 1.720 3.704 2.289 
25 core 1.409 2.672 2.214 
26 core 2.613 3.508 3.831 
27 core 1.134 3.399 2.934 
28 core 2.833 1.315 1.895 
29 core 3.517 3.257 1.067 
30 core 1.094 1.752 2.551 
31 core 1.805 2.416 3.236 
32 core 3.331 2.965 1.351 
33 core 3.984 3.017 1.624 
34 core 3.373 1.791 1.491 
35 core 3.691 1.005 2.933 
36 core 3.639 3.562 3.348 
37 core 3.579 3.062 3.390 
38 core 3.851 2.139 2.448 
39 core 3.943 2.855 1.049 
40 core 2.871 2.959 1.674 
41 core 2.250 3.187 2.364 
42 core 1.847 1.268 2.577 
43 core 1.378 1.987 1.710 
44 core 3.656 3.409 1.822 
45 core 1.629 3.632 1.376 
46 core 1.475 3.956 1.346 
47 core 2.650 2.142 1.201 
48 core 2.587 2.109 2.551 
49 core 2.400 1.867 2.166 
50 core 2.896 1.837 2.374 
51 core 2.449 3.565 1.698 
52 core 1.534 3.869 1.169 
53 core 3.291 3.334 1.181 
54 core 2.119 3.149 2.368 
55 core 1.292 2.712 3.797 
56 core 1.305 3.245 1.467 
57 core 3.234 2.276 3.649 
58 core 2.376 3.233 1.348 
59 core 3.788 3.411 2.745 
60 core 3.131 1.603 2.008 
61 core 2.379 3.822 3.759 
62 core 3.518 1.682 1.151 
63 core 1.762 2.547 2.011 
64 core 3.461 3.790 1.707 
65 core 3.205 2.789 1.726 
66 core 3.157 1.189 3.331 
67 core 2.084 1.440 3.999 
68 core 1.271 1.316 3.921 
69 core 3.608 1.010 2.447 
70 core 3.404 1.989 2.148 
71 core 3.308 1.891 3.433 
72 core 1.430 2.987 1.891 
73 core 2.493 2.607 2.038 
74 core 2.258 1.510 2.328 
75 core 3.179 1.498 2.894 
76 core 3.731 3.785 1.354 
77 core 2.301 2.148 1.767 
78 core 2.295 2.187 1.704 
79 core 2.764 1.019 3.375 
80 core 2.184 2.581 2.280 
81 core 3.787 2.098 2.520 
82 core 1.720 3.398 2.036 
83 core 2.899 1.984 2.876 
84 core 1.681 3.464 3.999 
85 core 3.681 3.595 1.834 
86 core 3.833 3.120 3.557 
87 core 2.412 1.840 1.635 
88 core 2.339 1.518 2.457 
89 core 1.125 2.447 1.661 
90 core 1.275 2.813 2.905 
91 core 3.899 1.904 2.225 
92 core 1.394 1.343 3.099 
93 core 2.573 2.536 1.233 
94 core 3.742 2.995 1.975 
95 core 3.097 1.242 1.688 
96 core 2.407 3.334 3.908 
97 core 1.129 3.273 1.287 
98 core 3.357 2.737 2.772 
99 core 1.162 3.208 3.235 
100 core 2.798 2.792 1.144 
101 core 2.222 3.530 3.030 
102 core 2.195 3.411 3.165 
103 core 3.131 3.265 3.687 
104 core 2.444 1.441 2.542 
105 core 2.816 3.649 3.923 
106 core 2.782 3.441 1.213 
107 core 2.631 2.844 3.990 
108 core 1.640 3.266 1.112 
109 core 1.033 2.146 2.029 
110 core 1.647 2.735 1.055 
111 core 1.838 2.145 3.136 
112 core 1.124 2.057 1.734 
113 core 3.288 3.827 1.530 
114 core 1.047 1.020 2.670 
115 core 3.943 1.750 1.688 
116 core 2.125 1.684 1.360 
117 core 2.250 3.001 1.218 
118 core 2.669 3.633 3.150 
119 core 1.941 2.752 3.153 
120 core 1.501 1.654 3.002 
121 core 2.244 3.092 3.443 
122 core 2.095 1.498 1.570 
123 core 3.812 1.856 2.708 
124 core 3.190 2.969 2.427 
125 core 3.216 1.559 3.765 
126 core 3.338 2.162 1.378 
127 core 1.060 3.233 1.954 
128 core 3.974 3.468 2.825 
129 core 3.576 1.824 1.696 
130 core 3.930 1.057 1.470 
131 core 3.879 2.321 1.170 
132 core 2.983 3.048 2.525 
133 core 3.616 2.673 2.289 
134 core 2.920 2.149 1.763 
135 core 3.814 1.643 3.109 
136 core 2.760 2.699 3.131 
137 core 3.498 1.159 2.067 
138 core 1.942 1.839 1.472 
139 core 3.167 2.561 2.781 
140 core 3.112 3.179 3.042 
141 core 3.373 2.124 3.835 
142 core 1.211 3.625 1.575 
143 core 1.225 3.431 1.371 
144 core 1.270 1.227 1.510 
145 core 2.608 2.387 1.109 
146 core 3.844 1.372 3.500 
147 core 2.071 2.239 3.259 
148 core 2.393 3.352 3.507 
149 core 2.764 1.743 1.308 
150 core 3.838 1.378 1.424 
151 core 3.728 1.788 1.721 
152 core 2.459 1.591 2.005 
153 core 2.806 1.726 3.847 
154 core 1.721 2.033 2.772 
155 core 3.715 3.656 2.607 
156 core 2.972 1.398 3.777 
157 core 2.890 3.499 1.147 
158 core 3.458 2.367 3.383 
159 core 2.313 1.528 3.343 
160 core 1.738 3.205 1.490 
161 core 3.025 3.882 2.844 
162 core 2.619 1.720 3.782 
163 core 2.178 2.623 1.827 
164 core 3.369 2.454 1.519 
165 core 1.626 2.301 1.159 
166 core 1.403 2.674 1.849 
167 core 2.418 3.312 3.687 
168 core 2.049 2.796 3.991 
169 core 3.524 1.785 2.156 
170 core 2.165 2.564 2.722 
171 core 3.284 1.705 2.404 
172 core 1.562 3.829 1.499 
173 core 1.895 1.149 2.666 
174 core 3.176 1.114 3.057 
175 core 3.839 2.405 1.574 
176 core 1.065 3.167 2.095 
177 core 2.455 2.776 1.900 
178 core 2.401 1.981 1.165 
179 core 1.489 3.901 3.794 
180 core 1.498 2.742 3.550 
181 core 2.110 1.247 1.390 
182 core 1.435 3.784 3.681 
183 core 3.643 1.073 3.361 
184 core 1.910 3.691 1.595 
185 core 3.841 3.986 1.894 
186 core 3.836 3.485 1.597 
187 core 2.252 3.538 3.352 
188 core 3.713 1.676 2.725 
189 core 1.427 2.750 3.782 
190 core 3.772 1.406 2.276 
191 core 1.525 1.808 2.539 
192 core 2.151 3.934 1.998 
193 core 1.568 3.961 3.779 
194 core 1.153 2.767 1.424 
195 core 1.989 2.497 3.358 
196 core 2.534 3.938 2.731 
197 core 1.313 1.454 3.142 
198 core 1.781 3.415 2.824 
199 core 3.167 1.500 3.703 
200 core 2.852 3.369 3.434 
201 core 2.662 2.172 3.582 
202 core 2.575 1.770 2.148 
203 core 3.359 3.670 3.834 
204 core 3.364 2.857 1.738 
205 core 3.469 1.476 3.370 
206 core 3.336 3.571 3.592 
207 core 2.660 3.407 1.008 
208 core 2.021 1.637 1.116 
209 core 2.231 2.157 1.471 
210 core 3.927 3.045 2.329 
211 core 1.879 2.189 3.864 
212 core 2.640 2.865 1.407 
213 core 2.137 2.840 3.697 
214 core 3.733 3.314 3.371 
215 core 1.153 2.371 3.675 
216 core 1.702 2.337 3.025 
217 core 2.986 3.843 3.280 
218 core 2.685 2.063 2.154 
219 core 2.762 2.731 2.787 
220 core 3.381 1.477 1.304 
221 core 2.235 3.839 1.232 
222 core 3.475 3.276 3.184 
223 core 2.140 2.376 1.303 
224 core 2.977 1.760 3.129 
225 core 2.924 1.487 1.396 
226 core 1.095 1.972 3.827 
227 core 2.114 2.991 2.369 
228 core 2.622 3.826 2.203 
229 core 2.283 3.176 3.570 
230 core 1.856 2.007 3.655 
231 core 1.709 2.020 3.559 
232 core 3.878 1.419 3.558 
233 core 3.848 1.098 1.527 
234 core 1.325 1.472 3.369 
235 core 2.040 2.038 2.405 
236 core 3.414 2.294 2.141 
237 core 3.498 2.692 3.500 
238 core 3.905 2.719 2.138 
239 core 1.523 2.035 1.542 
240 core 2.606 2.022 1.968 
241 core 3.345 2.228 1.142 
242 core 3.522 2.555 2.714 
243 core 1.291 2.542 1.724 
244 core 1.376 3.477 2.965 
245 core 1.975 1.475 1.725 
246 core 3.265 1.849 3.584 
247 core 1.725 3.388 3.806 
248 core 2.184 3.543 3.957 
249 core 2.425 2.947 2.735 
250 core 2.828 3.573 1.119 
251 core 2.142 2.017 1.713 
252 core 2.327 1.408 2.357 
253 core 1.487 2.679 1.614 
254 core 2.499 2.255 2.964 
255 core 1.199 2.982 3.412 
256 core 2.203 3.861 2.761 
257 core 3.503 3.353 3.015 
258 core 2.296 2.607 3.397 
259 core 3.407 1.510 3.642 
260 core 2.605 3.184 2.553 
261 core 2.279 2.914 1.272 
262 core 2.140 3.916 3.267 
263 core 3.982 3.476 2.816 
264 core 1.664 1.829 3.632 
265 core 1.322 2.053 1.992 
266 core 1.899 2.516 2.578 
267 core 1.071 1.402 1.688 
268 core 2.054 2.425 3.081 
269 core 3.274 1.686 2.810 
270 core 1.933 3.737 2.833 
271 core 2.920 3.706 3.973 
272 core 3.387 1.187 1.485 
273 core 1.038 3.484 1.572 
274 core 1.680 2.554 1.836 
275 core 1.528 3.196 1.949 
276 core 1.148 3.891 2.819 
277 core 3.996 3.036 1.960 
278 core 3.112 3.972 3.521 
279 core 2.350 2.265 1.030 
280 core 1.112 3.937 1.399 
281 core 2.135 1.860 2.639 
282 core 2.647 1.639 3.076 
283 core 2.888 2.995 2.363 
284 core 3.643 2.965 3.765 
285 core 3.793 1.962 3.584 
286 core 2.000 2.232 1.796 
287 core 2.120 2.660 3.122 
288 core 3.401 3.636 2.984 
289 core 2.469 1.245 3.518 
290 core 3.355 2.575 3.477 
291 core 2.086 3.256 1.231 
292 core 2.949 1.338 1.094 
293 core 2.892 1.596 2.497 
294 core 2.901 1.991 2.616 
295 core 2.846 2.235 1.382 
296 core 1.730 1.074 1.537 
297 core 3.835 1.152 3.094 
298 core 2.893 1.466 2.513 
299 core 1.414 2.706 1.655 
300 core 1.671 3.821 2.103 
301 core 1.154 3.489 2.046 
302 core 2.560 3.736 3.970 
303 core 2.000 3.899 2.929 
304 core 3.118 2.145 2.420 
305 core 3.773 3.743 1.126 
306 core 3.362 2.157 3.929 
307 core 3.376 2.657 1.364 
308 core 3.808 2.747 3.576 
309 core 2.717 3.084 3.273 
310 core 1.242 1.706 1.544 
311 core 3.861 2.052 1.146 
312 core 2.629 2.574 1.943 
313 core 3.307 2.578 2.880 
314 core 3.184 1.582 1.090 
315 core 3.861 3.390 1.531 
316 core 1.557 3.577 2.213 
317 core 2.880 3.142 2.999 
318 core 1.670 2.748 1.370 
319 core 1.164 1.062 3.775 
320 core 1.089 1.951 2.649 
321 core 1.567 2.711 1.251 
322 core 3.446 3.207 1.942 
323 core 1.008 2.287 1.661 
324 core 3.714 1.793 1.531 
325 core 1.101 1.525 3.943 
326 core 3.046 2.185 3.950 
327 core 3.482 2.190 2.496 
328 core 1.281 3.688 2.540 
329 core 1.043 3.476 1.918 
330 core 1.117 2.687 2.543 
331 core 1.847 2.834 1.494 
332 core 1.749 2.283 1.096 
333 core 2.428 2.430 2.261 
334 core 2.293 1.884 3.993 
335 core 1.496 1.109 1.260 
336 core 2.699 1.283 3.580 
337 core 1.878 2.935 3.416 
338 core 2.977 2.434 1.521 
339 core 2.154 3.130 3.906 
340 core 1.319 3.106 3.648 
341 core 1.769 3.049 2.379 
342 core 3.908 3.941 1.582 
343 core 3.635 3.747 2.260 
344 core 2.754 1.701 3.400 
345 core 3.524 1.369 2.011 
346 core 1.157 3.086 3.914 
347 core 2.711 3.925 1.384 
348 core 3.522 1.420 1.671 
349 core 3.910 2.273 1.717 
350 core 2.803 3.754 2.329 
351 core 2.829 2.619 2.929 
352 core 3.035 2.893 3.411 
353 core 2.823 3.715 2.292 
354 core 2.410 2.013 3.799 
355 core 1.098 1.810 2.513 
356 core 2.264 3.620 2.046 
357 core 1.020 2.838 3.353 
358 core 1.414 1.486 3.165 
359 core 3.852 1.439 1.371 
360 core 3.404 3.359 1.403 
361 core 3.153 1.878 3.776 
362 core 1.875 2.438 2.677 
363 core 2.900 2.473 2.730 
364 core 3.995 1.663 3.077 
365 core 3.354 2.158 2.563 
366 core 3.391 3.835 1.542 
367 core 3.642 3.587 2.765 
368 core 3.047 1.259 2.925 
369 core 3.778 1.253 1.623 
370 core 1.440 3.332 3.838 
371 core 1.355 3.406 2.670 
372 core 3.301 2.126 2.996 
373 core 1.074 1.148 2.150 
374 core 2.247 3.021 2.729 
375 core 3.868 1.250 3.685 
376 core 1.609 3.741 2.441 
377 core 3.762 1.941 1.760 
378 core 3.387 1.081 2.840 
379 core 3.950 1.697 2.018 
380 core 3.457 3.046 2.157 
381 core 3.671 3.489 2.092 
382 core 2.854 3.543 3.476 
383 core 1.008 3.498 1.519 
384 core 3.312 2.587 1.618 
385 core 3.141 2.411 1.493 
386 core 2.672 3.484 3.707 
387 core 3.258 1.461 2.578 
388 core 2.227 2.512 2.839 
389 core 3.409 3.219 2.812 
390 core 3.240 3.236 2.584 
391 core 3.529 1.750 2.219 
392 core 2.190 3.602 3.464 
393 core 1.602 3.750 1.888 
394 core 3.130 3.132 2.096 
395 core 2.581 3.772 1.757 
396 core 3.321 3.886 2.173 
397 core 3.562 1.946 2.149 
398 core 2.557 2.475 2.192 
399 core 2.286 1.351 1.752 
400 core 1.838 2.301 1.686 
401 core 1.740 2.727 3.374 
402 core 1.094 2.122 2.636 
403 core 1.467 1.081 2.371 
404 core 2.875 2.683 3.951 
405 core 1.468 1.662 3.655 
406 core 2.623 2.614 1.859 
407 core 2.685 2.796 1.913 
408 core 1.620 1.700 3.539 
409 core 1.631 2.215 1.181 
410 core 3.665 3.330 2.623 
411 core 1.030 2.947 3.446 
412 core 2.074 3.105 2.430 
413 core 1.941 1.956 3.219 
414 core 1.113 2.749 1.548 
415 core 2.639 1.893 2.908 
416 core 1.618 1.621 1.369 
417 core 1.834 1.970 1.811 
418 core 1.656 1.328 3.651 
419 core 1.264 1.280 1.105 
420 core 2.314 1.286 3.831 
421 core 3.305 2.661 1.921 
422 core 2.923 3.149 3.288 
423 core 1.742 2.420 3.184 
424 core 3.907 2.926 2.485 
425 core 1.181 2.886 1.308 
426 core 1.046 3.557 2.714 
427 core 1.832 1.361 2.534 
428 core 3.185 1.741 3.665 
429 core 3.091 3.844 2.302 
430 core 1.557 3.207 2.690 
431 core 1.069 3.655 2.548 
432 core 3.242 2.571 1.359 
433 core 1.676 3.679 3.187 
434 core 3.485 3.255 1.720 
435 core 1.685 3.928 2.556 
436 core 2.974 1.348 3.616 
437 core 3.552 3.700 1.519 
438 core 1.634 2.119 2.239 
439 core 3.052 2.407 1.772 
440 core 1.188 2.300 3.990 
441 core 2.171 3.325 1.292 
442 core 3.725 3.582 2.610 
443 core 3.004 2.476 3.744 
444 core 3.202 1.172 1.994 
445 core 1.136 2.934 3.333 
446 core 3.668 1.698 1.642 
447 core 2.859 3.121 2.351 
448 core 3.565 2.796 1.061 
449 core 1.465 2.259 2.846 
450 core 3.332 1.469 2.724 
451 core 1.170 1.918 1.965 
452 core 3.111 3.498 2.009 
453 core 3.620 3.951 3.091 
454 core 3.160 1.962 1.395 
455 core 1.942 1.045 3.879 
456 core 1.503 1.056 3.982 
457 core 2.934 3.555 2.459 
458 core 2.941 1.663 1.823 
459 core 2.682 3.183 2.067 
460 core 3.272 2.110 2.717 
461 core 1.799 3.006 1.286 
462 core 1.450 1.548 3.640 
463 core 2.562 2.122 2.772 
464 core 3.062 2.377 2.954 
465 core 3.955 1.214 2.369 
466 core 3.177 3.014 1.503 
467 core 3.896 2.052 2.589 
468 core 3.523 3.885 1.518 
469 core 3.854 3.351 3.218 
470 core 1.818 1.271 3.630 
471 core 1.015 1.681 3.996 
472 core 2.795 1.598 1.344 
473 core 2.963 2.890 1.783 
474 core 3.766 1.311 1.916 
475 core 1.045 2.460 3.941 
476 core 3.668 3.895 1.775 
477 core 2.272 1.508 3.009 
478 core 2.947 2.420 3.948 
479 core 1.773 1.087 2.627 
480 core 1.029 3.606 3.629 
481 core 2.600 2.200 3.337 
482 core 1.702 1.100 3.721 
483 core 3.387 1.052 2.558 
484 core 2.879 2.861 2.163 
485 core 1.269 2.372 1.262 
486 core 3.256 2.626 2.683 
487 core 1.481 2.604 3.413 
488 core 2.867 1.633 1.967 
489 core 2.792 1.538 2.289 
490 core 2.012 3.513 3.450 
491 core 2.662 3.679 1.635 
492 core 1.690 3.490 3.353 
493 core 2.925 2.691 3.300 
494 core 2.633 2.423 1.744 
495 core 3.569 3.202 3.936 
496 core 3.035 1.666 1.870 
497 core 1.970 3.151 3.363 
498 core 3.931 3.915 2.300 
499 core 3.263 2.572 2.751 
500 core 6.049 5.879 3.361 
501 core 5.993 5.453 4.971 
502 core 7.725 5.195 4.975 
503 core 6.486 5.035 3.317 
504 core 5.408 6.626 4.698 
505 core 5.623 6.228 4.286 
506 core 5.403 7.741 4.329 
507 core 5.267 5.975 4.495 
508 core 7.483 7.489 3.872 
509 core 7.255 5.488 5.668 
510 core 6.958 5.167 3.066 
511 core 7.218 5.119 5.119 
512 core 5.976 5.679 4.464 
513 core 6.488 7.785 4.419 
514 core 5.578 6.239 3.130 
515 core 6.841 6.811 5.772 
516 core 5.607 6.714 5.606 
517 core 6.596 6.911 5.786 
518 core 6.598 5.492 3.316 
519 core 6.707 6.840 5.666 
520 core 7.645 5.445 4.743 
521 core 7.851 6.006 3.747 
522 core 5.739 6.299 4.893 
523 core 5.562 7.301 5.716 
524 core 7.915 5.774 4.285 
525 core 5.708 5.899 5.800 
526 core 6.926 6.876 4.918 
527 core 7.018 5.079 3.760 
528 core 5.034 5.857 5.932 
529 core 6.124 6.177 4.072 
530 core 5.418 7.748 3.943 
531 core 6.879 5.755 5.560 
532 core 7.124 7.160 5.739 
533 core 6.737 6.168 3.149 
534 core 7.000 7.412 4.287 
535 core 5.409 7.434 5.252 
536 core 6.718 7.813 3.930 
537 core 6.564 7.868 4.348 
538 core 5.157 6.528 3.572 
539 core 6.814 7.817 3.585 
540 core 6.255 7.051 5.047 
541 core 5.483 5.004 4.880 
542 core 6.559 5.982 3.545 
543 core 6.504 5.460 3.334 
544 core 7.081 7.050 3.408 
545 core 7.180 5.546 4.415 
546 core 7.059 7.018 4.988 
547 core 5.746 5.916 3.405 
548 core 6.832 5.074 3.417 
549 core 5.241 5.768 4.691 
550 core 7.003 5.377 4.020 
551 core 6.639 6.710 5.101 
552 core 6.390 7.984 4.564 
553 core 7.522 5.996 3.359 
554 core 7.327 6.459 4.847 
555 core 7.931 6.105 3.180 
556 core 6.608 7.573 4.819 
557 core 5.893 7.058 4.630 
558 core 6.521 6.186 3.881 
559 core 5.709 6.675 3.595 
560 core 7.985 6.105 3.385 
561 core 6.955 5.143 4.812 
562 core 5.481 5.333 4.560 
563 core 5.609 5.577 5.201 
564 core 5.453 5.003 3.413 
565 core 7.374 6.751 3.269 
566 core 6.968 7.622 3.650 
567 core 5.780 5.073 3.888 
568 core 6.394 6.191 3.996 
569 core 7.266 6.996 4.041 
570 core 5.479 7.483 4.419 
571 core 5.524 6.926 5.357 
572 core 7.760 6.308 5.797 
573 core 5.791 6.725 5.788 
574 core 7.517 6.487 5.611 
575 core 7.027 6.417 3.915 
576 core 6.986 5.035 4.770 
577 core 7.888 7.350 5.173 
578 core 5.468 6.161 3.976 
579 core 7.747 5.562 3.016 
580 core 6.354 7.301 3.886 
581 core 7.595 5.696 5.408 
582 core 5.366 7.423 3.583 
583 core 7.223 6.267 4.197 
584 core 6.618 6.312 4.307 
585 core 5.299 5.932 3.441 
586 core 6.871 7.611 3.832 
587 core 6.719 5.105 5.260 
588 core 7.595 7.599 5.324 
589 core 5.507 6.081 5.931 
590 core 6.043 5.246 3.247 
591 core 6.779 6.371 4.903 
592 core 6.061 6.399 5.570 
593 core 7.160 5.156 4.502 
594 core 5.611 6.137 3.877 
595 core 5.660 7.351 4.218 
596 core 5.767 5.495 4.081 
597 core 7.490 6.284 5.693 
598 core 7.992 5.575 5.458 
599 core 7.178 7.663 5.546 
600 core 7.348 7.947 4.935 
601 core 5.332 6.775 5.885 
602 core 6.509 5.922 5.795 
603 core 5.969 7.049 4.065 
604 core 7.827 7.264 4.785 
605 core 6.978 6.353 4.518 
606 core 6.763 5.847 5.142 
607 core 6.859 6.166 4.122 
608 core 5.088 7.947 5.075 
609 core 5.732 7.537 4.002 
610 core 6.658 6.415 4.681 
611 core 6.238 6.737 4.196 
612 core 6.413 5.997 5.452 
613 core 5.433 5.654 3.159 
614 core 5.576 7.508 5.752 
615 core 5.550 5.294 5.078 
616 core 5.121 7.257 4.266 
617 core 7.811 7.500 4.067 
618 core 7.444 5.756 4.333 
619 core 7.876 7.452 3.570 
620 core 5.083 6.036 3.935 
621 core 7.019 5.732 5.949 
622 core 7.829 5.527 3.643 
623 core 5.043 6.622 3.560 
624 core 6.939 5.593 3.321 
625 core 7.765 5.297 3.720 
626 core 6.356 5.112 5.768 
627 core 7.627 6.497 4.707 
628 core 7.719 5.176 5.057 
629 core 6.403 6.647 4.328 
630 core 5.174 6.314 4.066 
631 core 7.799 6.245 4.644 
632 core 6.486 6.458 4.522 
633 core 7.618 6.730 5.560 
634 core 7.788 5.898 4.161 
635 core 6.653 5.052 4.465 
636 core 6.812 6.639 4.616 
637 core 6.821 6.055 5.560 
638 core 5.435 5.193 4.058 
639 core 6.823 6.764 3.462 
640 core 7.342 7.607 4.293 
641 core 5.920 5.057 5.257 
642 core 7.730 6.870 4.981 
643 core 7.042 5.026 3.563 
644 core 5.372 7.075 3.670 
645 core 7.533 7.922 3.311 
646 core 6.782 5.934 4.735 
647 core 6.684 7.736 5.355 
648 core 7.645 6.646 5.063 
649 core 7.840 5.637 3.071 
650 core 6.541 5.828 3.942 
651 core 5.569 7.705 4.086 
652 core 7.861 7.214 4.209 
653 core 6.724 7.929 3.098 
654 core 7.323 6.390 3.826 
655 core 7.560 5.604 5.292 
656 core 7.382 6.887 4.704 
657 core 5.670 6.328 5.814 
658 core 7.778 5.552 5.393 
659 core 6.998 5.738 3.019 
660 core 5.787 6.285 4.100 
661 core 7.046 6.738 3.567 
662 core 7.416 6.388 3.988 
663 core 6.845 5.019 3.447 
664 core 6.798 6.224 4.826 
665 core 6.057 7.520 5.192 
666 core 7.789 6.537 4.739 
667 core 5.723 7.242 4.073 
668 core 5.058 7.572 5.566 
669 core 5.197 7.409 3.396 
670 core 7.712 5.074 5.733 
671 core 7.977 5.598 3.921 
672 core 6.851 6.417 5.786 
673 core 7.207 6.299 5.587 
674 core 6.344 7.288 4.725 
675 core 5.305 5.322 4.168 
676 core 5.652 7.096 3.672 
677 core 6.438 7.649 4.056 
678 core 7.975 7.728 4.995 
679 core 7.425 6.912 5.256 
680 core 6.766 7.400 4.669 
681 core 7.050 5.246 5.196 
682 core 5.454 7.069 4.489 
683 core 6.516 6.124 4.709 
684 core 7.065 6.996 4.696 
685 core 5.619 5.968 5.266 
686 core 6.334 7.175 4.412 
687 core 6.869 6.418 5.616 
688 core 7.801 6.470 3.794 
689 core 7.348 6.736 3.222 
690 core 7.864 6.898 5.242 
691 core 5.624 5.629 5.324 
692 core 7.409 7.305 5.888 
693 core 5.550 6.132 4.366 
694 core 6.229 7.743 3.473 
695 core 5.246 5.927 3.880 
696 core 6.571 6.801 5.732 
697 core 7.557 6.318 3.602 
698 core 7.201 6.525 4.783 
699 core 5.640 6.372 4.632 
700 core 5.798 5.531 3.572 
701 core 5.106 7.341 5.738 
702 core 7.550 5.226 5.062 
703 core 5.340 5.952 3.877 
704 core 6.555 7.791 5.225 
705 core 6.933 7.749 3.475 
706 core 5.965 7.182 3.396 
707 core 5.601 6.036 5.422 
708 core 5.392 5.357 3.664 
709 core 7.245 7.015 4.248 
710 core 7.014 5.008 5.123 
711 core 5.526 7.112 5.339 
712 core 6.145 6.733 3.665 
713 core 5.284 5.328 5.453 
714 core 7.693 5.750 4.938 
715 core 5.337 6.606 5.858 
716 core 7.971 7.207 4.578 
717 core 7.095 5.698 5.204 
718 core 7.734 5.479 3.445 
719 core 5.637 5.802 4.407 
720 core 5.416 6.664 4.730 
721 core 6.338 7.039 3.461 
722 core 6.709 6.987 5.122 
723 core 6.364 7.477 5.900 
724 core 6.269 5.248 5.246 
725 core 5.762 7.543 5.312 
726 core 7.795 6.663 3.596 
727 core 6.947 5.366 3.497 
728 core 5.846 6.535 3.222 
729 core 5.722 5.466 5.326 
730 core 5.088 6.562 4.001 
731 core 5.573 7.636 4.009 
732 core 5.101 5.967 5.047 
733 core 6.394 5.589 3.123 
734 core 5.366 7.010 5.224 
735 core 5.423 5.832 4.242 
736 core 5.536 5.172 5.212 
737 core 7.053 5.015 3.899 
738 core 5.145 6.708 4.304 
739 core 7.010 6.743 3.846 
740 core 6.221 5.771 4.084 
741 core 6.229 6.235 3.264 
742 core 7.430 7.330 3.962 
743 core 5.159 5.670 5.881 
744 core 7.936 5.690 4.991 
745 core 7.884 7.952 5.192 
746 core 5.336 5.531 5.539 
747 core 7.261 5.105 5.294 
748 core 5.671 7.954 4.114 
749 core 7.161 5.891 4.115 
750 core 6.098 7.934 4.482 
751 core 7.793 6.309 5.344 
752 core 6.004 7.286 4.809 
753 core 6.620 6.484 4.939 
754 core 5.659 6.863 4.934 
755 core 5.896 5.124 5.659 
756 core 5.283 6.243 5.069 
757 core 7.431 6.567 3.373 
758 core 6.927 7.623 4.963 
759 core 6.897 7.323 4.839 
760 core 6.880 7.875 5.975 
761 core 7.145 6.754 3.903 
762 core 7.601 6.361 3.955 
763 core 6.275 5.331 5.841 
764 core 5.792 7.436 3.412 
765 core 5.910 7.323 4.367 
766 core 7.919 7.097 5.380 
767 core 6.830 7.270 5.097 
768 core 7.275 6.799 3.808 
769 core 7.533 7.119 3.890 
770 core 7.318 6.073 4.579 
771 core 7.797 7.047 3.039 
772 core 6.812 6.056 5.645 
773 core 7.697 7.761 4.649 
774 core 5.284 7.651 5.415 
775 core 6.449 6.482 5.694 
776 core 6.630 6.865 3.310 
777 core 5.921 5.086 3.727 
778 core 5.783 5.606 4.750 
779 core 7.047 6.717 4.082 
780 core 5.215 6.450 4.708 
781 core 7.338 7.302 5.929 
782 core 7.290 5.363 3.116 
783 core 5.902 6.178 3.136 
784 core 5.901 6.717 3.712 
785 core 7.656 6.965 4.016 
786 core 6.403 6.884 4.646 
787 core 6.053 5.617 5.157 
788 core 5.685 5.109 4.249 
789 core 5.035 7.477 5.584 
790 core 5.619 7.229 5.694 
791 core 5.198 6.638 3.721 
792 core 5.467 5.904 4.107 
793 core 7.501 5.897 3.624 
794 core 6.253 7.567 3.448 
795 core 5.967 7.816 3.519 
796 core 6.105 6.455 5.971 
797 core 6.613 7.306 5.071 
798 core 5.727 5.453 5.150 
799 core 6.022 7.298 5.258 
800 core 7.615 5.390 3.687 
801 core 7.269 7.422 3.690 
802 core 7.957 6.515 5.385 
803 core 7.483 5.809 3.819 
804 core 5.063 6.019 4.543 
805 core 5.309 5.993 3.652 
806 core 6.198 5.204 3.212 
807 core 6.216 5.601 3.380 
808 core 5.153 6.890 3.302 
809 core 6.406 7.654 4.611 
810 core 7.874 5.648 5.052 
811 core 6.201 5.562 5.199 
812 core 5.425 6.948 3.256 
813 core 6.077 7.361 4.050 
814 core 7.249 7.390 4.228 
815 core 5.665 7.547 5.936 
816 core 7.108 6.762 5.713 
817 core 5.680 7.208 4.413 
818 core 7.458 7.955 4.005 
819 core 5.122 6.779 5.434 
820 core 6.686 6.398 3.803 
821 core 5.424 7.728 5.600 
822 core 6.553 7.198 5.006 
823 core 6.290 5.314 3.787 
824 core 7.225 7.831 3.883 
825 core 7.308 7.558 3.600 
826 core 7.352 5.588 3.189 
827 core 7.086 7.697 4.520 
828 core 7.191 5.243 3.965 
829 core 5.508 5.729 5.637 
830 core 7.797 5.332 4.924 
831 core 5.913 5.475 5.219 
832 core 6.698 6.615 5.480 
833 core 5.327 5.121 4.182 
834 core 5.761 5.980 3.385 
835 core 6.782 5.188 4.482 
836 core 7.822 5.665 4.288 
837 core 6.615 6.723 5.361 
838 core 7.745 7.221 3.083 
839 core 5.510 6.620 3.210 
840 core 5.814 6.016 5.996 
841 core 7.121 6.459 5.181 
842 core 5.781 7.862 4.939 
843 core 5.082 7.889 5.875 
844 core 7.763 7.328 5.604 
845 core 6.374 7.253 3.284 
846 core 7.969 6.350 5.066 
847 core 5.644 7.106 4.589 
848 core 5.029 5.440 5.478 
849 core 7.696 6.137 3.621 
850 core 7.856 5.083 4.671 
851 core 5.428 6.713 4.765 
852 core 6.633 6.003 3.659 
853 core 5.947 5.878 4.531 
854 core 5.751 6.506 4.270 
855 core 7.810 6.531 4.914 
856 core 6.005 5.978 5.560 
857 core 7.438 7.816 4.749 
858 core 7.139 5.725 3.995 
859 core 6.018 6.042 5.129 
860 core 6.681 5.643 5.377 
861 core 6.887 5.925 4.832 
862 core 7.668 7.798 3.075 
863 core 6.877 6.138 3.367 
864 core 7.760 7.258 4.361 
865 core 5.742 7.687 3.319 
866 core 6.738 5.941 4.200 
867 core 6.240 7.505 5.042 
868 core 5.476 5.569 5.397 
869 core 7.775 7.321 5.041 
870 core 6.586 6.274 3.321 
871 core 5.261 6.155 4.468 
872 core 5.371 5.888 5.094 
873 core 5.514 7.590 5.748 
874 core 5.075 7.856 5.485 
875 core 6.718 6.617 3.537 
876 core 7.342 7.399 5.502 
877 core 7.489 7.614 3.991 
878 core 5.669 5.321 4.484 
879 core 7.815 7.369 3.625 
880 core 7.124 7.754 4.959 
881 core 6.874 7.685 5.963 
882 core 6.340 5.113 4.587 
883 core 7.168 7.852 3.852 
884 core 5.135 5.671 3.369 
885 core 5.418 5.676 4.233 
886 core 7.371 6.399 4.833 
887 core 5.542 5.783 3.068 
888 core 5.104 6.982 3.257 
889 core 7.170 5.973 4.060 
890 core 7.571 7.079 5.176 
891 core 6.925 7.186 4.885 
892 core 6.245 7.492 5.445 
893 core 5.382 5.117 4.442 
894 core 5.915 5.290 4.335 
895 core 5.104 7.384 4.195 
896 core 5.456 6.276 3.495 
897 core 5.980 5.631 4.213 
898 core 7.759 5.839 5.758 
899 core 6.671 6.714 5.300 
900 core 6.662 5.739 5.088 
901 core 7.430 5.228 3.372 
902 core 5.420 6.276 4.155 
903 core 5.944 7.550 5.667 
904 core 7.669 7.621 3.161 
905 core 5.028 5.619 5.105 
906 core 7.807 5.665 5.482 
907 core 6.123 5.301 5.294 
908 core 7.481 5.157 4.394 
909 core 5.206 5.179 3.539 
910 core 7.009 7.688 3.879 
911 core 5.938 5.027 4.178 
912 core 6.016 6.877 3.386 
913 core 5.518 6.518 3.560 
914 core 6.176 6.739 5.374 
915 core 7.766 6.541 4.847 
916 core 6.589 7.724 4.489 
917 core 5.013 7.892 5.269 
918 core 5.161 6.739 5.828 
919 core 5.218 6.151 4.974 
920 core 7.985 7.371 4.641 
921 core 6.372 5.134 3.519 
922 core 5.749 6.438 5.379 
923 core 6.060 5.848 4.362 
924 core 5.723 6.096 5.068 
925 core 6.368 7.266 4.500 
926 core 6.455 7.265 3.781 
927 core 5.038 5.472 5.131 
928 core 6.510 7.886 5.558 
929 core 7.451 5.797 4.203 
930 core 5.794 5.429 5.258 
931 core 6.178 5.824 4.483 
932 core 7.102 7.507 4.769 
933 core 5.901 6.252 3.637 
934 core 7.127 5.277 4.050 
935 core 6.767 6.077 5.832 
936 core 6.458 7.276 5.865 
937 core 7.548 5.890 3.906 
938 core 7.759 7.037 3.159 
939 core 7.918 7.959 4.535 
940 core 6.500 6.217 3.574 
941 core 6.537 7.378 3.327 
942 core 7.183 6.491 4.301 
943 core 5.647 6.658 3.599 
944 core 6.053 6.765 4.489 
945 core 7.787 6.622 3.602 
946 core 6.173 7.491 5.899 
947 core 7.259 5.889 4.053 
948 core 6.656 7.476 4.210 
949 core 5.871 6.178 4.918 
950 core 6.504 6.941 3.516 
951 core 5.295 5.392 3.453 
952 core 7.120 5.533 4.568 
953 core 6.888 7.790 3.384 
954 core 7.243 5.634 4.882 
955 core 5.757 6.998 5.808 
956 core 5.662 6.223 5.307 
957 core 5.519 6.988 5.421 
958 core 7.172 7.714 3.795 
959 core 6.501 5.809 3.817 
960 core 5.244 5.726 5.733 
961 core 7.110 7.184 5.600 
962 core 7.050 5.589 4.705 
963 core 6.265 7.453 5.508 
964 core 5.858 5.866 5.373 
965 core 6.122 5.849 3.029 
966 core 7.578 7.026 3.027 
967 core 7.202 6.424 5.897 
968 core 5.963 6.049 4.840 
969 core 5.425 7.413 5.917 
970 core 7.598 5.070 3.255 
971 core 5.098 7.488 3.062 
972 core 5.041 6.912 5.387 
973 core 7.463 6.371 4.053 
974 core 5.899 5.966 5.899 
975 core 5.011 7.809 4.417 
976 core 6.258 7.486 5.691 
977 core 7.915 7.404 3.218 
978 core 7.390 7.886 5.147 
979 core 5.524 6.719 4.517 
980 core 7.876 5.439 3.722 
981 core 6.310 6.578 5.872 
982 core 5.398 5.896 5.973 
983 core 6.880 6.434 3.024 
984 core 7.382 6.520 3.615 
985 core 7.127 6.112 5.334 
986 core 5.556 5.240 4.346 
987 core 7.273 7.821 5.289 
988 core 5.235 7.427 3.292 
989 core 7.364 7.747 5.862 
990 core 6.251 5.512 3.441 
991 core 5.465 6.455 4.691 
992 core 6.130 6.798 4.546 
993 core 6.097 6.803 3.559 
994 core 6.233 7.805 4.906 
995 core 5.462 5.396 5.375 
996 core 7.891 6.407 5.057 
997 core 6.822 6.615 4.852 
998 core 6.154 7.948 4.357 
999 core 7.586 6.294 5.918 
1000 core -2.491 -2.892 -2.465 
1001 core -1.497 -1.053 -2.791 
1002 core -2.382 -1.519 -1.112 
1003 core 2.904 -1.912 -3.070 
1004 noise 3.552 -5.001 -2.702 
1005 core 3.430 -1.096 -2.088 
1006 core -0.285 -1.979 -1.999 
1007 core 3.772 -3.780 -3.538 
1008 core 4.065 -2.382 -2.301 
1009 core -3.701 -2.291 -2.165 
1010 core 3.031 -1.275 -2.403 
1011 core 4.675 -2.691 -2.339 
1012 core -2.942 -2.118 -4.031 
1013 core -0.947 -1.520 -4.047 
1014 core 4.320 -2.598 -3.412 
1015 core -2.208 -2.054 -1.661 
1016 core 4.011 -1.571 -4.330 
1017 core 3.538 -1.579 -1.766 
1018 core 4.128 -0.269 -2.920 
1019 core -2.369 -1.810 -1.018 
1020 core -1.388 -1.571 -1.274 
1021 core 3.856 -1.160 -4.591 
1022 core 2.682 -1.937 -3.165 
1023 core 4.115 -1.582 -2.500 
1024 core 3.372 -0.501 -2.849 
1025 core -0.137 -2.134 -1.943 
1026 core -2.584 -1.776 -3.274 
1027 core 3.155 -2.086 -2.734 
1028 border 6.621 -0.592 -2.790 
1029 core 3.501 -3.317 -3.012 
1030 noise 5.951 -4.273 -2.588 
1031 core 3.026 -2.887 -2.071 
1032 core 2.651 -2.324 -1.616 
1033 core 1.597 -2.224 -2.176 
1034 core -1.542 -0.971 -2.519 
1035 core 4.420 -1.229 -1.271 
1036 core -1.963 -3.568 -1.359 
1037 core -4.496 -2.761 -1.714 
1038 core -3.438 -1.894 -0.943 
1039 core -1.909 -1.247 -0.718 
1040 core 2.878 -2.530 -3.616 
1041 border -2.167 -1.377 -4.647 
1042 core 3.850 -2.301 -3.072 
1043 core 4.332 -1.552 -3.693 
1044 core -1.446 -1.802 -3.092 
1045 core 3.720 -2.310 -4.931 
1046 core 4.032 -3.452 -2.277 
1047 noise -3.161 0.719 -2.708 
1048 core 3.709 -2.450 -4.232 
1049 core 3.403 -1.128 -2.944 
1050 core -3.300 -1.312 -3.095 
1051 core 0.076 -0.327 -1.662 
1052 core -3.025 -1.876 -2.616 
1053 core -2.555 -2.244 -2.793 
1054 core 3.980 -2.311 -4.842 
1055 core -0.700 -2.314 -2.398 
1056 core -3.165 -1.935 -1.889 
1057 core 4.211 -1.834 -3.133 
1058 core -2.299 -2.064 -2.723 
1059 core 5.369 -2.091 -4.055 
1060 core -1.181 -3.481 -2.546 
1061 core 6.325 -1.831 -3.885 
1062 core 5.258 -3.176 -1.154 
1063 core -2.820 -2.349 -2.757 
1064 core 3.701 -1.043 -2.815 
1065 core -1.963 -2.142 -2.696 
1066 core -1.973 -1.804 -1.223 
1067 core 3.276 -1.792 -1.896 
1068 core -1.914 -2.406 -2.916 
1069 core -1.775 -0.231 -2.230 
1070 core -1.734 -3.249 -0.846 
1071 core 4.485 -2.955 -5.395 
1072 core -1.765 -0.492 -2.963 
1073 core 4.237 -3.509 -5.257 
1074 core -1.291 -1.319 -2.759 
1075 core 4.911 -1.416 -4.608 
1076 core 4.621 -3.201 -3.216 
1077 core 3.785 -3.567 -1.979 
1078 core 2.954 -1.693 -3.721 
1079 core 4.577 -0.484 -2.666 
1080 core 4.727 -2.352 -1.013 
1081 core -1.535 -1.364 -2.828 
1082 core -0.714 -0.548 -1.345 
1083 core 5.394 -2.439 -2.697 
1084 core -2.090 -3.112 -2.568 
1085 core 4.346 -2.029 -2.676 
1086 core -2.355 -2.668 -2.382 
1087 core -2.757 -1.022 -2.652 
1088 core 3.617 -0.609 -4.041 
1089 core 3.762 -1.691 -2.839 
1090 core 3.911 -1.980 -3.808 
1091 core -2.245 -2.584 -1.002 
1092 core 4.827 -3.036 -3.291 
1093 core -3.339 -2.207 -2.322 
1094 core 4.757 -0.415 -2.584 
1095 noise -2.257 -4.565 -1.383 
1096 core -2.154 -1.818 -1.976 
1097 core 3.247 -3.238 -1.593 
1098 core 3.770 -2.883 -2.438 
1099 core -1.650 -1.259 -0.278 
1100 core 3.238 -1.940 -3.316 
1101 core 4.247 -2.195 -3.138 
1102 core -2.460 -4.084 -2.500 
1103 core 2.547 -2.467 -2.136 
1104 core 2.816 -1.443 -3.827 
1105 noise 3.856 -5.500 -2.957 
1106 core 2.955 -0.289 -3.581 
1107 core 2.987 -0.836 -3.944 
1108 core -1.176 -3.227 -2.148 
1109 core -0.766 -1.014 -2.614 
1110 core -2.468 -1.516 -1.466 
1111 core -2.230 -2.256 -0.955 
1112 core 3.944 -1.108 -4.234 
1113 core 1.666 -2.647 -3.504 
1114 core 3.972 -3.342 -2.253 
1115 core 3.977 -1.672 -3.938 
1116 core 2.860 -2.385 -2.605 
1117 core -2.034 -1.899 -2.535 
1118 core -2.832 -3.308 -1.619 
1119 core 4.963 -1.904 -2.651 
1120 noise -4.625 -0.309 -4.462 
1121 core -2.215 -3.145 -2.540 
1122 core 3.982 -2.855 -1.356 
1123 core 3.513 -0.711 -3.194 
1124 core 5.809 -1.785 -2.685 
1125 core -2.179 -1.825 -2.432 
1126 core 2.331 -3.079 -3.348 
1127 core 5.331 -2.487 -1.435 
1128 core 5.096 -1.771 -2.890 
1129 core -0.799 -2.111 -2.675 
1130 core -2.350 -1.802 -0.889 
1131 core -2.040 -1.730 -2.972 
1132 core 2.327 -2.176 -2.739 
1133 core -0.496 -0.787 -2.657 
1134 core -1.090 -1.676 -0.310 
1135 core 4.507 -2.596 -3.189 
1136 noise -4.713 -3.526 -4.206 
1137 core -2.256 -1.471 -0.501 
1138 core 5.125 -1.610 -3.780 
1139 core -3.619 -3.570 -2.360 
1140 core 4.343 -2.653 -3.052 
1141 core -1.297 -3.191 -2.771 
1142 core -1.206 -2.964 -0.629 
1143 core 0.865 -2.842 -4.519 
1144 core -1.783 -1.842 -2.431 
1145 core -1.954 -1.971 -3.227 
1146 core -3.256 -2.922 -2.465 
1147 core 4.811 -3.571 -4.007 
1148 core -1.700 -2.074 -0.375 
1149 core 4.721 -3.761 -2.267 
1150 core 4.232 -1.803 -3.221 
1151 core 5.234 -1.818 -3.486 
1152 core -1.533 -1.963 -2.282 
1153 core 4.534 -1.122 -2.949 
1154 core -1.377 -3.375 -2.065 
1155 core -2.211 -2.885 -3.128 
1156 core 5.719 -2.471 -2.522 
1157 core -2.898 -2.297 -3.034 
1158 core 4.367 -1.493 -3.085 
1159 core 5.468 -2.671 -2.093 
1160 core 3.896 -2.238 -3.298 
1161 core 2.924 -1.133 -1.267 
1162 core -1.945 -0.607 -2.045 
1163 core 4.413 -1.070 -5.192 
1164 core -3.373 -0.863 -0.907 
1165 core 4.063 -0.884 -1.722 
1166 core -0.346 -1.645 -1.793 
1167 core 5.245 -2.209 -4.711 
1168 core -1.648 -0.958 -1.316 
1169 core 0.200 -3.269 -4.235 
1170 core -1.725 -0.872 -4.123 
1171 core 4.167 -0.727 -3.653 
1172 core -1.031 -1.753 -0.017 
1173 core -1.659 -2.620 -3.212 
1174 core 4.492 -3.013 -1.624 
1175 core 5.771 -2.393 -4.555 
1176 core -2.870 -0.611 -1.433 
1177 core 2.609 -2.129 -3.035 
1178 core 3.593 -2.332 -3.693 
1179 core 4.235 -1.909 -3.902 
1180 core 3.927 -2.958 -2.784 
1181 core 4.649 -0.485 -3.024 
1182 core 4.230 -3.685 -3.924 
1183 core 3.540 -2.337 -2.184 
1184 core -1.738 -1.532 -2.121 
1185 core 2.313 -2.191 -3.087 
1186 core 4.576 -2.641 -3.516 
1187 core -0.463 -0.579 -1.976 
1188 core -1.323 -2.803 -3.147 
1189 core -3.297 -0.947 -2.114 
1190 core 2.837 -1.254 -2.925 
1191 core -1.375 -1.253 -1.794 
1192 core 3.639 -2.473 -2.857 
1193 core 4.468 -1.611 -1.739 
1194 core 2.721 -1.396 -3.074 
1195 core -1.002 -0.732 -2.973 
1196 core -0.817 -1.785 -2.127 
1197 core 0.252 -2.710 -2.287 
1198 core 0.295 -1.787 -2.601 
1199 core -2.222 -2.748 -0.839 
1200 core 3.965 -2.559 -3.495 
1201 core 4.147 -1.309 -4.137 
1202 core 4.590 -2.447 -3.189 
1203 core -0.042 -1.197 -0.763 
1204 core 3.497 -2.555 -3.684 
1205 core 3.393 -2.514 -3.996 
1206 core -2.551 -0.958 -2.665 
1207 core 2.295 -1.736 -3.071 
1208 core -0.879 -2.568 -4.080 
1209 core -2.226 -1.155 -0.753 
1210 core -1.202 -3.163 -1.062 
1211 core -2.339 -1.498 -2.025 
1212 core -0.972 -3.137 -0.445 
1213 core -0.680 -1.627 -2.725 
1214 core 4.735 -2.317 -2.997 
1215 core 3.644 -2.112 -1.830 
1216 core 3.881 -0.161 -4.559 
1217 core 2.925 -2.569 -3.995 
1218 core -0.114 -1.692 -1.923 
1219 core -1.977 -2.027 -0.780 
1220 core 4.266 -0.788 -3.809 
1221 core 3.871 -2.755 -2.703 
1222 core -3.248 -2.039 -0.761 
1223 core 4.469 -3.137 -2.658 
1224 core 2.510 -2.571 -1.265 
1225 core -0.801 -1.111 -1.674 
1226 core -2.965 -2.397 -0.794 
1227 core 2.578 -2.511 -2.445 
1228 core 2.834 -2.127 -3.472 
1229 core -2.629 -2.462 -0.930 
1230 core 2.530 -1.629 -1.991 
1231 core -1.406 -1.938 -1.914 
1232 core 0.710 -2.631 -1.309 
1233 core -2.293 -1.790 -2.707 
1234 core -1.906 -3.886 -2.943 
1235 core 3.899 -0.184 -2.632 
1236 core 4.545 0.248 -2.067 
1237 core 3.727 -1.926 -2.455 
1238 core -0.113 -2.366 -2.537 
1239 core -2.803 -1.347 -2.071 
1240 core -2.339 -2.483 -2.389 
1241 core -1.338 -2.670 -3.024 
1242 core -1.755 -3.183 -2.066 
1243 core -3.616 -2.684 -2.254 
1244 core -1.517 -2.175 -2.378 
1245 core 3.262 -4.045 -2.141 
1246 core -2.625 -3.736 -2.577 
1247 core -1.021 -1.525 -2.492 
1248 core -2.341 -1.543 -2.229 
1249 core 5.183 -3.359 -2.901 
1250 core -1.639 -2.767 -1.959 
1251 core 2.275 -1.638 -4.185 
1252 core -2.984 -2.062 -3.893 
1253 core 3.617 -2.185 -2.860 
1254 core -1.758 -1.626 -2.072 
1255 core -2.107 -2.181 -3.071 
1256 core -1.928 -2.056 -3.036 
1257 core 3.302 -1.740 -4.725 
1258 core -1.460 -0.381 -1.988 
1259 border 4.046 -3.876 -5.623 
1260 core 2.627 -0.369 -1.608 
1261 core -1.705 -2.871 -0.378 
1262 core 4.077 -1.593 -3.263 
1263 core -3.301 -1.649 -2.113 
1264 core -2.087 -1.222 -2.757 
1265 core 3.519 -1.867 -2.866 
1266 core 3.473 -1.723 -3.552 
1267 core 1.587 -1.224 -1.705 
1268 core -2.029 -2.540 -3.258 
1269 core -0.634 -0.185 -3.041 
1270 core 4.071 -3.294 -2.052 
1271 noise -2.581 1.099 -1.373 
1272 core 4.774 -3.015 -4.452 
1273 core -2.369 -1.966 -0.888 
1274 core -3.752 -2.453 -0.514 
1275 core 3.621 -3.603 -1.249 
1276 core -1.568 -1.297 -2.467 
1277 core 6.095 -1.823 -2.255 
1278 core 6.255 -1.537 -3.973 
1279 core -2.498 -0.294 -2.834 
1280 core 2.530 -1.644 -1.913 
1281 core -1.864 -3.167 -1.400 
1282 border 4.765 0.884 -1.706 
1283 core -1.455 -2.932 -2.256 
1284 border 5.081 -3.363 -0.531 
1285 core 4.404 -3.822 -3.134 
1286 core 4.084 -3.142 -4.206 
1287 core 4.559 -2.922 -3.066 
1288 core 0.193 -3.282 -2.861 
1289 core 3.803 -2.735 -3.088 
1290 core -2.351 -3.074 -0.737 
1291 core 4.295 -2.027 -3.072 
1292 core 2.974 -1.801 -2.928 
1293 core 5.040 -2.836 -3.010 
1294 core -2.427 -2.067 -2.873 
1295 core 4.295 -2.424 -1.481 
1296 core -1.191 -1.293 -2.500 
1297 core 3.427 -3.275 -3.526 
1298 core 4.672 -1.645 -3.292 
1299 core 2.626 -2.811 -4.431 
1300 core 3.364 -0.623 -2.736 
1301 core -2.754 -1.744 -3.040 
1302 core -3.328 -0.645 -0.952 
1303 core -2.978 -2.680 -2.169 
1304 core -0.927 -1.318 -0.728 
1305 core -2.759 -2.637 -2.744 
1306 core -2.634 -1.761 -2.758 
1307 core -1.349 -2.081 -1.489 
1308 core -1.489 -0.992 -1.477 
1309 core 3.028 -1.468 -3.095 
1310 core -2.695 -1.412 -3.478 
1311 core 2.813 0.557 -2.152 
1312 core -2.102 -1.029 -0.453 
1313 core -2.976 -1.279 -1.860 
1314 core 4.048 -1.515 -3.797 
1315 core 0.617 -1.233 -1.245 
1316 core 2.312 -0.351 -3.085 
1317 core 4.195 -1.373 -1.772 
1318 core 4.564 -1.725 -4.774 
1319 core -1.371 -0.668 -1.506 
1320 core 4.383 -0.494 -4.238 
1321 core 4.447 -3.833 -3.972 
1322 core 4.038 -0.104 -3.584 
1323 core 4.920 -2.505 -2.808 
1324 core 3.726 -2.115 -3.230 
1325 core 3.854 -2.883 -3.911 
1326 core -1.224 -1.613 -3.860 
1327 core -0.481 -1.785 -2.703 
1328 core 3.409 -1.895 -3.170 
1329 core -2.582 -0.822 -2.263 
1330 core 5.071 -1.567 -3.418 
1331 core 3.887 -2.243 -3.908 
1332 core -3.192 -2.809 -2.544 
1333 core -1.266 -1.476 -0.632 
1334 core 4.119 -2.659 -3.670 
1335 core 2.893 -3.387 -2.349 
1336 core 0.426 -2.639 -1.541 
1337 core 3.833 -2.771 -1.156 
1338 core -2.427 -1.198 -0.706 
1339 core 3.539 -1.033 -3.254 
1340 core 4.332 -0.884 -1.719 
1341 core 1.602 -0.694 -2.463 
1342 core -1.190 -2.878 -2.510 
1343 core -2.474 -2.115 -1.749 
1344 core 2.795 -2.064 -2.138 
1345 core 4.418 -1.481 -3.628 
1346 core -0.801 -3.235 -3.624 
1347 core 4.843 -3.520 -3.109 
1348 core -0.929 -2.364 -3.053 
1349 core -1.014 0.022 -1.593 
1350 core 3.156 -4.084 -3.700 
1351 core -3.077 -2.501 -1.290 
1352 core -2.398 -3.396 -0.336 
1353 core -1.682 -1.544 -2.749 
1354 core -1.942 -3.298 -3.139 
1355 core -3.508 -2.784 -2.622 
1356 core 4.979 -3.298 -1.466 
1357 core 3.872 -1.156 -2.431 
1358 core -2.021 -3.895 -3.853 
1359 core -0.527 -2.479 -1.049 
1360 core -1.756 -2.601 -1.291 
1361 core 2.001 -3.549 -1.885 
1362 core 3.920 -3.771 -2.174 
1363 core 3.885 -2.013 -2.972 
1364 core -1.663 -1.792 -4.316 
1365 core -1.946 -1.874 -3.076 
1366 core -2.304 -3.553 -2.165 
1367 core -2.681 -1.738 -2.477 
1368 core 4.734 -2.059 -3.812 
1369 core -0.590 -1.139 -3.053 
1370 core 4.650 -0.899 -2.332 
1371 core 4.275 -1.753 -2.517 
1372 core -0.884 -1.127 -2.712 
1373 core -3.723 -1.336 -1.342 
1374 core -0.661 -3.312 -0.374 
1375 core -2.971 -0.798 -3.189 
1376 core -2.774 -3.939 -2.265 
1377 core 5.437 -1.237 -3.384 
1378 core -2.847 -1.691 -2.007 
1379 core -1.410 -1.890 -1.739 
1380 noise -1.153 -1.045 -5.403 
1381 core 3.587 -2.649 -4.202 
1382 core -2.284 -1.822 -1.266 
1383 core -1.372 -1.533 -1.381 
1384 core 5.294 -2.341 -1.166 
1385 core -1.349 -2.321 -2.823 
1386 core -1.989 -0.611 -2.317 
1387 core -2.230 -3.769 -0.698 
1388 core 3.502 -2.579 -2.948 
1389 core 4.744 -2.966 -3.923 
1390 core -2.474 -1.524 -2.086 
1391 core 3.791 -1.568 -2.570 
1392 core 3.995 -2.947 -4.199 
1393 core -1.993 -1.666 -2.437 
1394 core -1.014 -2.911 -3.157 
1395 core 4.961 -3.031 -4.084 
1396 core -1.708 -1.735 -2.182 
1397 core 3.791 -1.674 -3.011 
1398 noise 2.562 -4.586 -4.418 
1399 core -2.674 -1.888 -3.512 
1400 core -2.194 -3.324 -2.243 
1401 core -1.962 -2.089 -1.584 
1402 core 4.728 -2.147 -2.852 
1403 core -1.533 -1.957 -1.290 
1404 core 4.048 -2.597 -3.252 
1405 core 2.814 -2.449 -1.673 
1406 core 2.546 -4.592 -1.352 
1407 border 0.417 0.281 -0.555 
1408 core -0.317 -0.414 -0.898 
1409 core 5.817 -2.076 -2.084 
1410 core 4.126 -1.686 -3.108 
1411 core 4.272 -2.251 -2.496 
1412 core 3.534 -2.079 -3.706 
1413 core 4.653 -1.951 -1.859 
1414 core -1.868 -1.298 -1.640 
1415 core -1.624 -1.052 -2.391 
1416 core 3.350 -2.252 -2.817 
1417 core 3.453 -1.087 -3.309 
1418 core -1.775 -1.604 -1.344 
1419 core 0.005 -3.252 -0.435 
1420 core 4.342 -0.503 -4.198 
1421 core -2.911 -2.061 -1.598 
1422 core -0.736 -2.134 -1.188 
1423 core -0.504 -3.783 -1.223 
1424 core -3.717 -0.309 -1.487 
1425 core 3.430 -1.953 -3.882 
1426 core -3.773 -3.068 -2.618 
1427 core 0.596 -1.982 -0.681 
1428 core -2.253 -2.583 -1.801 
1429 core 3.725 -2.518 -3.136 
1430 core -2.247 -1.462 -2.380 
1431 core -1.576 -2.045 -0.865 
1432 core -1.901 -2.256 -2.472 
1433 core -2.818 -1.403 -3.120 
1434 core 4.991 -2.604 -3.452 
1435 core -1.736 -1.051 -3.569 
1436 core -3.896 -2.038 -2.319 
1437 core 3.920 -3.704 -3.411 
1438 core 3.407 -0.882 -4.205 
1439 core 4.918 -1.707 -3.689 
1440 core 3.794 -2.471 -4.719 
1441 noise 4.707 0.819 -3.424 
1442 core 3.735 -1.210 -1.804 
1443 border -2.923 -3.953 -4.197 
1444 core -0.544 -2.987 -2.850 
1445 core -2.732 -1.464 -2.821 
1446 core 4.435 -0.437 -2.858 
1447 core 3.514 -1.005 -4.931 
1448 core -2.768 -1.485 -3.576 
1449 border -4.672 -1.846 -2.908 
1450 core -3.630 -0.946 -1.786 
1451 core -2.702 -1.462 -1.044 
1452 core 4.735 -4.364 -3.906 
1453 core -2.911 -1.062 -3.850 
1454 core 4.182 -2.157 -3.414 
1455 core 4.520 -0.481 -3.799 
1456 core 3.763 -1.657 -4.912 
1457 core 3.129 -1.733 -4.510 
1458 core -2.824 -1.740 -1.069 
1459 border 6.985 -1.263 -2.764 
1460 core 6.068 -2.385 -3.219 
1461 core 4.780 -1.967 -3.757 
1462 core -2.087 -2.613 -1.997 
1463 core -2.721 -2.910 -1.910 
1464 core 2.637 -1.774 -3.453 
1465 core 4.231 -2.431 -2.635 
1466 core 2.948 -2.637 -2.665 
1467 core 2.668 -0.591 -4.768 
1468 core -3.154 -2.786 -1.988 
1469 core 3.467 -2.300 -3.405 
1470 core -2.313 -1.556 -2.855 
1471 core -3.073 -1.653 -4.202 
1472 core -3.371 -0.753 -2.445 
1473 core -2.842 -2.029 -0.607 
1474 core -2.624 -2.822 -1.121 
1475 core -3.564 -2.065 -2.530 
1476 core -0.715 0.100 -1.813 
1477 core -2.515 -1.900 -1.781 
1478 core -1.878 -2.631 -3.201 
1479 core 4.369 -1.912 -2.352 
1480 core -2.974 -1.859 -1.979 
1481 core -2.615 -0.192 -1.968 
1482 core 3.645 -1.353 -3.352 
1483 core -1.630 -1.041 -0.504 
1484 core 4.492 -1.454 -2.748 
1485 core -0.972 -2.676 -0.773 
1486 core 2.811 -1.891 -2.518 
1487 core 5.018 -1.915 -1.396 
1488 core 3.285 -1.664 -3.589 
1489 core -1.245 -0.201 -1.546 
1490 core 4.836 -1.275 -2.962 
1491 core -1.934 -3.412 -1.017 
1492 core -1.069 -3.250 -2.050 
1493 core -1.075 -1.685 -0.758 
1494 core 3.648 -1.850 -2.963 
1495 core -2.327 -3.134 -2.265 
1496 core 2.714 -2.591 -2.957 
1497 core -2.844 -2.052 -0.669 
1498 core -1.151 -1.721 -1.113 
1499 core -1.966 -1.936 -3.252 
1500 core -0.793 -3.095 -1.194 
1501 core 3.706 -1.371 -4.011 
1502 core 2.549 -1.580 -2.395 
1503 core -1.985 -1.216 -2.722 
1504 core 5.239 -2.210 -2.000 
1505 core -2.475 -2.196 -3.935 
1506 core 3.996 -0.228 -1.974 
1507 core 2.302 -2.025 -4.544 
1508 core 3.254 -2.433 -3.179 
1509 core -1.924 -2.748 -0.142 
1510 core -2.811 -2.789 -2.629 
1511 noise -1.364 -5.416 -2.223 
1512 core -2.806 -1.061 -2.216 
1513 core -0.828 -1.112 -0.797 
1514 core -0.784 -2.873 -2.198 
1515 core -0.581 -2.472 -2.863 
1516 core -1.720 -3.475 -1.814 
1517 core 4.468 -2.898 -2.870 
1518 core -1.785 -1.151 -0.331 
1519 core 5.207 -0.969 -4.318 
1520 core 4.222 -0.024 -2.476 
1521 core -1.023 -0.169 -1.633 
1522 core -1.743 -2.890 -2.050 
1523 core 2.661 -1.315 -2.694 
1524 core -1.163 -2.223 -1.607 
1525 core -1.432 -2.359 -3.213 
1526 core -0.341 -2.257 -0.496 
1527 core 4.668 -2.709 -2.710 
1528 core 4.942 -2.529 -2.990 
1529 core 4.709 -0.823 -1.996 
1530 core 2.742 -0.411 -1.648 
1531 core 4.239 -2.727 -2.087 
1532 core 3.903 -2.247 -4.925 
1533 core 3.471 -1.797 -3.547 
1534 core 4.335 -0.673 -5.042 
1535 core -0.866 -2.768 -2.222 
1536 core -1.799 0.071 -0.647 
1537 border -2.553 -1.005 0.733 
1538 core -1.746 -1.870 -1.268 
1539 core -1.613 -1.343 -2.941 
1540 core 2.659 -2.128 -1.902 
1541 core -2.794 -1.577 -2.354 
1542 core 5.071 -1.725 -3.930 
1543 core -2.361 -2.444 -0.054 
1544 core 2.132 -2.783 -0.818 
1545 core -1.954 -2.008 -0.091 
1546 core 5.354 -2.217 -3.654 
1547 core 0.021 0.093 -2.192 
1548 core 5.034 -2.482 -2.394 
1549 core 4.215 -2.673 -2.214 
1550 core -1.307 -0.242 -1.706 
1551 core 2.854 -2.668 -4.163 
1552 core -1.387 -1.874 -1.526 
1553 core 4.473 -1.550 -2.682 
1554 core 3.774 -2.207 -1.599 
1555 core -2.842 -3.168 -3.480 
1556 core 4.253 -2.662 -2.510 
1557 core -1.236 -2.204 -3.436 
1558 core -4.207 -2.998 -0.840 
1559 core -1.239 -1.398 -0.695 
1560 core -3.549 -1.861 -2.433 
1561 core 4.694 -2.264 -4.007 
1562 core -2.148 -2.856 -1.826 
1563 core 3.329 -1.441 -3.966 
1564 core 3.753 -3.568 -3.239 
1565 core -3.289 -2.137 0.246 
1566 core -0.517 -1.910 -1.591 
1567 core 3.881 -3.566 -3.250 
1568 core -2.214 -1.418 -1.835 
1569 core -1.412 -1.656 -4.000 
1570 border -2.602 0.941 -1.399 
1571 core -4.005 -2.499 -1.675 
1572 core -1.995 -1.448 -1.955 
1573 core 2.781 -1.857 -3.639 
1574 border -1.556 -0.234 -0.166 
1575 core 4.643 -2.186 -3.126 
1576 core -0.640 -1.156 -3.064 
1577 core -4.429 -2.199 -1.501 
1578 core 4.450 -0.496 -2.231 
1579 core -1.386 -2.692 -3.451 
1580 core 3.799 -3.460 -3.890 
1581 border -2.734 -4.691 -1.771 
1582 core 4.464 -2.698 -1.803 
1583 core 3.523 -4.374 -3.804 
1584 core 4.211 -2.212 -2.580 
1585 core 4.381 -3.998 -2.937 
1586 core 0.080 -2.508 -1.729 
1587 core 1.629 -2.571 -1.890 
1588 border -4.466 -1.392 -1.406 
1589 core 5.989 -1.331 -2.812 
1590 core 3.030 -0.144 -3.638 
1591 core 5.202 -2.197 -3.285 
1592 core 4.439 -2.902 -2.643 
1593 core -3.275 -0.958 -1.863 
1594 noise -1.385 -2.703 1.345 
1595 core -2.521 -1.187 -2.940 
1596 core -3.276 -1.296 -1.318 
1597 core 5.059 -2.772 -4.158 
1598 core 2.633 0.088 -0.940 
1599 core -3.455 -3.622 -1.050 
1600 core 1.071 0.052 -1.971 
1601 core -1.436 -1.179 -0.710 
1602 core 4.082 -0.331 -4.092 
1603 core 2.701 -1.573 -3.368 
1604 border -4.310 -0.192 -2.113 
1605 core 3.967 -1.579 -2.322 
1606 core -2.471 -0.545 -3.896 
1607 core 1.839 -2.301 -3.777 
1608 core 4.491 -3.676 -3.946 
1609 core -3.640 -0.989 -2.367 
1610 core 5.323 -1.846 -2.698 
1611 core -3.087 -1.579 -3.909 
1612 border -1.525 -1.647 0.819 
1613 core -1.877 -2.055 -1.354 
1614 core -3.232 -2.580 -0.114 
1615 core 2.133 -1.707 -3.431 
1616 noise 5.378 -4.221 -1.627 
1617 core -2.742 -1.739 -3.174 
1618 noise -1.083 -2.763 -5.120 
1619 core -1.222 -2.630 -1.760 
1620 core 4.652 -2.654 -2.525 
1621 core -2.868 -1.254 -1.786 
1622 core -1.407 -1.605 -2.823 
1623 core 4.480 -2.532 -4.147 
1624 core -1.230 -2.070 -2.092 
1625 core 4.336 -1.966 -1.997 
1626 core -2.979 -2.427 -0.819 
1627 core 5.637 -2.705 -2.474 
1628 core 2.887 -1.548 -3.326 
1629 core -2.234 -2.934 -1.808 
1630 noise 2.446 -4.148 -5.213 
1631 border -0.279 -2.476 0.421 
1632 core -2.544 -2.589 -1.823 
1633 core 4.435 -0.359 -3.033 
1634 core 3.817 -3.687 -5.086 
1635 border -3.726 -3.996 -3.402 
1636 core 1.483 -3.142 -4.291 
1637 core 3.656 -3.311 -3.208 
1638 core -3.071 -2.343 -0.825 
1639 core -2.181 -1.942 -2.669 
1640 core -2.407 -2.065 -2.944 
1641 core 3.050 -0.494 -2.560 
1642 core -3.271 -0.319 -2.779 
1643 core 4.824 -1.300 -3.632 
1644 border -4.231 -0.452 -1.074 
1645 core 4.394 -2.390 -3.844 
1646 core 4.438 -1.352 -4.118 
1647 noise -0.511 -3.696 0.663 
1648 core 3.729 -2.469 -3.698 
1649 core -2.865 -1.491 -3.167 
1650 core 5.163 -2.869 -1.919 
1651 noise -2.045 -2.507 0.976 
1652 core -3.782 -2.424 -2.609 
1653 core -0.720 -2.100 -1.500 
1654 core -2.777 -2.835 -1.423 
1655 core 4.452 -1.853 -2.886 
1656 border -4.740 -2.174 -1.552 
1657 core -3.635 -2.004 -1.401 
1658 core -1.740 -1.347 -0.917 
1659 core 3.975 -2.150 -4.204 
1660 core -0.772 -0.834 -1.058 
1661 core -1.229 -0.264 -1.336 
1662 core 2.966 -0.321 -2.202 
1663 core 2.150 -2.136 -4.953 
1664 core -3.000 -2.187 -1.569 
1665 core -1.524 -3.362 -1.914 
1666 core -2.306 -0.536 -2.951 
1667 core -1.183 -1.323 -1.831 
1668 core 4.129 -1.367 -2.163 
1669 core 4.341 -2.033 -4.760 
1670 core 4.333 -2.807 -2.001 
1671 core -2.377 0.125 -1.588 
1672 core 4.281 -1.460 -3.364 
1673 core -2.619 -0.118 -0.837 
1674 core 3.969 -0.677 -2.724 
1675 core -2.017 -0.561 -0.084 
1676 core 5.071 -2.605 -5.140 
1677 core 4.146 -2.084 -1.474 
1678 core 1.976 -0.453 -3.477 
1679 core 4.537 -1.977 -4.051 
1680 noise -4.384 -4.049 -3.116 
1681 core -1.440 -2.246 -3.050 
1682 core 3.240 -1.417 -2.451 
1683 core 2.910 -1.386 -2.376 
1684 core -4.148 -2.052 -0.429 
1685 core 3.576 -2.171 -1.186 
1686 core -3.508 -2.002 -0.873 
1687 core 3.238 -2.651 -2.759 
1688 core -2.361 -1.419 -2.031 
1689 core -2.802 -0.626 -0.537 
1690 core -3.337 -1.011 -1.740 
1691 core -1.982 -1.984 -3.704 
1692 core 2.051 -3.443 -3.509 
1693 core -0.346 -3.604 -2.153 
1694 core -2.412 -2.777 -2.005 
1695 border 6.061 -3.038 -3.562 
1696 core -1.876 -3.894 -2.517 
1697 core -3.114 -2.251 -2.395 
1698 core 2.391 -1.178 -3.336 
1699 core -2.693 -2.121 -0.087 
1700 core -3.226 -1.866 -0.636 
1701 core -2.385 -1.446 -3.133 
1702 core 2.710 -2.894 -2.601 
1703 core 5.210 -2.421 -2.786 
1704 core -2.500 -2.836 -2.649 
1705 core 3.641 -1.318 -0.935 
1706 core 2.780 -3.758 -3.778 
1707 core 5.467 -2.358 -2.410 
1708 core -3.597 -3.453 -1.334 
1709 core 2.781 -1.690 -1.741 
1710 core 5.214 -2.573 -2.445 
1711 border 6.955 -1.649 -2.992 
1712 core 4.874 -2.179 -0.759 
1713 core 2.240 -2.202 -1.375 
1714 core 5.900 -0.641 -2.991 
1715 core 4.066 -1.681 -3.401 
1716 core -2.317 -3.255 -2.998 
1717 core 2.985 -0.217 -1.298 
1718 core 3.127 -2.548 -2.760 
1719 core -1.983 -2.595 -1.834 
1720 core -1.875 -1.173 -3.203 
1721 core 4.434 -3.434 -5.305 
1722 core -1.542 -1.560 -2.872 
1723 core -0.567 -2.110 -0.961 
1724 core -0.283 -2.009 -2.007 
1725 core 5.621 -2.113 -3.615 
1726 core -2.421 -1.929 -2.529 
1727 core -3.045 -1.693 -2.153 
1728 core 4.266 -3.013 -4.272 
1729 core -2.527 -2.642 -0.445 
1730 core 1.370 -1.821 -2.984 
1731 core 3.193 -3.026 -3.885 
1732 core 3.798 -2.156 -2.289 
1733 core 4.778 -1.553 -2.460 
1734 core -1.803 -2.817 -0.963 
1735 core -2.371 -1.181 -1.534 
1736 core 2.530 -2.110 -1.074 
1737 core 2.623 -2.142 -2.776 
1738 core 3.747 -3.328 -1.665 
1739 core 3.851 -0.984 -4.098 
1740 core 3.994 -1.929 -2.372 
1741 core -0.933 -3.224 -3.097 
1742 core 2.775 -2.081 -2.908 
1743 core -2.129 -2.880 -1.567 
1744 core -2.146 -0.513 -2.474 
1745 core -1.871 -1.535 -2.049 
1746 core -2.573 -1.436 -2.118 
1747 core -2.334 -2.849 -1.283 
1748 core -2.856 -1.375 -2.659 
1749 core 5.604 -0.670 -3.308 
1750 core -3.595 -0.920 -2.038 
1751 core 4.057 -2.983 -4.654 
1752 core -2.054 -1.894 -3.824 
1753 core 2.201 -1.622 -3.844 
1754 core -1.709 -3.232 -2.840 
1755 core -2.818 -1.484 -0.227 
1756 core 2.431 -2.788 -2.579 
1757 core 5.965 -0.923 -3.917 
1758 core 4.243 -2.699 -1.517 
1759 core 4.501 -3.366 -1.973 
1760 core 3.632 -2.944 -1.879 
1761 core 4.377 -2.179 -1.036 
1762 core -3.182 -2.983 -3.474 
1763 core -3.496 -3.368 -0.719 
1764 core 4.706 -0.929 -3.408 
1765 core 4.801 -1.047 -4.159 
1766 border 3.655 -2.543 -5.834 
1767 core -2.592 -0.650 -3.444 
1768 core -0.886 -2.390 -2.613 
1769 core -1.042 -0.874 -3.761 
1770 core 4.021 -2.040 -2.677 
1771 core 3.295 -1.585 -2.124 
1772 core 4.496 -2.012 -1.964 
1773 core -1.768 -1.527 -2.401 
1774 core -3.191 -3.800 -3.353 
1775 core -1.700 -0.637 -2.570 
1776 core 2.896 -1.845 -2.233 
1777 core 4.916 -1.468 -3.322 
1778 core 4.704 -3.787 -3.960 
1779 core 3.273 -1.657 -1.900 
1780 core -2.736 -2.052 -2.493 
1781 core 3.218 -2.594 -2.631 
1782 core -1.907 0.225 -2.338 
1783 core 6.179 -1.885 -3.571 
1784 core 4.408 -3.903 -2.587 
1785 core -2.557 -2.311 -1.881 
1786 core 5.290 -3.171 -3.946 
1787 border -3.859 -0.951 -3.833 
1788 core 4.900 -2.181 -4.016 
1789 core 3.828 -2.469 -3.422 
1790 core 3.120 -1.769 -4.695 
1791 core 3.683 -1.940 -2.722 
1792 core 3.360 -3.271 -3.278 
1793 core 3.522 -3.342 -3.756 
1794 core 3.459 -2.853 -3.764 
1795 core 4.924 -2.031 -4.535 
1796 core 3.679 -2.075 -3.881 
1797 core 2.781 -1.084 -2.766 
1798 core -3.040 -3.309 -2.580 
1799 core 3.510 -1.799 -2.247 
1800 core 3.021 -0.718 -4.102 
1801 core -3.375 -2.340 -3.746 
1802 core -2.137 -2.925 -1.710 
1803 core -1.544 -2.975 -3.500 
1804 core 2.349 -2.608 -2.013 
1805 core 3.303 -1.829 -2.030 
1806 core 5.310 -1.784 -3.314 
1807 core -1.435 -1.849 0.212 
1808 core 5.404 -1.294 -2.736 
1809 core -2.387 -3.221 -2.167 
1810 core -3.734 -3.058 -1.443 
1811 core -2.084 -0.093 -1.568 
1812 core -3.140 -1.078 -3.838 
1813 core 2.765 -2.289 -2.632 
1814 core 5.412 -2.139 -2.266 
1815 core -2.178 -3.006 -3.817 
1816 core 3.655 -2.124 -4.502 
1817 core -2.209 -1.524 -1.239 
1818 core 4.280 -2.128 -3.140 
1819 core -1.320 -3.666 -2.653 
1820 core -2.796 -2.301 -1.388 
1821 core -3.707 -2.482 -1.431 
1822 core -2.860 -2.469 -2.984 
1823 core 3.183 -0.721 -1.302 
1824 core -1.544 -1.552 0.020 
1825 core -1.644 -2.581 -1.430 
1826 core -1.901 -3.314 -3.258 
1827 core 0.045 -1.465 -1.412 
1828 core 4.075 -1.038 -4.519 
1829 core -1.103 -3.784 -1.416 
1830 core 3.742 -1.600 -2.469 
1831 core 4.578 -3.408 -2.871 
1832 core -1.995 -1.734 -2.636 
1833 core -1.328 -2.849 -2.828 
1834 core -1.614 -2.118 -1.285 
1835 core -2.691 -1.963 -3.244 
1836 core 3.580 -2.026 -2.971 
1837 core 5.371 -2.265 -3.137 
1838 core 4.130 -0.622 -4.471 
1839 core -2.696 -1.917 -1.230 
1840 core -1.623 -1.687 -3.189 
1841 core -1.802 -3.654 -2.809 
1842 core -1.747 -1.403 -0.303 
1843 core 2.509 -2.901 -4.675 
1844 core 5.317 -1.614 -2.411 
1845 core 3.981 -3.728 -1.983 
1846 core -1.236 -1.341 -3.792 
1847 core 2.755 -1.822 -2.385 
1848 core -3.213 -1.002 -2.172 
1849 core 3.528 -2.111 -3.764 
1850 core -0.727 -2.315 -2.091 
1851 core -3.493 -2.457 -2.250 
1852 core 2.797 -0.993 -3.033 
1853 core 4.280 -0.635 -2.215 
1854 core -3.979 -3.194 -1.498 
1855 core -2.838 -2.045 -2.196 
1856 core 4.274 -1.940 -3.226 
1857 core -1.063 -0.862 -1.048 
1858 core 0.049 -3.701 -1.641 
1859 core -1.001 -2.322 -0.847 
1860 border 3.167 -4.892 -3.901 
1861 core 2.729 -3.574 -1.886 
1862 core 3.185 -0.878 -2.912 
1863 core -3.854 -2.378 -2.174 
1864 core -2.740 -0.746 -1.906 
1865 core -2.489 -1.051 -0.128 
1866 core -0.926 -1.358 -0.300 
1867 core 0.129 -2.861 -4.146 
1868 border 3.888 0.610 -3.388 
1869 core -1.804 -2.331 -3.455 
1870 core -2.781 -0.783 -2.846 
1871 core 4.326 -1.242 -2.527 
1872 core 2.460 -3.689 -2.806 
1873 core 4.482 -3.349 -3.490 
1874 core -1.842 -2.187 -2.785 
1875 core 5.520 -1.452 -2.367 
1876 core 3.415 -2.228 -3.632 
1877 core -2.241 -1.754 -1.847 
1878 core 2.552 -0.841 -4.012 
1879 core -1.636 -1.562 -0.797 
1880 core 4.638 -2.752 -0.910 
1881 core -1.716 -1.661 -2.771 
1882 core 5.734 -2.642 -3.037 
1883 core -1.756 -2.782 -1.728 
1884 core 4.746 -1.143 -2.460 
1885 core 2.256 -3.318 -2.449 
1886 noise 3.551 -5.203 -2.680 
1887 core -1.817 -3.261 -1.359 
1888 core -1.631 -1.999 -3.320 
1889 core 2.716 -2.038 -3.298 
1890 core -2.372 -2.019 -3.530 
1891 core 3.816 -2.018 -4.982 
1892 core -1.567 -2.608 -1.333 
1893 core -1.423 -1.541 -2.068 
1894 core 3.999 -2.694 -1.956 
1895 core 3.831 -0.382 -2.892 
1896 core 3.544 -3.587 -4.184 
1897 core 4.078 -1.285 -2.863 
1898 core -1.459 -4.209 -2.108 
1899 border 1.713 -2.626 -5.607 
1900 core 4.046 -1.615 -2.521 
1901 core 2.772 -1.680 -3.479 
1902 core 4.077 -2.732 -2.903 
1903 core 5.009 -1.462 -1.732 
1904 noise 5.724 -1.472 -5.689 
1905 core 4.662 -2.983 -2.838 
1906 core -3.515 -2.788 -3.455 
1907 core 2.448 -1.758 -4.028 
1908 core 4.140 -2.958 -4.727 
1909 core 4.921 -3.468 -2.608 
1910 core -1.732 -1.014 -2.468 
1911 core -1.007 -2.661 -2.021 
1912 core -2.844 -1.349 -0.619 
1913 core 3.836 -3.241 -2.070 
1914 core 4.768 -3.518 -3.169 
1915 core 5.902 -1.768 -2.853 
1916 core -1.732 -1.543 -0.767 
1917 core -3.243 -1.906 -2.449 
1918 core -1.589 -2.317 -1.235 
1919 core 3.729 -3.174 -3.075 
1920 core -0.109 -3.335 -0.498 
1921 noise -1.205 -1.396 1.361 
1922 core -2.549 -1.093 -0.121 
1923 noise 6.541 -3.811 -4.611 
1924 core -2.955 -2.116 0.431 
1925 core 4.230 -2.260 -2.692 
1926 core -2.674 -0.643 -3.267 
1927 core -2.591 -1.620 -0.150 
1928 core 5.193 -1.166 -3.388 
1929 core -2.634 -3.007 -2.779 
1930 core -1.090 -1.511 -2.382 
1931 core -2.730 -1.492 -2.290 
1932 core 4.418 -2.320 -2.421 
1933 core 4.360 -0.026 -4.054 
1934 core 3.893 -3.054 -3.384 
1935 core 3.816 -2.299 -3.292 
1936 core -1.707 -3.318 -1.587 
1937 core 5.634 -2.559 -2.913 
1938 core 4.529 -2.370 -4.845 
1939 core 4.343 -1.050 -4.091 
1940 core -0.450 -1.006 -2.800 
1941 noise -2.072 1.773 -2.436 
1942 noise 7.039 -1.082 -2.961 
1943 core 3.814 -2.363 -2.872 
1944 border 3.133 0.707 -2.466 
1945 core -3.671 -2.599 -2.210 
1946 border 6.665 -2.679 -2.411 
1947 core 4.586 -2.029 -3.883 
1948 core 4.965 -1.284 -4.045 
1949 core 5.006 -2.032 -1.825 
1950 core -2.851 -0.986 -1.431 
1951 core -2.119 -2.814 -2.233 
1952 core -0.404 -1.055 -0.931 
1953 core 3.337 -2.213 -1.663 
1954 core 4.780 -2.580 -2.997 
1955 core -1.346 -2.359 -0.913 
1956 core -1.285 -3.408 -2.458 
1957 core -3.464 -1.483 -2.001 
1958 core -1.450 -1.487 -1.726 
1959 core -1.811 -1.513 -1.759 
1960 core 4.432 -3.000 -4.188 
1961 core -2.969 -2.181 -1.734 
1962 core 5.358 -1.655 -4.268 
1963 core -2.191 -0.629 -2.859 
1964 core -2.074 -2.943 -3.218 
1965 core 3.474 -2.508 -4.347 
1966 core 5.073 -2.803 -2.039 
1967 core -2.467 -3.141 -3.339 
1968 core 4.424 -0.139 -2.742 
1969 core -1.527 -2.966 -1.027 
1970 core -2.455 -2.772 -2.387 
1971 border -3.324 -4.286 -1.507 
1972 core 5.009 -0.463 -4.205 
1973 core -2.688 -1.587 -2.015 
1974 core 2.678 -3.191 -3.449 
1975 core 4.173 -0.830 -1.256 
1976 core -2.614 -1.257 -2.779 
1977 core 4.278 -3.259 -3.044 
1978 core -2.527 -1.640 -3.844 
1979 core -2.117 -1.868 -2.462 
1980 core 0.441 -1.711 -1.928 
1981 core -0.781 -1.809 -1.292 
1982 core 4.874 -2.336 -1.591 
1983 core 4.836 -0.273 -3.346 
1984 core 4.746 -2.551 -2.258 
1985 core 4.324 -2.159 -1.014 
1986 core -1.198 -2.713 -1.059 
1987 core 3.047 -3.026 -3.636 
1988 core 5.760 -2.569 -1.679 
1989 core 3.395 -2.389 -2.136 
1990 core 2.402 -2.987 -3.351 
1991 core -1.224 -1.606 -0.988 
1992 core -1.829 -1.394 -1.240 
1993 core 1.806 -1.319 -3.326 
1994 core 3.920 -2.874 -3.377 
1995 core 4.407 -2.958 -2.659 
1996 core 0.082 -2.169 -2.201 
1997 core 3.920 -1.289 -3.059 
1998 core 5.476 -1.652 -2.214 
1999 core 3.107 -2.123 0.116 
2000 core 2.053 -2.047 -2.162 
2001 core 1.029 -2.073 -1.869 
2002 core 3.236 -0.795 -2.428 
2003 core 2.472 -0.271 -1.964 
2004 core 1.884 -2.954 -0.950 
2005 core 1.640 -1.800 -1.227 
2006 core 1.975 -1.020 -2.560 
2007 core 0.822 -2.751 -2.011 
2008 core 0.691 -1.415 0.108 
2009 core 2.398 -3.008 -1.783 
2010 core 2.142 -1.756 -2.930 
2011 border 2.994 -3.813 0.113 
2012 core 1.073 -0.959 -2.239 
2013 core 2.294 -0.950 -0.135 
2014 core 3.580 -2.165 -1.032 
2015 core 3.449 -2.286 -2.486 
2016 core 1.921 -2.968 -3.309 
2017 core 1.319 -0.436 -3.619 
2018 core 1.975 -1.302 -2.576 
2019 core 2.839 -1.221 -2.264 
2020 core 0.776 -3.451 -2.943 
2021 core 3.623 -1.730 -1.706 
2022 core 3.168 -1.693 0.763 
2023 core 0.312 -1.744 -2.075 
2024 core 2.237 -1.952 -3.526 
2025 core 1.232 -1.693 -2.080 
2026 core 3.049 -3.378 -1.280 
2027 core 0.203 -2.208 -1.291 
2028 core 1.445 -2.861 -0.381 
2029 core 0.687 -1.951 -2.222 
2030 core 2.788 -1.125 -1.609 
2031 core 2.925 -0.137 -2.970 
2032 core 2.890 -2.493 -2.499 
2033 core 2.686 -1.243 -1.989 
2034 core 2.240 -2.224 -0.517 
2035 core 1.766 -1.282 -1.639 
2036 core 2.375 -1.603 -2.072 
2037 core 2.098 -1.621 -2.865 
2038 core 2.083 -1.786 -2.390 
2039 core 1.742 -3.103 -2.026 
2040 core -0.517 -1.063 -0.956 
2041 core 3.041 -1.231 -2.066 
2042 core 2.972 -3.017 -2.333 
2043 core 0.949 -3.056 -1.899 
2044 core 0.899 -2.581 -0.545 
2045 core 3.272 -1.538 -1.240 
2046 core 2.577 -2.549 -2.180 
2047 core 1.439 -4.369 -3.170 
2048 core 1.548 -1.497 -2.915 
2049 core 2.030 -1.752 -2.967 
2050 core 2.448 -1.481 -1.567 
2051 core 2.782 -1.364 -2.714 
2052 core 3.528 -2.769 -3.344 
2053 core 0.758 -2.023 -3.500 
2054 core -0.050 -2.038 -1.866 
2055 core 3.105 -2.536 -2.965 
2056 core 0.876 -3.283 -3.582 
2057 core 1.195 -2.675 -0.202 
2058 core 2.396 -1.735 -3.989 
2059 core 3.380 -1.360 -0.096 
2060 core 1.491 -2.367 -1.097 
2061 core 1.439 0.216 -3.636 
2062 core 2.051 -3.608 -1.409 
2063 core 2.120 -3.089 -1.388 
2064 core 1.181 -2.373 -2.553 
2065 core 1.039 0.109 -1.288 
2066 core 2.959 -0.216 -2.218 
2067 core 2.112 -1.604 -2.317 
2068 core 1.747 -0.471 -2.846 
2069 core 1.278 -1.981 -1.494 
2070 core 3.049 -0.427 -1.112 
2071 core 3.104 -3.124 -2.885 
2072 core 2.229 -1.159 -1.943 
2073 core 2.933 -1.769 -1.404 
2074 core 2.697 -2.967 -1.442 
2075 core 2.418 -1.010 -2.287 
2076 core 1.521 -0.601 -2.924 
2077 core 1.236 -1.883 -1.989 
2078 core 2.079 -1.712 -3.993 
2079 core 0.883 -1.579 -2.383 
2080 core 0.696 -2.914 -2.984 
2081 core 2.882 -0.449 -2.910 
2082 core 1.245 -1.979 -3.364 
2083 core 3.350 -2.098 -1.626 
2084 core 2.238 -1.284 -3.660 
2085 core 3.604 -0.647 -1.983 
2086 core 1.940 -1.574 -2.576 
2087 core 1.535 -3.473 -2.702 
2088 core 3.334 -2.716 -0.834 
2089 core 2.095 -0.319 -2.037 
2090 core 1.591 -3.044 -0.878 
2091 border 1.155 0.952 -0.896 
2092 core 0.927 -3.402 -4.227 
2093 core 3.323 -2.512 -2.587 
2094 core 2.919 -0.069 -1.430 
2095 core 1.018 -1.318 -0.930 
2096 core 2.221 -2.862 -0.943 
2097 core 1.699 -3.088 -1.624 
2098 core 0.420 -1.690 -3.316 
2099 core 1.988 -1.567 -2.915 
2100 core 2.064 -3.203 -4.112 
2101 core 2.103 -3.163 -3.189 
2102 core 0.574 -0.807 -2.030 
2103 core 1.114 -1.743 -1.997 
2104 core 0.754 -3.986 -1.233 
2105 core 0.190 -2.951 -2.208 
2106 noise 1.933 -5.959 -1.059 
2107 core 1.677 -1.401 -3.694 
2108 core 0.748 -3.245 -2.301 
2109 core 0.711 -1.089 -1.431 
2110 core 1.088 -1.667 -1.473 
2111 core 0.720 -1.501 -1.268 
2112 core 2.822 -0.915 -1.178 
2113 core 0.891 -0.351 -1.473 
2114 core 2.006 -2.134 -3.189 
2115 core 2.016 -2.106 -1.617 
2116 core 1.407 -1.361 -1.757 
2117 core 0.824 -0.441 -0.506 
2118 core 2.911 -3.222 -3.100 
2119 core 1.744 -1.686 -1.422 
2120 core 2.556 -2.637 -1.621 
2121 core 2.587 -3.676 -1.656 
2122 core 2.377 -2.701 -2.204 
2123 border 0.338 -4.256 -0.472 
2124 core 1.271 -3.025 -1.518 
2125 core 0.552 -2.591 -2.102 
2126 core 2.623 -2.028 -0.437 
2127 core 3.013 -1.559 -3.542 
2128 core 2.866 -0.887 -2.107 
2129 core 2.168 -1.629 -1.428 
2130 core 1.436 -3.790 -0.987 
2131 core 3.024 -2.256 -2.716 
2132 core 4.921 -2.155 -2.064 
2133 core 0.847 -2.737 -2.262 
2134 core 2.398 -2.495 -2.492 
2135 core 3.679 -2.457 -0.835 
2136 core 1.268 -2.817 -1.178 
2137 core 1.825 -3.653 -1.239 
2138 core 2.748 -1.463 -0.578 
2139 core 2.750 -2.627 -3.514 
2140 core 1.711 -1.703 -2.268 
2141 core 3.020 -2.614 -3.640 
2142 core 1.232 -1.521 -2.877 
2143 core 2.976 -2.382 -2.631 
2144 core 0.746 -3.585 -2.287 
2145 core 3.013 -1.612 -3.841 
2146 core 3.093 -1.336 -0.712 
2147 core 0.009 -2.748 -2.508 
2148 core 4.026 -1.948 -4.370 
2149 core 1.576 -0.970 -1.032 
2150 core 3.451 -2.534 -2.516 
2151 core 2.624 -1.468 -2.238 
2152 core 1.160 -2.404 -1.677 
2153 core 2.533 -1.444 -2.195 
2154 core 2.094 -2.265 -3.093 
2155 core 0.423 -2.245 -1.093 
2156 core 1.927 -2.232 -1.901 
2157 core 0.789 -2.271 -2.377 
2158 core 0.495 -2.565 -1.523 
2159 core 2.882 -0.794 -1.281 
2160 core 2.661 -2.406 -1.494 
2161 core 1.549 -1.872 -3.052 
2162 core 2.985 -3.175 -2.139 
2163 core 1.384 -2.200 -4.008 
2164 core 3.328 -3.749 -1.407 
2165 core 2.441 -2.065 -1.981 
2166 core 1.478 -1.269 -4.088 
2167 core 1.358 -4.018 -2.518 
2168 core 3.167 -2.975 -1.223 
2169 core 3.157 -0.729 -3.189 
2170 core 0.094 -3.026 -2.777 
2171 core 3.669 -3.230 -1.026 
2172 core -0.201 -4.226 -2.039 
2173 core 0.289 -0.639 -1.170 
2174 core 1.319 -3.652 -2.105 
2175 core 2.094 -2.784 -3.408 
2176 core 2.938 -1.543 -2.303 
2177 core 3.558 -1.824 -2.547 
2178 core 2.149 -2.336 -1.699 
2179 core 2.122 -0.702 -0.750 
2180 core 2.221 -3.071 -1.442 
2181 core 2.390 -3.586 -2.581 
2182 core 2.451 -0.673 -2.659 
2183 core 2.535 -3.236 -1.196 
2184 core 1.620 0.468 -1.754 
2185 core 1.494 -1.629 -2.530 
2186 core 2.322 -1.896 -3.768 
2187 core 0.761 -3.561 -3.173 
2188 core 1.530 -1.205 -0.460 
2189 core 2.638 -1.966 -1.208 
2190 core 1.379 -1.199 -0.856 
2191 core 1.668 -3.028 -3.623 
2192 core 4.143 -2.354 -2.184 
2193 core 2.528 -1.852 -2.411 
2194 core 2.813 -1.902 -2.300 
2195 core 0.860 -1.427 -2.640 
2196 core 1.687 -0.197 -4.373 
2197 core 3.372 -0.897 -1.453 
2198 core 3.709 -2.870 -1.938 
2199 core 3.883 -4.018 -1.964 
2200 core 3.445 -0.132 -1.970 
2201 core 2.873 -2.170 -1.207 
2202 core 3.071 -2.468 -1.031 
2203 core 1.768 -1.939 -2.203 
2204 core 3.119 -1.781 0.013 
2205 core 2.948 -2.776 -2.500 
2206 core 1.187 -2.970 -3.657 
2207 core 3.813 -2.163 0.186 
2208 core 1.701 -3.564 -3.864 
2209 core 0.830 -1.853 -4.419 
2210 core 3.189 -1.697 -2.445 
2211 core 0.705 -1.673 -2.655 
2212 core 0.888 -2.945 -1.572 
2213 core 1.611 -1.428 -1.657 
2214 core 0.633 -2.097 -1.634 
2215 core 1.551 -2.987 -1.952 
2216 core 1.851 -1.879 -1.775 
2217 core 0.676 -1.337 -2.995 
2218 core 0.538 -1.134 -1.525 
2219 core 3.991 -1.628 -0.961 
2220 core 2.731 -0.426 -1.841 
2221 core 2.279 0.098 -3.409 
2222 core 2.139 -2.603 -2.323 
2223 core 2.828 -1.386 -4.077 
2224 core 2.471 -3.763 -2.862 
2225 core 2.354 -0.536 -1.280 
2226 core 1.920 -2.764 -2.239 
2227 core 2.175 -3.743 -1.464 
2228 core 1.346 -1.686 -1.769 
2229 core 3.476 -3.190 -2.558 
2230 core 1.145 -1.771 -3.671 
2231 core 0.215 -1.570 -1.420 
2232 border 0.776 -0.405 -3.937 
2233 core 1.207 -2.231 -3.470 
2234 core 2.410 -4.097 -1.097 
2235 core 0.975 -1.760 -1.067 
2236 core 2.192 -1.983 -1.828 
2237 core 1.577 -0.726 -1.450 
2238 core 2.223 -2.614 -0.721 
2239 core 0.314 -2.010 -1.838 
2240 core 1.260 -0.560 -1.722 
2241 core 2.792 -1.187 -3.335 
2242 core 2.065 -1.834 -0.742 
2243 core 3.446 -0.546 -2.680 
2244 core 2.443 -2.527 -2.452 
2245 core 3.265 -1.898 -1.971 
2246 core 1.997 -2.881 -1.633 
2247 core 2.777 -1.197 -3.019 
2248 core 1.477 -0.698 -2.831 
2249 core 4.370 -2.491 -1.821 
2250 core 1.650 -2.147 -2.177 
2251 core 2.045 -1.590 -0.946 
2252 core 1.562 -1.374 -3.782 
2253 core 1.707 -3.466 -2.904 
2254 core 1.233 -2.502 -2.817 
2255 core 3.100 -2.364 -1.784 
2256 core 1.826 -3.248 -4.392 
2257 core 1.998 -1.271 -1.709 
2258 core 2.067 -1.171 -2.134 
2259 core 3.103 -1.316 -2.836 
2260 core 1.363 -2.192 0.252 
2261 core 1.194 -2.195 -1.411 
2262 core 1.707 -2.410 -2.338 
2263 core 2.856 -2.900 -3.575 
2264 core 1.027 -2.684 -2.366 
2265 core 2.622 -2.263 -2.396 
2266 core 0.862 -1.699 -4.037 
2267 core 1.400 -2.890 -2.069 
2268 core 2.527 -1.280 -3.189 
2269 noise 1.204 -5.101 -0.944 
2270 core 1.654 -2.066 -1.269 
2271 core 1.769 -1.766 -2.985 
2272 core 0.356 -0.832 -2.296 
2273 core 2.501 -1.517 -4.063 
2274 core 2.442 -3.737 -1.374 
2275 core 1.245 -2.110 -1.737 
2276 core 2.431 -4.559 -1.274 
2277 core 1.555 -2.032 -0.908 
2278 core 2.469 -2.314 -0.509 
2279 core 1.848 -1.093 -2.547 
2280 core 3.758 -1.634 -1.681 
2281 core 2.372 -0.647 -0.956 
2282 core 1.882 -2.549 -3.069 
2283 core 1.755 -1.871 -2.009 
2284 core 3.533 -2.176 0.756 
2285 core 1.257 -0.295 -1.103 
2286 core 1.916 -2.459 -3.030 
2287 core 0.275 -1.925 -3.023 
2288 core 2.708 -3.556 -0.650 
2289 border 1.987 0.526 0.045 
2290 core 3.429 -2.728 -2.537 
2291 core 1.993 -3.387 -1.072 
2292 core 0.995 -1.500 -2.079 
2293 core 2.139 -2.269 -1.043 
2294 core 1.537 -1.308 -2.131 
2295 core 1.695 -2.616 -3.347 
2296 core 2.796 -3.335 -3.567 
2297 core 1.721 -2.905 -4.605 
2298 core 2.292 -3.066 -1.651 
2299 core 2.614 -2.469 -2.424 
2300 core 0.755 -1.036 -1.833 
2301 core 2.703 -2.241 -1.658 
2302 core 1.796 -0.806 -1.294 
2303 core 1.557 -1.810 -1.437 
2304 core 1.938 -1.522 -1.894 
2305 core 2.059 -0.503 -1.612 
2306 core 3.714 -1.242 -2.473 
2307 core -0.495 -1.354 -1.860 
2308 core 1.544 -2.322 -2.183 
2309 core 2.273 -1.782 -1.437 
2310 core 1.309 -3.564 -1.788 
2311 core 1.897 -3.411 -2.404 
2312 core 0.649 -0.484 -1.209 
2313 core 2.331 -3.466 -2.269 
2314 core 1.481 -2.256 -1.096 
2315 core 1.228 -3.046 -2.200 
2316 core 0.360 -1.941 -1.457 
2317 core 2.940 -1.381 -2.322 
2318 core 3.029 -0.941 -1.362 
2319 core 1.200 -2.893 -2.489 
2320 core 0.329 -3.056 -2.584 
2321 core 0.575 -0.064 -2.251 
2322 core 2.921 -2.124 -1.773 
2323 core 1.252 -2.239 -0.931 
2324 core 1.816 -3.136 -1.389 
2325 core 0.471 -2.630 -2.119 
2326 core 0.460 -3.081 -2.391 
2327 core 1.180 -2.113 -1.133 
2328 core 2.124 -0.438 -2.366 
2329 core 0.755 -1.486 -3.029 
2330 core 2.343 -2.759 -1.689 
2331 core 3.556 -2.138 -2.012 
2332 core 2.249 -2.618 -3.161 
2333 core 2.646 -1.680 -0.720 
2334 core 1.228 -1.579 -1.036 
2335 core 0.274 -2.256 -1.277 
2336 core 4.204 -1.661 -2.959 
2337 core 2.660 -1.376 -2.114 
2338 core 1.281 -1.840 -2.505 
2339 core 3.201 -2.421 -1.162 
2340 core 2.967 0.090 -2.454 
2341 core 2.538 -1.394 -1.099 
2342 core 2.116 -2.587 -2.675 
2343 core 2.526 -3.929 -1.216 
2344 core 2.539 -1.908 -2.458 
2345 core 1.868 -2.629 -1.244 
2346 core 0.543 -1.303 -1.120 
2347 core 1.013 -2.214 -1.414 
2348 core 1.389 -1.378 -2.976 
2349 core 1.569 -0.434 -0.977 
2350 core 2.189 -2.073 -0.898 
2351 core 4.240 -2.411 -4.740 
2352 core 1.091 -2.696 -1.865 
2353 core 2.156 -1.133 -0.721 
2354 core 3.299 -0.677 -1.780 
2355 core 2.546 -3.278 -2.811 
2356 core 2.004 -1.807 -2.747 
2357 core 1.216 -4.098 -3.207 
2358 noise 0.730 -0.293 0.650 
2359 core 3.075 -2.454 -2.059 
2360 core 0.839 -2.570 -3.128 
2361 core 2.158 -2.948 -1.686 
2362 core 0.106 -1.911 -2.499 
2363 core 1.925 -2.482 -2.155 
2364 core 3.007 -1.739 -2.815 
2365 core 2.630 -3.230 -1.181 
2366 core 0.827 -3.225 -1.218 
2367 core 0.349 -0.993 -2.416 
2368 core 1.056 -2.423 -1.659 
2369 core 2.635 -1.593 -0.845 
2370 core 4.281 -2.264 -1.249 
2371 core -0.241 0.147 -2.585 
2372 core 3.060 -4.519 -1.669 
2373 core 2.105 -3.636 -2.130 
2374 core 2.168 -1.285 -2.485 
2375 core 0.802 -2.517 -1.802 
2376 core 2.180 -1.340 -1.836 
2377 core 2.021 -3.511 -1.801 
2378 core 0.696 -1.659 -2.477 
2379 core 2.476 -0.810 -2.855 
2380 core 1.028 -0.176 -2.258 
2381 core 1.116 -0.819 -2.975 
2382 core 2.339 -3.207 -0.565 
2383 core 1.851 -2.368 -1.183 
2384 core 2.480 -1.891 -1.007 
2385 core 2.569 -1.431 -1.515 
2386 core 1.894 -2.000 -2.193 
2387 core 2.364 -0.455 -1.584 
2388 core 3.077 -1.688 -0.068 
2389 core 2.312 -2.696 -0.822 
2390 core 0.747 -4.426 -3.524 
2391 core 2.492 -2.105 -2.430 
2392 core 3.811 -3.520 -3.160 
2393 core 0.528 -1.380 -2.374 
2394 core 1.824 -3.190 -2.914 
2395 core 1.921 -1.474 -2.465 
2396 core 2.138 -0.449 -2.728 
2397 core 1.010 -1.821 -3.956 
2398 core 1.268 -1.516 -2.150 
2399 core 1.938 -2.465 -3.307 
2400 core 2.002 -1.292 -1.862 
2401 core 1.224 -1.775 -3.334 
2402 core 1.427 -1.835 -2.588 
2403 core 2.802 -3.647 -2.305 
2404 core 2.003 -3.058 -3.174 
2405 core 2.948 0.326 -0.936 
2406 core 4.097 -0.769 -3.034 
2407 core 1.285 -2.671 -1.872 
2408 core 2.162 -1.993 -2.186 
2409 core 1.708 -0.535 -1.128 
2410 core -0.185 -2.522 -0.370 
2411 core 2.093 -0.807 -2.658 
2412 core 1.540 -1.226 -0.675 
2413 core 1.405 -3.154 -1.238 
2414 core 1.123 -0.978 -1.787 
2415 core 1.917 -1.948 -2.391 
2416 core 3.485 -3.266 -2.459 
2417 core 2.775 -0.941 -2.148 
2418 core -0.209 -2.975 -2.017 
2419 core 3.915 -3.078 -1.485 
2420 core 2.683 -0.833 -2.012 
2421 core 3.180 -2.607 -2.469 
2422 core 1.295 -0.880 -2.763 
2423 core 0.271 -2.853 -1.060 
2424 core -0.257 -2.298 -2.386 
2425 core 3.101 -1.792 -3.175 
2426 core 2.391 -1.315 -2.478 
2427 core 0.728 -1.762 -2.481 
2428 core 1.631 -2.195 -3.087 
2429 core 2.824 -2.544 -1.917 
2430 core 2.783 -3.871 -3.676 
2431 core 0.998 -0.392 -1.961 
2432 noise 2.569 -0.586 0.940 
2433 core 3.112 -2.784 -0.344 
2434 core -0.130 -1.083 -1.010 
2435 core 2.539 -2.951 -1.279 
2436 core 1.517 -2.555 -3.159 
2437 core 0.531 -1.953 -0.929 
2438 core 2.067 -1.190 -2.357 
2439 core 2.078 -1.395 -1.787 
2440 core 2.732 -2.530 -2.797 
2441 core 1.293 -1.190 -0.653 
2442 core 1.834 -1.691 -2.556 
2443 core 1.906 -0.314 -1.336 
2444 core 0.775 -3.472 -3.474 
2445 core 3.435 -1.311 -0.640 
2446 core 0.467 -0.852 -3.410 
2447 core 2.933 -1.429 -1.636 
2448 core 1.396 -1.780 -2.884 
2449 core 1.551 -3.605 -0.533 
2450 core -0.197 -1.055 -0.943 
2451 core 2.278 -3.972 -3.020 
2452 core 2.964 -4.185 -3.118 
2453 core 2.149 -2.222 -3.066 
2454 core 2.033 -1.806 -3.208 
2455 core 2.502 -1.602 -0.744 
2456 core 2.226 -2.066 -2.522 
2457 core 2.295 -1.170 -2.336 
2458 core 2.023 -2.852 -0.491 
2459 core 1.501 -1.375 -0.822 
2460 core 1.410 -1.727 -0.083 
2461 core 3.353 -1.370 -1.058 
2462 core 2.941 -2.805 -1.454 
2463 core 3.438 -2.350 -2.079 
2464 core 2.068 -0.763 -0.997 
2465 core 0.493 -2.916 -2.117 
2466 core 4.104 -1.787 -1.758 
2467 core 2.622 -3.196 -1.922 
2468 core 2.025 -2.289 -2.894 
2469 core 1.693 -3.097 -1.238 
2470 core 1.252 -3.134 -1.053 
2471 core 2.311 -3.107 -1.156 
2472 core 1.750 -3.069 -1.474 
2473 core 3.189 -2.691 -2.181 
2474 core 1.463 -0.600 -1.427 
2475 core 2.289 -2.056 -0.720 
2476 core 1.673 -1.718 -2.308 
2477 core 2.138 -1.570 -1.627 
2478 core 3.453 -1.011 -3.842 
2479 core 1.671 -2.075 -1.648 
2480 core 0.976 -1.423 -1.902 
2481 core 0.018 -1.941 -3.005 
2482 core 3.571 -1.477 -2.167 
2483 core 2.897 -1.208 -2.608 
2484 core 4.290 -2.172 -1.834 
2485 border 3.356 -3.935 -0.128 
2486 core 0.285 -1.589 -0.825 
2487 core 0.624 -2.926 -0.774 
2488 core 2.791 -2.406 -2.634 
2489 core 3.465 -4.113 -2.167 
2490 core 3.153 -1.606 -2.871 
2491 core 3.437 -1.524 -3.287 
2492 core 3.904 -1.363 -2.572 
2493 core 4.199 -3.053 -1.061 
2494 core 3.103 -0.994 -3.024 
2495 core 1.147 -2.900 -2.501 
2496 core 1.783 -0.326 -1.689 
2497 core 2.891 0.347 -2.827 
2498 core 0.948 -1.868 -3.241 
2499 core 1.846 -3.893 -0.251 
2500 core 0.725 -2.923 -3.662 
2501 core 0.922 -1.567 -2.039 
2502 core 0.732 -3.136 -1.556 
2503 core 1.261 -1.032 -1.528 
2504 core 1.619 -3.830 -0.943 
2505 core 1.889 -1.381 -1.837 
2506 core 0.072 -3.728 -2.599 
2507 core 3.755 -2.435 -0.648 
2508 core -0.257 -1.973 -0.239 
2509 core 1.820 -0.049 -0.960 
2510 core 1.916 -2.841 -1.024 
2511 core 1.101 -0.781 -2.681 
2512 core 2.745 -1.109 -1.128 
2513 core 2.978 -2.620 -4.201 
2514 core 1.671 -0.791 -0.171 
2515 core 2.868 -1.424 -2.690 
2516 core 1.804 -2.932 -1.252 
2517 core 2.798 -3.612 -0.890 
2518 core 3.039 -2.516 -2.238 
2519 core 0.541 -2.259 -2.153 
2520 core 2.599 -3.219 -1.547 
2521 core 0.929 -2.404 -2.324 
2522 core 1.234 -2.935 -0.873 
2523 core 2.459 -2.419 -0.693 
2524 core 1.559 -1.973 -2.314 
2525 core 3.658 -2.985 -2.732 
2526 core 3.473 -1.147 0.062 
2527 core 1.861 -1.128 -2.930 
2528 core 2.909 -1.442 -3.457 
2529 core 4.067 -2.704 -1.588 
2530 core 1.270 -1.284 -2.772 
2531 core 1.221 -2.470 -0.994 
2532 core 0.489 -4.123 -1.743 
2533 core 1.812 -1.480 -1.940 
2534 core 1.764 -0.813 -2.859 
2535 core 2.382 -1.550 -1.686 
2536 core 1.144 -1.069 -1.773 
2537 core 2.750 -2.781 -4.456 
2538 core 3.221 -3.693 -3.808 
2539 core 3.354 -2.413 -2.562 
2540 core 1.756 -3.162 -3.781 
2541 core 2.046 -1.540 -1.121 
2542 core 2.091 -1.995 -2.211 
2543 core 2.718 -1.446 -3.844 
2544 core 2.227 -2.143 -0.950 
2545 core 1.739 -1.536 -0.558 
2546 core 1.483 -2.411 -1.741 
2547 core 1.651 -2.155 -2.445 
2548 core 2.029 -2.760 -0.341 
2549 core 3.578 -1.865 -1.192 
2550 core 1.459 -2.333 -1.916 
2551 core 3.376 -2.923 -3.626 
2552 core 1.669 -1.933 -3.434 
2553 core -0.215 -1.972 -2.534 
2554 core 2.557 0.188 -1.665 
2555 core 2.411 -1.529 -1.708 
2556 core 0.155 -1.394 -2.542 
2557 core 2.710 -3.163 -0.888 
2558 core 3.663 -2.465 -2.100 
2559 core -0.041 -2.832 -1.927 
2560 core 2.224 -1.318 -0.913 
2561 core 2.050 -1.486 -3.177 
2562 core 2.787 -2.946 -2.036 
2563 core 1.407 -3.781 -2.618 
2564 core 0.896 -1.506 -2.102 
2565 core 3.004 -1.885 -1.554 
2566 core 2.438 -1.031 -1.879 
2567 core 2.078 -1.741 -0.937 
2568 core 2.185 -3.244 -1.630 
2569 core 1.919 -0.228 -2.288 
2570 core 1.107 -2.815 -2.433 
2571 core 1.786 -3.398 -1.263 
2572 core 3.250 -1.507 -1.476 
2573 core 2.380 -2.497 -0.350 
2574 core 0.400 -2.617 -3.184 
2575 core 1.855 -2.915 -1.568 
2576 core 1.838 -2.165 -0.955 
2577 core 1.589 -0.865 -0.855 
2578 core 1.074 -2.357 -1.834 
2579 core -0.624 -1.760 -3.331 
2580 core 1.136 -2.699 -0.958 
2581 core 1.121 -1.680 -2.461 
2582 core 1.338 -4.040 -1.917 
2583 core 1.127 -2.892 -1.932 
2584 core -0.017 -2.508 -1.588 
2585 core 3.796 -2.954 -2.616 
2586 core 3.909 -1.667 -2.498 
2587 core 2.394 -2.002 -4.150 
2588 core 1.669 -2.272 -2.214 
2589 core 1.765 -2.894 -0.742 
2590 core 2.406 -3.806 -1.299 
2591 core 1.217 -0.558 -2.635 
2592 core 2.267 -3.054 -4.470 
2593 core 2.866 0.250 -1.138 
2594 core 3.476 -2.096 -1.950 
2595 core 0.498 -2.095 -1.849 
2596 core 3.445 -3.198 -2.706 
2597 core -0.123 -1.856 -0.610 
2598 core 2.075 -0.695 -4.111 
2599 core 3.022 -1.715 -2.222 
2600 core 3.666 -1.847 -0.822 
2601 core 2.133 -2.841 -5.007 
2602 core 2.527 -3.290 -1.296 
2603 core 1.173 -3.241 -3.361 
2604 core 2.612 -2.933 -2.509 
2605 core 2.978 -2.573 -1.411 
2606 core 0.231 -1.080 -1.941 
2607 core 1.202 -0.669 -1.797 
2608 core 2.239 -2.252 -3.207 
2609 core 1.139 -1.310 -2.582 
2610 core 2.383 -2.693 -1.183 
2611 core 0.697 -0.150 -2.695 
2612 core 2.342 -3.042 -0.096 
2613 core 1.638 -3.213 -1.203 
2614 core 2.976 -2.869 -2.162 
2615 core 2.782 -0.257 -1.843 
2616 core 1.916 -2.486 -2.455 
2617 core 1.770 -2.069 -0.609 
2618 core 2.600 -3.094 -0.896 
2619 core 2.147 -1.634 -2.494 
2620 core 2.629 -2.842 -4.881 
2621 core 2.439 -1.722 -0.776 
2622 core 0.697 -1.085 -1.849 
2623 core 0.493 -1.434 -1.105 
2624 core 2.098 -1.823 -2.632 
2625 core 2.208 -1.325 -1.867 
2626 core 2.387 -1.341 -0.855 
2627 core 1.768 -3.280 -0.647 
2628 core 1.641 -1.954 -2.394 
2629 core 2.661 -1.232 -1.892 
2630 core 1.979 -3.169 -1.517 
2631 core 1.375 -0.685 -0.701 
2632 core 1.922 -2.171 -1.105 
2633 core 1.236 -0.722 -2.931 
2634 core 2.733 -1.578 -0.685 
2635 core 1.669 -1.246 -0.957 
2636 core 1.948 -2.255 -1.395 
2637 core 1.787 -1.263 -1.288 
2638 core 2.889 -1.347 -1.404 
2639 core 0.956 -1.214 -2.477 
2640 core 3.633 -2.331 -1.105 
2641 core 2.886 -1.640 -3.014 
2642 core 2.443 -3.067 -2.854 
2643 core 1.663 -3.130 -3.113 
2644 core 1.260 -2.554 -2.479 
2645 core 2.857 -1.717 -2.175 
2646 core 1.389 -1.108 -3.116 
2647 core 1.457 -2.221 -3.537 
2648 core 1.737 -0.190 -4.113 
2649 core 1.815 -0.145 -0.718 
2650 core 1.953 -1.346 -2.907 
2651 core 2.133 -2.510 -2.655 
2652 core 2.699 -2.500 -1.354 
2653 core 1.786 -2.015 -0.776 
2654 core 1.294 -3.769 -2.063 
2655 core 1.331 -1.095 -3.227 
2656 core 2.124 -1.132 -1.719 
2657 core 1.183 -2.503 -1.971 
2658 core 1.127 -1.847 -2.496 
2659 core 2.271 -3.455 -3.104 
2660 core 3.538 -3.635 -3.595 
2661 core 1.707 -1.181 -1.578 
2662 core 1.563 -2.539 -2.065 
2663 core 1.146 -2.863 -2.351 
2664 core 1.209 -2.379 -0.788 
2665 core 2.397 -2.270 -2.732 
2666 core 1.634 -0.916 -1.615 
2667 core 0.774 -1.853 -1.757 
2668 core 1.472 -3.001 -1.948 
2669 core 1.832 -1.800 -2.232 
2670 core 3.167 -1.835 -1.620 
2671 core 1.330 -2.656 -1.151 
2672 core 2.278 -1.504 -3.443 
2673 core 1.736 -0.164 -2.095 
2674 core 2.547 -1.865 -2.284 
2675 core 1.304 -2.220 -1.880 
2676 core 0.388 -1.244 -3.268 
2677 border -0.059 0.125 -0.788 
2678 core 4.271 -2.325 -0.331 
2679 core 2.381 -1.706 -0.457 
2680 core 2.727 -0.650 -1.793 
2681 core 1.750 -0.594 -0.402 
2682 core 2.682 -3.077 -1.696 
2683 core -0.692 -3.336 -0.552 
2684 core 2.170 -2.430 -1.686 
2685 core 2.208 -2.413 -3.007 
2686 core 4.422 -2.836 -2.296 
2687 border 3.860 -2.672 1.214 
2688 core 3.156 -3.084 -2.459 
2689 core 2.838 -2.173 -0.947 
2690 core 1.841 -1.690 -0.625 
2691 core 2.061 -1.968 0.101 
2692 core 1.117 -1.028 -1.891 
2693 core 0.770 -2.159 -3.013 
2694 core 2.742 -2.736 -2.939 
2695 core 1.887 -1.994 -1.049 
2696 core 1.005 -3.619 -3.369 
2697 core 0.608 -2.661 -3.209 
2698 core 0.705 -3.338 -1.437 
2699 core 1.994 -0.647 -2.245 
2700 core 0.478 -2.861 -4.049 
2701 core 1.699 -1.724 -1.449 
2702 core 1.140 -1.773 -2.339 
2703 core 1.041 -0.648 -2.503 
2704 core 2.160 -2.456 -2.093 
2705 core 1.749 -1.698 -0.621 
2706 core 1.344 -1.409 -1.494 
2707 core 1.360 -0.757 -1.067 
2708 core 1.789 -1.801 -2.999 
2709 core 4.050 -1.429 -1.049 
2710 core 1.217 -1.002 -3.384 
2711 core 0.256 -1.042 -1.208 
2712 core 1.945 -2.397 -1.949 
2713 core 0.944 -2.734 -2.376 
2714 core 3.321 -0.575 -2.285 
2715 core 2.146 -2.222 -2.061 
2716 core 2.268 -2.569 -2.613 
2717 core 1.627 0.429 -2.548 
2718 core 1.737 -2.490 -0.034 
2719 border 3.624 -1.299 0.888 
2720 core 2.660 -3.464 -1.829 
2721 core 2.500 -1.620 -2.312 
2722 core 1.886 -1.739 0.235 
2723 core 2.139 -2.139 -1.678 
2724 core 1.351 -1.078 -1.444 
2725 core 3.647 -1.975 -2.732 
2726 core 1.696 -1.927 -1.848 
2727 core 2.535 -0.414 -2.268 
2728 core 2.667 -3.199 -1.896 
2729 core 3.243 -2.541 -1.970 
2730 core 1.841 -2.752 -2.196 
2731 core 2.494 -1.284 0.217 
2732 core 2.499 -1.478 -2.194 
2733 core 2.152 -2.725 -3.316 
2734 core 1.591 -0.821 -1.584 
2735 core 2.129 -1.880 -3.471 
2736 core 2.132 -2.916 -2.468 
2737 core -1.160 -2.540 -1.026 
2738 core 2.134 -2.497 -3.192 
2739 core 3.784 -3.405 -3.891 
2740 core 1.776 -2.181 -3.232 
2741 core 2.421 -1.617 -0.554 
2742 core 2.022 -2.620 -3.631 
2743 core 2.087 -2.504 -4.587 
2744 core 1.993 -0.925 -2.450 
2745 core 1.720 -1.894 -0.428 
2746 core 1.242 -1.677 -1.735 
2747 core 2.028 -1.698 -0.656 
2748 core -0.888 -3.339 -2.576 
2749 core 2.308 -1.787 -1.939 
2750 core 1.410 -3.149 -3.477 
2751 core 2.458 -1.687 -1.969 
2752 core 3.333 -2.569 -3.216 
2753 core 2.157 0.076 -0.537 
2754 core 2.722 -2.927 -1.230 
2755 core 1.733 -2.792 -2.017 
2756 core 1.447 -1.830 -1.517 
2757 core 1.023 -2.442 -1.430 
2758 core 2.220 -1.371 -2.799 
2759 core 1.193 -2.206 -1.703 
2760 core 2.880 -3.039 -0.849 
2761 core 1.936 -4.633 -1.658 
2762 core 2.169 -0.364 -2.798 
2763 core 0.639 -1.500 -1.327 
2764 core 3.710 -2.880 -1.974 
2765 core 1.136 -1.770 -0.531 
2766 core 2.031 -3.196 -2.031 
2767 core 2.718 -0.690 -2.121 
2768 border 0.969 -1.170 0.410 
2769 core 4.902 -3.043 -0.774 
2770 core 1.038 -1.524 -0.792 
2771 core 1.301 -3.216 -1.487 
2772 core 1.982 -2.998 -2.408 
2773 core 1.698 -3.520 -1.761 
2774 core 1.022 -2.329 -3.302 
2775 core 1.668 -2.082 -1.318 
2776 core 1.813 -1.564 -1.376 
2777 core 2.672 -1.885 -1.337 
2778 core 2.852 -2.460 -1.343 
2779 core 2.335 -0.338 -0.827 
2780 core 1.595 -2.300 -2.049 
2781 core 1.874 -1.026 -2.590 
2782 core 1.902 -0.560 -2.369 
2783 core 2.593 -1.436 -1.605 
2784 core 3.133 -2.972 -0.977 
2785 core 1.310 -2.424 -1.628 
2786 core 1.719 -1.707 -1.753 
2787 core 3.407 -2.829 -1.916 
2788 core -0.389 -3.503 -3.044 
2789 core 3.006 -1.949 -1.496 
2790 border 0.398 -4.618 -1.991 
2791 core 1.204 -4.075 -3.009 
2792 core 1.504 -2.674 -3.285 
2793 core 3.188 -2.780 -0.851 
2794 core 2.783 -1.792 -3.372 
2795 core 1.330 -1.999 -2.111 
2796 core 2.689 -2.820 -1.273 
2797 core 0.547 -1.988 -1.959 
2798 core 3.640 -2.218 -1.413 
2799 core 2.903 -1.661 -2.415 
