27
0 48
2 70 71 89 90 618 619 751 752 829 830 1296 1297 1541 1542 1729 1730 1982 1983 2208 2209 2241 2242 2285 2286 2563 2564 3067 3068 3365 3366 3535 3536 3542 3543 3553 3554 4042 4177 4193 4378 4522 4530 4672 4742 4907 4946 4996 
1 47
6 151 168 477 484 503 504 476 485 1235 1376 1377 1566 2061 2062 2269 3178 3566 3636 3859 4175 4176 4423 4825 1237 1565 1865 1870 2072 2074 2267 2456 2530 2638 2813 2950 2976 3284 3567 3633 3635 3861 3975 3976 4422 4824 4944 
2 30
20 40 79 201 246 374 565 1329 1932 1970 2133 2352 2635 2652 2654 2964 3023 3069 3225 3279 3765 3769 3784 3919 3933 4078 4116 4153 4747 4938 
3 80
24 233 278 327 395 461 873 1060 1071 1148 1231 1330 1405 1406 53 279 329 335 398 463 567 572 622 754 838 874 913 915 1061 1072 1141 1150 1211 1234 1331 1403 1412 1479 1520 1668 1858 1904 2083 2221 2310 2326 2484 2521 2557 2720 2815 3328 3745 3774 3955 4064 4123 4291 4412 4632 4746 4888 4968 1411 1478 1516 2082 2218 2323 2464 2556 3202 3259 3399 3742 3954 4121 4629 4939 4969 
4 57
33 136 493 728 729 732 733 1143 1144 1270 1271 1321 1322 1342 1343 1678 1679 1706 1707 1767 1768 1834 1835 1888 1889 2622 2623 2656 2657 2678 2679 2903 2904 3743 3744 3845 3846 3925 3926 3993 3994 4031 4032 4140 4141 4237 4238 4426 4427 4630 4631 4826 4827 4892 4893 4905 4906 
5 59
110 794 1052 1074 1191 1249 1351 1433 1461 2094 2314 2876 3020 3808 3945 4013 4131 4161 4244 4510 11 108 247 364 392 525 606 665 797 973 1042 1385 1487 1576 1716 1817 1873 1990 2243 2294 2312 2448 2507 2527 2712 2739 2975 3195 3355 3380 3640 3727 3953 3962 3982 4764 4952 4569 4597 
6 30
128 148 221 448 683 757 962 1011 1115 1218 1263 1407 1985 2053 2127 2351 2361 2442 2471 2724 2838 2986 3317 3442 3551 3696 3836 4149 4443 4879 
7 59
153 230 384 391 649 761 866 926 930 1581 1664 1732 2017 2279 4322 4651 4847 420 490 534 541 689 825 875 1003 1116 1149 1202 1287 1521 1555 1735 1916 1958 2130 2159 2206 2215 2265 2387 2965 2998 3027 3218 3345 3407 3562 3888 3917 3984 4033 4070 4212 4394 4585 4771 4835 4953 4875 
8 865
161 3 84 320 507 638 1556 1723 1940 2079 2253 2421 2500 2568 2571 2717 3671 3824 4044 4105 4266 4300 4409 98 105 223 568 625 1248 127 361 397 600 653 705 736 831 835 944 1026 1131 1139 1206 1740 2108 2315 2523 2525 2733 2991 3176 3293 3453 3539 3822 4365 4410 4908 156 260 271 809 980 1062 1193 1454 1483 1846 2344 2592 2600 2779 3072 3272 3274 3351 3461 3488 3894 3905 4326 4877 4885 4925 4986 264 23 307 346 542 550 781 1055 1302 1514 1667 1868 1917 1972 2139 2210 2453 3070 3549 3557 4084 4139 4241 4290 4735 4737 4774 4855 300 56 605 959 1288 372 1022 1158 1247 1721 2506 3368 3521 4399 4722 1824 1898 2458 2701 2968 3135 3411 3801 3951 4021 4182 4592 632 13 58 123 163 276 281 322 424 462 747 774 795 799 837 129 294 500 779 783 836 983 1161 1264 1281 1439 1590 2063 2217 2443 2756 2774 3095 3656 3709 3829 4125 4138 4282 4356 4524 4723 4732 4995 840 888 922 1076 1093 1173 18 65 174 192 336 401 414 446 522 798 923 947 1013 1089 1310 1313 1436 1614 1832 1867 2073 2178 2189 2318 2353 2425 2434 2467 2478 2533 2539 2572 2596 2768 2865 3199 3295 3448 3641 3697 3804 3961 3978 3980 4046 4215 4257 4276 4304 4345 4381 4404 4417 4527 4546 4669 4725 4803 1256 1532 1741 1989 2008 134 508 545 573 595 833 1548 1616 1630 1659 1743 2091 2181 2248 2264 2926 3364 3700 3726 3733 3839 3862 4112 4234 4450 4563 4702 4997 2117 2124 2293 2381 2418 2681 2744 2765 2818 2841 2977 3002 3019 3278 3332 3398 3433 3634 3711 3838 4054 4144 4218 4235 4306 4362 4538 4690 4814 4927 633 26 204 412 920 1195 1410 1531 1574 1847 1911 2089 2395 2526 2884 3064 3964 4431 4433 4457 4499 4525 4531 4544 4565 4854 660 717 169 435 743 917 970 1017 1582 1789 1869 2115 2204 2746 2755 3207 3303 3446 3613 3637 3778 3803 3904 3928 4249 4372 4553 4684 4700 4797 910 1402 109 2760 31 46 47 50 82 144 207 210 285 286 377 378 418 629 631 718 719 822 865 867 868 869 892 897 911 1110 1113 1117 1118 1274 1275 1420 1421 1591 1592 1615 1622 1624 1749 1786 1787 1890 1891 2100 2120 2256 2257 2273 2440 2585 2627 2688 2735 2839 3525 3541 3544 3717 3747 4167 4168 4169 4187 4188 4425 4440 4441 4584 4595 4599 4661 4720 4721 4856 4896 4923 2018 611 812 1176 1702 1895 2274 2510 2586 3172 4028 4866 2340 30 681 862 1954 2513 2515 2700 3305 3350 3983 4100 4619 4842 4971 2372 2928 954 1449 1670 1823 1884 2138 2196 2200 2403 2667 2850 4119 4568 4621 4883 2945 3252 10 196 256 410 579 654 657 804 1044 1338 1588 1648 1684 1705 2641 3018 3427 4272 4703 38 83 165 423 431 582 726 817 1016 1453 1526 1529 1563 1764 1795 1931 1950 2134 2155 2227 2308 2332 25 686 995 1124 1492 2664 2799 4449 4665 4935 2426 2560 2606 2607 2671 2734 2736 2749 2844 2858 2871 2879 2934 2987 3141 3246 3319 3418 3490 3511 3570 3612 3723 3787 3848 3934 4129 4191 4253 4287 4490 4609 4707 4845 3590 146 206 254 280 319 696 766 1597 1796 2777 2910 3010 3080 3782 4050 4288 4314 4493 4536 4601 4776 4815 4984 4990 502 531 628 682 777 826 859 1063 1069 1269 1280 1364 1688 1718 1791 1866 2022 2291 2470 2532 2806 2889 2967 2984 2993 3084 3090 3112 3509 3561 3621 3837 3865 3900 3908 4004 4009 4122 4179 4236 4269 4350 4354 563 1626 2149 2469 2909 3257 4023 4480 4604 4393 4445 4452 1623 4476 4494 176 339 468 697 767 848 1136 1215 1373 1393 1523 1560 1598 1605 1627 1689 1776 1797 1912 2004 2019 2150 2325 2696 2778 2789 2911 2982 3011 3078 3081 3258 3264 3294 3555 3783 3892 3981 4024 4051 4289 4315 4355 4481 4506 4537 4605 4777 4816 4871 4558 4602 4613 4823 4894 4920 4956 3938 37 140 480 623 240 707 1409 1673 1829 1981 2786 2877 3079 3093 3103 3145 3386 3391 3655 3939 3943 3974 4007 4038 4077 4128 4398 4515 4625 4660 4752 4770 4789 811 1236 1262 3564 1399 1419 1995 2219 2502 2915 229 614 642 807 841 1233 1545 1608 1617 1710 2003 2065 2305 2762 3094 3271 3672 4224 4312 4366 4385 4511 4696 4805 4917 3144 3206 3367 3385 3390 3524 3547 3654 1957 3773 3942 3973 4006 4016 4037 4076 4094 4095 4127 4274 4397 4406 4514 4562 4624 4659 4741 4751 4769 4788 4818 4914 4039 4264 4340 4970 1354 1447 1468 1775 1815 1863 2109 602 675 1097 1232 1653 1993 2435 2783 2921 3100 3779 4278 4419 4635 4692 4921 2111 2343 2413 2542 2612 2663 2709 2797 2843 3162 3300 3469 3496 4017 4489 4552 4594 4750 4838 
9 30
253 447 687 819 1378 1519 1612 1631 1771 1792 1794 1935 2106 2329 2358 2566 2670 2722 2767 2953 3118 3152 3734 3834 3868 3999 4114 4352 4500 4954 
10 30
321 564 594 692 849 894 909 1390 1655 1665 1971 1991 2380 2699 2985 3056 3242 3247 3266 3292 3692 3826 3997 4027 4342 4541 4701 4739 4911 4929 
11 30
330 44 61 143 934 1360 1485 1517 1573 1586 1633 1915 1994 2594 2598 2665 2913 3153 3326 3721 3895 4008 4043 4246 4255 4360 4467 4759 4865 4937 
12 30
340 782 1157 1226 1334 1345 1427 1567 1636 1819 2398 2452 2771 2870 3024 3033 3362 3465 3627 3798 3985 4145 4185 4230 4339 4347 4374 4377 4484 4858 
13 30
347 380 533 581 792 974 1036 1349 1359 1382 1444 1490 1501 1694 1781 1876 2428 2558 2615 2651 2949 2959 3116 3312 3493 3690 3927 4135 4150 4614 
14 30
356 16 111 596 1367 1744 1856 2040 2202 2226 2324 2437 2497 2536 2545 2569 3071 3190 3318 3409 3482 3510 3563 3699 4018 4071 4228 4708 4820 4951 
15 30
415 115 237 851 953 1048 1084 1510 1620 1880 1961 2039 2223 2591 2614 2731 2752 2803 2923 3348 3419 3766 3810 3860 4026 4056 4157 4560 4606 4863 
16 30
453 730 1133 1284 1311 1524 1836 1945 1968 2060 2364 2414 2482 2605 2723 2763 2798 2988 3137 3146 3474 3571 3578 3680 3732 4369 4447 4521 4709 4763 
17 32
820 22 685 948 1033 1308 1505 1603 1691 1739 1763 1778 1811 1962 2049 2050 2528 2529 2625 2705 3127 3467 3552 4250 4308 4498 4551 4653 4755 4762 4812 4853 
18 30
942 263 872 1092 1120 1304 1518 1909 2370 2483 2643 2686 2905 3038 3265 3285 3324 3422 3581 3625 3631 3644 3652 3780 4173 4403 4465 4507 4509 4519 
19 30
964 232 250 328 621 762 1051 1066 1644 1918 2047 2081 2360 2575 2770 2847 3029 3097 3277 3381 3388 3514 3646 3648 4088 4197 4512 4596 4648 4717 
20 30
1058 142 173 459 808 1346 1808 1810 1844 2009 2135 2205 2333 2493 2610 2690 2811 2956 3451 3473 3576 4014 4081 4083 4155 4432 4698 4718 4758 4916 
21 30
1204 211 646 853 992 1045 1430 1431 1513 1613 1643 1695 1929 1987 2499 2509 2716 3073 3074 3251 3291 3503 3643 3665 3853 3977 4598 4729 4850 4884 
22 30
1388 131 487 1087 1415 1568 1569 1726 1964 2154 2275 2582 2697 2742 2766 2802 2868 2895 3262 3502 3589 3794 3835 3918 4126 4338 4446 4656 4804 4936 
23 59
1423 9 86 114 135 270 274 443 450 630 634 787 800 889 950 1000 1008 1043 1099 1101 1155 1166 1324 1353 1394 1549 1717 1859 1894 2000 2122 2366 2419 2632 2653 2660 2862 2948 2952 3054 3092 3132 3235 3392 3404 3417 3609 3664 3805 4101 4130 4436 4437 4478 4486 4591 4766 4831 4959 
24 59
1959 75 92 702 914 1078 1704 2006 2268 2465 2496 2543 2552 2567 2589 2621 2919 2970 3004 3087 3107 3114 3593 3819 4003 4325 4545 4662 4791 4895 363 516 337 523 535 801 1168 1174 1434 1584 1681 1782 2379 2534 2867 2917 3125 3167 3289 3901 4316 4329 4343 4577 4999 978 3816 4154 4198 
25 76
2473 7 12 52 220 226 242 248 381 383 416 597 598 1181 1182 1286 1370 1500 1522 1525 1571 1701 1703 1752 1933 1934 1936 1937 2086 2087 2128 2173 2174 2175 2220 2295 2429 2431 2441 2662 2675 2751 2886 2906 2941 3065 3215 3220 3233 3438 3439 3463 3464 3577 3596 3597 3830 3849 3903 3915 3916 3956 3957 3959 3960 4307 4324 4618 4620 4736 4738 4832 4833 4889 4948 4998 
26 48
2795 96 529 530 609 610 828 832 839 842 957 958 1004 1005 1151 1152 1223 1224 1467 1469 1502 1503 1600 1601 1899 1900 1953 1955 2581 2613 2616 2642 2673 2893 3040 3269 3352 3440 3441 3820 3821 3863 3864 4688 4689 4711 4712 4909 
