1523 2
0 core 6.734 4.667 
1 core 5.045 5.721 
2 core 7.822 5.064 
3 core 8.084 5.597 
4 core 6.177 5.952 
5 core 7.786 5.237 
6 core 6.928 5.182 
7 core 6.444 4.655 
8 core 7.422 4.501 
9 core 6.910 5.456 
10 core 6.024 5.271 
11 core 6.166 6.122 
12 core 7.176 5.110 
13 core 6.767 5.760 
14 core 6.482 5.767 
15 core 6.734 4.416 
16 core 7.790 5.003 
17 core 6.559 4.612 
18 core 5.810 5.944 
19 core 6.934 5.192 
20 core 6.665 4.424 
21 core 6.776 5.730 
22 core 6.642 6.142 
23 core 6.782 5.290 
24 core 5.533 6.080 
25 core 7.838 5.359 
26 core 6.400 5.999 
27 core 6.576 5.953 
28 core 7.691 4.842 
29 core 7.559 4.470 
30 core 7.926 5.179 
31 core 6.017 6.107 
32 core 6.586 4.454 
33 core 7.955 4.975 
34 core 7.975 5.057 
35 core 5.130 5.387 
36 border 6.502 4.663 
37 core 6.861 5.297 
38 core 8.095 5.358 
39 core 6.392 4.546 
40 core 7.275 4.476 
41 core 5.825 6.005 
42 core 6.927 5.188 
43 core 7.542 4.635 
44 core 6.568 5.812 
45 core 7.757 4.904 
46 border 5.003 5.041 
47 core 5.387 5.889 
48 core 4.967 5.113 
49 core 6.210 4.890 
50 core 7.665 4.742 
51 core 5.285 5.812 
52 core 6.605 5.919 
53 core 6.196 5.111 
54 core 6.006 5.801 
55 core 7.957 5.454 
56 core 6.288 5.935 
57 core 7.042 4.613 
58 core 4.903 5.291 
59 core 6.836 5.713 
60 core 7.945 5.263 
61 core 6.862 5.461 
62 core 4.983 5.102 
63 core 6.411 4.597 
64 core 5.970 6.037 
65 core 6.283 6.066 
66 core 7.685 4.838 
67 core 6.692 5.432 
68 core 6.680 5.708 
69 core 4.997 5.530 
70 core 7.495 4.610 
71 core 5.432 5.864 
72 core 6.614 4.551 
73 core 6.302 4.776 
74 core 6.783 5.733 
75 core 6.572 5.959 
76 core 6.947 5.150 
77 core 6.029 5.269 
78 core 7.926 5.399 
79 core 6.694 5.534 
80 core 6.812 5.471 
81 core 6.996 5.085 
82 core 6.733 5.406 
83 core 6.642 4.536 
84 core 6.879 5.289 
85 core 6.944 5.079 
86 core 4.991 5.493 
87 core 6.282 4.908 
88 core 6.888 4.426 
89 core 5.236 5.669 
90 core 5.098 5.117 
91 core 7.138 4.513 
92 core 7.142 4.469 
93 core 5.896 6.086 
94 border 5.952 5.433 
95 core 6.556 5.887 
96 core 5.522 5.925 
97 core 6.846 5.539 
98 core 7.543 4.793 
99 core 6.888 5.761 
100 core 5.054 5.705 
101 core 6.958 4.456 
102 core 5.942 5.989 
103 core 7.701 4.923 
104 core 5.560 5.820 
105 core 5.396 5.835 
106 core 6.658 5.730 
107 core 5.427 5.456 
108 core 7.912 5.259 
109 core 5.314 5.597 
110 core 7.696 4.932 
111 core 4.979 5.229 
112 core 6.668 5.862 
113 core 4.989 4.934 
114 core 4.835 5.407 
115 core 8.054 5.396 
116 core 7.384 4.577 
117 core 7.112 4.555 
118 core 7.108 4.638 
119 core 6.016 5.346 
120 core 6.476 4.816 
121 core 5.965 6.059 
122 core 6.533 4.725 
123 core 6.057 5.916 
124 core 5.270 5.934 
125 core 7.731 4.935 
126 core 7.323 4.600 
127 core 5.097 5.106 
128 core 6.971 5.305 
129 core 5.513 6.058 
130 core 6.913 5.322 
131 core 7.866 5.156 
132 core 6.950 4.711 
133 core 7.611 4.597 
134 core 6.005 6.018 
135 core 6.280 4.837 
136 core 5.118 5.471 
137 core 7.370 4.569 
138 core 6.517 5.534 
139 core 6.974 4.605 
140 core 5.754 5.908 
141 core 5.914 5.291 
142 core 6.864 4.469 
143 core 6.569 4.689 
144 core 5.557 5.902 
145 core 7.592 4.578 
146 core 6.131 4.946 
147 core 6.529 4.656 
148 core 5.203 5.605 
149 core 5.146 5.502 
150 core 7.950 5.220 
151 core 7.579 4.746 
152 core 6.219 4.896 
153 core 6.154 5.028 
154 core 6.155 5.114 
155 core 6.381 5.941 
156 core 7.943 5.125 
157 core 6.045 5.291 
158 core 5.481 5.939 
159 core 6.368 4.772 
160 core 6.724 4.504 
161 core 6.853 5.343 
162 core 7.897 5.318 
163 core 6.480 5.985 
164 core 5.181 5.044 
165 core 6.190 5.895 
166 core 5.815 6.027 
167 core 5.578 5.870 
168 core 6.886 5.374 
169 core 6.411 5.864 
170 core 6.695 4.548 
171 core 5.534 5.713 
172 core 6.616 4.394 
173 core 8.063 5.051 
174 core 7.042 4.433 
175 core 5.972 5.425 
176 core 5.365 5.812 
177 core 5.104 5.288 
178 core 6.058 5.135 
179 core 5.699 5.798 
180 core 7.941 5.361 
181 core 5.047 5.407 
182 core 6.346 4.971 
183 core 6.226 4.811 
184 core 6.156 5.941 
185 core 6.050 5.264 
186 core 5.135 5.581 
187 core 6.474 6.137 
188 core 6.283 5.140 
189 core 6.135 4.969 
190 core 5.028 5.447 
191 core 7.350 4.600 
192 core 7.896 5.398 
193 core 7.578 4.735 
194 core 7.747 4.899 
195 core 6.205 6.160 
196 core 7.245 4.333 
197 core 5.258 5.969 
198 core 6.967 5.210 
199 core 7.970 5.107 
200 core 6.061 5.478 
201 core 4.979 5.452 
202 core 6.210 4.489 
203 core 5.682 5.934 
204 core 5.475 5.772 
205 core 6.965 5.370 
206 core 6.766 5.754 
207 core 6.079 6.133 
208 core 4.859 5.148 
209 core 5.682 6.110 
210 core 7.871 4.818 
211 core 6.110 5.196 
212 core 7.094 4.426 
213 core 5.970 4.956 
214 core 7.532 4.762 
215 core 6.677 4.529 
216 core 5.721 5.926 
217 core 7.291 4.577 
218 core 6.444 5.713 
219 core 6.095 5.191 
220 core 6.498 4.818 
221 core 6.906 5.156 
222 core 4.888 5.074 
223 core 6.191 6.054 
224 core 5.057 5.149 
225 core 7.700 5.150 
226 core 7.318 4.658 
227 core 6.923 5.476 
228 core 7.145 4.587 
229 core 7.707 4.677 
230 core 6.259 4.846 
231 core 6.873 4.465 
232 core 6.195 5.997 
233 core 6.003 5.287 
234 core 7.188 4.393 
235 core 8.009 5.430 
236 core 6.129 6.105 
237 core 5.492 5.924 
238 core 7.627 4.736 
239 core 5.443 5.498 
240 core 6.091 4.910 
241 core 5.208 5.640 
242 core 5.817 6.004 
243 core 5.510 5.951 
244 core 6.164 5.310 
245 core 5.998 5.483 
246 core 5.222 5.471 
247 core 6.767 5.691 
248 core 7.673 4.774 
249 core 4.935 4.980 
250 core 6.531 4.487 
251 core 5.323 5.525 
252 core 5.845 6.038 
253 core 8.014 5.338 
254 core 7.721 4.673 
255 core 8.166 5.348 
256 core 5.301 5.724 
257 core 6.072 5.203 
258 core 8.027 4.891 
259 core 8.066 5.592 
260 core 7.443 4.567 
261 core 6.656 4.506 
262 core 7.008 5.353 
263 core 6.153 5.047 
264 core 6.710 5.808 
265 core 4.933 5.370 
266 core 6.673 4.566 
267 core 6.533 5.766 
268 core 6.370 4.824 
269 core 6.375 5.885 
270 core 6.356 5.918 
271 core 5.502 5.952 
272 core 6.903 4.512 
273 core 7.783 5.021 
274 core 7.025 4.367 
275 core 6.172 4.934 
276 core 6.884 4.697 
277 core 7.159 4.471 
278 core 5.825 5.889 
279 core 6.797 5.204 
280 core 5.893 5.451 
281 core 6.393 4.683 
282 core 7.132 5.099 
283 core 6.863 5.115 
284 core 6.579 4.436 
285 core 5.971 5.375 
286 core 5.965 6.042 
287 core 6.229 4.922 
288 border 4.994 5.183 
289 core 7.588 4.585 
290 core 6.840 5.619 
291 core 5.826 5.876 
292 core 6.959 5.077 
293 core 6.375 4.703 
294 core 5.298 5.923 
295 core 7.807 4.832 
296 core 6.265 4.816 
297 core 5.011 5.159 
298 core 6.989 4.341 
299 core 6.152 5.970 
300 core 4.298 -0.356 
301 core -3.267 -6.355 
302 border 1.865 5.255 
303 core 4.331 -0.759 
304 core -3.568 -4.236 
305 core 1.191 5.707 
306 core 1.429 5.436 
307 core -2.692 -5.363 
308 core -2.355 -5.073 
309 core -1.086 5.350 
310 core -1.909 -5.429 
311 core 4.813 0.395 
312 core -2.238 -6.150 
313 core 4.735 1.300 
314 core 0.759 5.969 
315 core -1.583 -4.402 
316 border -4.599 -5.252 
317 core 4.861 1.000 
318 core 0.275 4.935 
319 core -1.075 4.911 
320 border 0.893 6.643 
321 core -3.054 -5.444 
322 border 3.202 -1.381 
323 core 5.117 0.117 
324 core 4.815 -0.291 
325 core -1.010 6.478 
326 core 5.991 -0.123 
327 core 4.134 0.035 
328 core 4.557 -0.272 
329 core 0.447 4.475 
330 noise -0.710 6.996 
331 core 0.854 4.149 
332 noise -0.012 7.018 
333 core 5.368 0.455 
334 border -1.701 6.367 
335 core 4.990 0.045 
336 core 1.270 4.392 
337 core 3.369 -0.853 
338 noise -1.802 3.161 
339 core -2.167 -5.055 
340 core 4.761 -1.037 
341 core -3.038 -4.657 
342 core -0.433 4.929 
343 core 3.771 0.738 
344 noise -4.285 -3.414 
345 core 5.340 1.182 
346 core 4.952 -0.452 
347 core -1.329 3.713 
348 noise 6.142 -2.407 
349 core 0.640 3.716 
350 core -2.499 -3.475 
351 core -3.148 -4.309 
352 border 5.208 2.112 
353 core -0.676 3.995 
354 core -2.949 -5.082 
355 border 6.213 0.703 
356 core -1.150 4.336 
357 core -2.547 -5.041 
358 core 3.859 -0.899 
359 border -2.045 -5.284 
360 core -1.773 -4.832 
361 core -3.205 -6.415 
362 noise 3.344 2.243 
363 border -4.766 -4.443 
364 core -2.485 -5.860 
365 core -3.798 -5.866 
366 core 4.715 -0.601 
367 core -0.733 3.424 
368 core 4.683 -0.101 
369 core 0.440 3.649 
370 core -0.844 6.060 
371 core 4.653 0.585 
372 noise -5.131 -6.744 
373 core 3.839 0.268 
374 noise -2.686 -7.984 
375 core 5.463 -1.155 
376 core -3.727 -5.031 
377 core 4.246 0.027 
378 border 3.763 1.555 
379 core -3.332 -5.660 
380 core 3.160 -1.055 
381 core -3.294 -5.560 
382 core -3.945 -3.906 
383 core -1.947 -5.991 
384 core 0.793 6.277 
385 core 4.644 1.777 
386 border 0.175 6.118 
387 core 4.545 0.144 
388 core -0.966 4.732 
389 border -3.928 -3.250 
390 core 3.586 -0.458 
391 core -0.114 6.396 
392 core -3.116 -4.252 
393 border -1.672 3.979 
394 core 0.229 3.293 
395 noise -0.630 -5.648 
396 core 0.331 4.338 
397 core -0.760 6.096 
398 core 0.481 4.051 
399 core -0.533 6.023 
400 core -2.292 -6.154 
401 core -4.355 -5.987 
402 core -3.779 -5.763 
403 core -0.619 4.467 
404 core 4.746 1.557 
405 core -0.964 4.802 
406 core -3.573 -3.827 
407 noise 3.805 -2.554 
408 noise -2.791 -2.393 
409 noise -2.782 -2.404 
410 core -3.725 -3.338 
411 core -1.315 4.121 
412 core 0.316 6.001 
413 core 5.975 0.427 
414 core -3.965 -4.543 
415 core 0.783 4.244 
416 core -0.384 5.257 
417 core 1.589 4.764 
418 core 6.101 -0.250 
419 core 0.431 4.839 
420 core -3.248 -5.616 
421 core 0.164 5.979 
422 core -0.468 3.719 
423 core 0.916 6.243 
424 core -3.214 -5.853 
425 core -0.530 5.093 
426 core -1.992 -5.363 
427 core -1.191 4.565 
428 core -3.263 -3.667 
429 core -3.338 -3.694 
430 core 0.348 5.209 
431 border 4.731 2.048 
432 core 0.309 2.860 
433 core 0.395 4.915 
434 core 1.383 4.365 
435 core 0.140 5.570 
436 core 3.539 -0.403 
437 core -3.115 -5.427 
438 core -4.301 -5.267 
439 core 4.472 1.076 
440 core 4.151 -0.340 
441 noise -2.870 3.654 
442 core -3.011 -4.384 
443 core -0.192 3.076 
444 noise 1.530 7.423 
445 core 4.473 -0.179 
446 core 0.704 4.583 
447 core 3.625 1.184 
448 core 3.913 0.495 
449 core 0.772 4.402 
450 core -0.360 4.411 
451 noise 6.516 1.433 
452 core -0.103 3.609 
453 core -1.624 -5.522 
454 core -2.685 -5.179 
455 core 4.951 0.517 
456 border -4.178 -6.578 
457 core 1.227 4.242 
458 core 5.007 0.563 
459 core -2.498 -4.724 
460 core 3.717 -0.460 
461 noise -3.686 -2.560 
462 core -2.587 -4.082 
463 core -1.561 -4.203 
464 core 4.079 0.453 
465 noise -0.532 7.170 
466 core -3.131 -5.074 
467 core 0.588 4.397 
468 core 0.975 5.313 
469 core -0.763 4.419 
470 core -0.544 5.722 
471 core -1.393 5.321 
472 core 3.632 -0.280 
473 core 4.597 -0.776 
474 core 3.604 -0.925 
475 border -1.580 -6.076 
476 core 5.419 0.570 
477 core 1.119 5.270 
478 core -0.115 5.672 
479 core -3.520 -4.638 
480 core 4.917 0.044 
481 core 0.654 4.597 
482 core 4.442 1.488 
483 core 0.550 4.214 
484 core -3.424 -5.550 
485 core 4.038 0.067 
486 border 1.367 6.281 
487 noise -2.072 4.711 
488 border 3.078 -0.253 
489 core 3.286 -0.301 
490 core 4.525 1.204 
491 core -1.917 -4.676 
492 core -0.312 5.935 
493 core -0.570 5.667 
494 noise 1.259 7.173 
495 core 4.071 0.580 
496 core -1.839 -5.452 
497 border 5.075 -1.672 
498 core 0.429 5.646 
499 core -0.519 3.981 
500 core 4.823 -1.025 
501 core -0.608 5.271 
502 core -2.755 -5.858 
503 noise 3.111 5.007 
504 core 4.959 -0.056 
505 border -3.689 -6.734 
506 core 4.721 -0.068 
507 core 4.013 0.920 
508 core -2.731 -6.271 
509 core 4.715 0.090 
510 core -3.995 -6.176 
511 core 4.777 0.025 
512 border -1.227 6.478 
513 core 4.015 0.326 
514 core 3.879 -0.075 
515 core -0.670 5.517 
516 core 5.783 0.689 
517 border 0.682 6.623 
518 core 1.081 6.104 
519 border 4.499 -2.143 
520 core -0.431 3.439 
521 core -3.283 -5.711 
522 core 4.009 0.511 
523 core 5.375 0.893 
524 core 0.068 3.445 
525 core -2.708 -4.831 
526 core 1.243 5.579 
527 core -0.975 4.158 
528 core -3.623 -5.160 
529 core -3.036 -5.484 
530 noise -5.054 -4.201 
531 border 1.261 6.357 
532 core -3.385 -5.575 
533 core -0.503 5.450 
534 core 5.103 -0.459 
535 core -3.749 -5.477 
536 noise 0.735 7.051 
537 core -3.143 -4.418 
538 border -4.704 -5.833 
539 border 3.139 -0.882 
540 noise -2.741 3.637 
541 border 3.126 1.274 
542 core -1.560 -4.503 
543 core -3.512 -5.666 
544 core -1.554 -4.687 
545 core 5.730 0.004 
546 core 5.825 0.611 
547 core 0.992 4.775 
548 core -2.485 -5.559 
549 core 5.964 -0.645 
550 core -0.119 6.391 
551 core 5.072 -0.355 
552 core 4.208 -0.326 
553 noise -4.757 -6.466 
554 border 5.177 1.691 
555 noise -1.123 -6.628 
556 core -0.667 5.487 
557 core -0.800 5.760 
558 core -1.327 4.462 
559 core 5.425 -0.201 
560 core -0.714 5.137 
561 core 0.833 3.909 
562 core 4.718 0.694 
563 noise -4.157 -7.176 
564 core 4.284 -1.727 
565 core -3.698 -4.811 
566 core -3.663 -3.954 
567 core 5.661 0.163 
568 core 4.322 0.707 
569 border 6.110 -0.046 
570 core 0.568 5.213 
571 core 4.144 0.016 
572 core -0.806 5.980 
573 core -1.768 -5.797 
574 border 5.590 -1.665 
575 core 0.322 3.944 
576 core 1.000 4.647 
577 core 5.088 -1.010 
578 core -3.275 -3.896 
579 noise 1.279 -4.584 
580 core -3.743 -3.974 
581 core 0.588 5.135 
582 core 4.458 -1.081 
583 core 4.342 1.504 
584 core -0.736 6.139 
585 core -1.368 5.912 
586 core -3.741 -4.155 
587 core -3.627 -5.863 
588 core 1.080 6.062 
589 core -2.983 -6.445 
590 core 4.064 -0.376 
591 core 0.812 5.284 
592 core -0.561 4.810 
593 core 4.838 -1.190 
594 core 0.096 4.072 
595 core -0.312 4.476 
596 core 0.131 3.942 
597 core -2.243 -5.508 
598 core 1.423 4.551 
599 core 0.451 4.580 
600 core 4.976 1.469 
601 core 5.650 -0.522 
602 core 0.540 5.522 
603 core 0.659 4.775 
604 core 5.200 -1.458 
605 core -0.043 3.785 
606 core 0.370 4.657 
607 core -2.641 -5.911 
608 border -4.406 -6.419 
609 core 4.141 0.608 
610 core 5.373 -1.248 
611 core 4.148 0.227 
612 core 5.155 0.681 
613 core -1.154 4.617 
614 core 0.817 5.595 
615 core -3.256 -5.425 
616 core 0.509 4.702 
617 noise 1.229 7.340 
618 core -2.642 -4.847 
619 core 4.614 -0.749 
620 border -0.027 6.867 
621 core 4.060 -1.549 
622 core -1.686 -4.174 
623 core 0.733 4.633 
624 core -4.037 -4.298 
625 core 4.343 -0.184 
626 core -2.363 -5.594 
627 core -3.198 -5.384 
628 border -3.080 -6.717 
629 core -3.961 -5.534 
630 core 4.117 -0.891 
631 core -1.617 -4.004 
632 core -0.848 5.438 
633 core -3.280 -6.103 
634 border -3.300 -6.890 
635 core -3.612 -6.465 
636 core -0.321 5.263 
637 noise -3.503 -7.227 
638 core 3.619 1.240 
639 core 3.541 -1.109 
640 core 4.354 1.472 
641 core 3.895 0.079 
642 core -2.079 -5.420 
643 border 3.529 -1.854 
644 core 0.158 3.369 
645 core -2.033 -5.734 
646 border 1.728 4.715 
647 core 5.839 0.276 
648 noise -2.515 5.911 
649 core 4.139 0.142 
650 core 3.286 0.308 
651 core 4.696 0.246 
652 core 4.355 -0.842 
653 core -2.388 -4.681 
654 core -0.015 6.016 
655 core -0.721 5.803 
656 core -2.980 -3.572 
657 core 5.239 0.315 
658 core 5.531 0.863 
659 core 4.263 0.102 
660 core -0.115 5.322 
661 core 4.374 -0.969 
662 core -0.569 5.526 
663 core -0.482 5.802 
664 core -4.187 -4.714 
665 core -0.241 3.559 
666 border -2.242 -3.703 
667 core -0.832 4.978 
668 border 3.783 -1.708 
669 core -1.182 3.660 
670 noise 1.818 6.262 
671 border 1.138 3.262 
672 core 4.280 -0.532 
673 core -3.060 -4.681 
674 core -3.264 -5.377 
675 core 5.875 -0.661 
676 core -3.299 -5.475 
677 noise -2.099 4.686 
678 core -2.109 -4.463 
679 core -0.292 5.953 
680 core -0.900 5.955 
681 core -0.211 3.863 
682 core 4.238 -0.429 
683 core -0.903 3.638 
684 core 3.792 -0.311 
685 core -1.013 6.259 
686 core 3.582 0.948 
687 core -2.520 -3.282 
688 core -0.963 5.663 
689 border 4.902 -1.813 
690 core 0.916 4.148 
691 noise -1.617 -2.937 
692 core -1.206 5.344 
693 core -0.198 4.515 
694 core -3.697 -5.117 
695 core 5.325 1.174 
696 core -3.477 -4.407 
697 core -0.485 4.221 
698 core 5.143 -0.548 
699 border -1.250 -4.945 
700 core 0.407 5.779 
701 core 6.088 -0.197 
702 noise 1.753 7.681 
703 core 3.332 1.100 
704 core -3.230 -5.660 
705 core 4.385 -1.204 
706 border 0.631 6.514 
707 border 0.042 5.029 
708 core -1.366 6.459 
709 core 5.115 -1.159 
710 noise -2.912 -7.427 
711 core 4.182 -1.209 
712 border -1.388 3.423 
713 core 0.568 4.125 
714 core 4.176 -0.751 
715 core 0.519 5.529 
716 noise -1.527 7.219 
717 core 5.309 -0.450 
718 noise -0.948 -5.485 
719 border -1.733 3.705 
720 core -3.603 -5.818 
721 core -4.283 -4.635 
722 core 4.697 1.541 
723 core 5.776 -0.390 
724 border 3.469 1.605 
725 core 0.000 3.492 
726 core -1.441 -3.994 
727 core 4.044 -0.298 
728 core 0.144 4.845 
729 core 4.199 -1.453 
730 core -0.517 3.857 
731 core -3.131 -4.655 
732 noise -5.719 -5.045 
733 core 0.543 4.505 
734 core -4.019 -6.061 
735 core 5.716 -0.715 
736 core -3.940 -4.344 
737 border -3.121 -4.635 
738 border -1.761 6.452 
739 core 4.778 -0.157 
740 core -4.216 -4.774 
741 core 3.433 -1.277 
742 core -3.435 -6.354 
743 core 1.011 4.294 
744 noise -4.984 -3.255 
745 core 5.121 -0.784 
746 border 1.884 5.197 
747 core -1.772 -5.814 
748 core -3.320 -6.010 
749 border -1.290 -5.431 
750 core 5.777 1.007 
751 core 0.971 3.405 
752 core 0.344 5.692 
753 noise 1.494 6.614 
754 core -1.338 5.984 
755 core 5.283 -0.393 
756 core -2.809 -5.674 
757 core 3.905 1.368 
758 core 0.184 5.601 
759 core -2.898 -3.352 
760 core 5.435 0.518 
761 noise -2.776 -2.685 
762 border 6.051 1.085 
763 core -0.670 6.204 
764 core 4.364 1.447 
765 core 4.071 -0.090 
766 core 4.336 -0.155 
767 core 0.576 4.973 
768 core -3.404 -3.288 
769 border -4.902 -4.737 
770 core -1.127 5.589 
771 core -0.444 5.152 
772 border -1.669 5.575 
773 core 5.150 -1.142 
774 core 4.753 -0.655 
775 core 4.908 -0.807 
776 core -0.204 5.493 
777 core -3.715 -3.976 
778 noise -1.427 -6.588 
779 core -1.386 4.420 
780 core 4.470 1.532 
781 core 1.055 5.766 
782 core 3.974 -0.362 
783 core 4.526 -1.290 
784 core -0.561 5.778 
785 core 4.322 -0.738 
786 border -1.285 -5.253 
787 core 5.057 0.432 
788 core -4.710 -4.669 
789 core 3.812 -1.084 
790 core 3.681 0.564 
791 noise -1.990 -7.162 
792 core -3.605 -5.116 
793 core 3.676 0.151 
794 core -3.115 -5.474 
795 core 0.669 2.324 
796 core 3.588 -0.956 
797 core -3.809 -4.052 
798 core -0.124 4.635 
799 core 0.690 4.468 
800 core 4.746 0.377 
801 core 0.350 5.752 
802 noise -2.736 5.238 
803 core 0.913 5.073 
804 core 5.733 -0.407 
805 core -3.232 -5.322 
806 core -4.233 -4.838 
807 core 5.179 -0.029 
808 core 4.298 0.506 
809 core 1.507 4.101 
810 core 5.751 -0.304 
811 core 4.480 0.514 
812 core -3.604 -5.225 
813 core 4.446 0.640 
814 core -3.890 -4.560 
815 core -2.201 -4.760 
816 core 4.170 0.443 
817 core -1.126 5.649 
818 core -4.232 -5.618 
819 core 4.458 0.760 
820 core -0.543 6.211 
821 border 6.225 0.593 
822 core 4.407 0.609 
823 core -0.084 5.719 
824 core -2.409 -3.510 
825 core 0.478 5.375 
826 core 5.186 -0.972 
827 core 4.962 -0.228 
828 core 0.795 5.372 
829 core 0.465 4.297 
830 noise -2.187 4.647 
831 core 1.357 5.110 
832 core 0.062 4.736 
833 core 4.514 -1.314 
834 core 4.912 0.869 
835 core -3.537 -3.161 
836 border -1.282 -3.782 
837 border 1.681 3.665 
838 core -3.490 -4.175 
839 core 4.127 0.217 
840 core 0.293 4.372 
841 core 0.061 3.338 
842 core 0.368 6.068 
843 core 1.583 5.261 
844 core 0.029 4.865 
845 core 0.964 4.463 
846 core 3.705 -0.930 
847 core -0.761 5.142 
848 core -1.415 6.360 
849 border 1.688 3.507 
850 core 4.198 0.130 
851 core -3.386 -5.205 
852 core 4.187 0.585 
853 core 0.315 2.249 
854 core -1.764 -3.896 
855 core 5.377 1.314 
856 core -0.124 5.729 
857 core 4.919 0.110 
858 core 4.497 -0.332 
859 border -3.925 -6.620 
860 border -1.340 -3.558 
861 noise -2.703 -2.273 
862 core -2.019 -5.800 
863 core -4.063 -4.423 
864 core -0.986 4.295 
865 core -1.437 5.656 
866 core -0.648 4.676 
867 border -1.572 3.939 
868 core -3.988 -4.353 
869 core 4.930 0.054 
870 core -3.280 -4.488 
871 core -2.316 -5.382 
872 border -3.797 -3.148 
873 core -3.493 -3.397 
874 noise -1.387 -6.345 
875 core 5.212 -1.450 
876 core -0.328 5.815 
877 core -2.904 -5.671 
878 core -2.492 -4.901 
879 core -3.377 -4.835 
880 core -2.720 -4.413 
881 core 1.276 4.127 
882 core 5.567 -0.028 
883 core 0.457 4.426 
884 core -4.487 -4.425 
885 core 4.884 -1.128 
886 core 0.126 6.398 
887 core -4.646 -4.748 
888 noise -5.091 -3.626 
889 core -1.767 -5.205 
890 core 0.328 4.939 
891 core -0.131 5.069 
892 core 1.459 4.593 
893 noise -5.250 -5.200 
894 border -4.117 -3.967 
895 core -0.193 4.870 
896 core -0.833 5.290 
897 core -1.329 5.039 
898 core 3.960 0.456 
899 core 5.680 0.041 
900 core 5.549 -0.080 
901 core -2.716 -5.915 
902 core -2.666 -3.620 
903 core 4.107 0.048 
904 core 4.627 1.624 
905 core 4.690 -1.150 
906 core 0.913 5.126 
907 border -1.430 -5.857 
908 core -2.371 -4.417 
909 noise -1.638 -7.382 
910 core 0.268 5.626 
911 core 4.740 -0.013 
912 core -2.073 -4.664 
913 core -2.687 -4.890 
914 core -4.042 -5.784 
915 core 1.144 4.504 
916 noise -4.091 -7.138 
917 core 4.860 0.106 
918 border 1.448 5.739 
919 border 1.683 5.485 
920 core -1.682 -4.427 
921 border -3.473 -2.888 
922 core 4.686 0.721 
923 border -1.802 6.556 
924 core -0.631 6.171 
925 core -0.529 5.379 
926 core 4.000 -0.816 
927 core -0.587 5.176 
928 core -2.403 -6.074 
929 core 3.727 -0.324 
930 core -0.371 4.143 
931 core -4.085 -4.935 
932 core 1.130 4.438 
933 core -1.110 5.441 
934 core 4.212 -0.136 
935 core -1.305 5.598 
936 core -0.498 5.853 
937 border 5.686 -1.673 
938 core 5.218 -0.960 
939 core 4.906 -0.901 
940 core 4.411 -0.389 
941 border -3.134 -6.919 
942 border -2.178 -5.156 
943 core 5.153 -0.806 
944 border 3.175 -0.792 
945 core 4.521 0.123 
946 core -1.780 -3.992 
947 border 3.166 -1.682 
948 core -2.402 -3.876 
949 core -2.886 -6.222 
950 core -2.226 -5.254 
951 border -0.303 6.526 
952 core 5.396 -0.025 
953 core -3.935 -6.072 
954 noise 0.258 7.750 
955 core -4.179 -3.919 
956 core -2.423 -4.669 
957 core 5.783 -0.582 
958 core -0.537 4.062 
959 border -3.806 -6.879 
960 core -3.497 -3.634 
961 core -3.006 -4.045 
962 border 6.015 1.328 
963 core -0.574 5.701 
964 core -3.456 -6.040 
965 core 3.783 0.223 
966 core -0.224 4.924 
967 core -2.646 -5.781 
968 noise -0.849 -5.331 
969 core 5.637 0.898 
970 core -4.613 -5.346 
971 core 4.885 -1.252 
972 core 5.511 0.884 
973 core 5.798 -0.223 
974 core -2.001 -5.240 
975 core -3.135 -5.256 
976 noise -3.476 -1.851 
977 border 3.039 0.358 
978 core -0.241 4.748 
979 border 6.173 -1.104 
980 core 1.539 5.377 
981 core -0.337 4.340 
982 noise -0.771 -5.593 
983 core -3.303 -4.873 
984 core -0.209 3.984 
985 core 3.689 -0.358 
986 core -4.540 -4.336 
987 noise 1.852 3.139 
988 noise -5.312 -4.549 
989 core 4.604 0.057 
990 core 0.077 4.878 
991 core -3.113 -6.025 
992 core -2.729 -5.160 
993 core -3.832 -4.778 
994 core -3.297 -5.504 
995 core -3.042 -4.983 
996 border -1.163 -4.352 
997 core 3.591 1.035 
998 core 4.476 -1.356 
999 core -2.812 -3.789 
1000 core -0.962 4.992 
1001 core 5.006 1.875 
1002 core -2.165 -5.023 
1003 core 5.963 0.025 
1004 core -1.133 4.697 
1005 core 4.182 -0.405 
1006 border 3.108 0.474 
1007 core -0.756 2.873 
1008 core -3.624 -4.673 
1009 core -1.860 -5.272 
1010 core 0.165 5.377 
1011 noise -0.192 7.173 
1012 core -1.055 6.047 
1013 core -0.000 5.844 
1014 core 5.569 0.141 
1015 core -0.244 4.303 
1016 border 3.480 -1.665 
1017 border -4.843 -5.114 
1018 core 0.801 5.472 
1019 core -1.747 -5.160 
1020 core 5.348 -0.960 
1021 core -3.485 -5.537 
1022 core -3.780 -4.794 
1023 noise -4.974 -7.354 
1024 core -3.295 -5.386 
1025 core 4.386 -0.034 
1026 border -4.066 -3.051 
1027 core 3.933 1.057 
1028 core 4.406 1.554 
1029 core 3.883 -1.704 
1030 core 4.488 0.285 
1031 noise 2.409 4.923 
1032 core -2.927 -5.301 
1033 core 3.287 0.308 
1034 border 3.050 -0.935 
1035 core 5.478 1.291 
1036 core -3.523 -6.167 
1037 core 0.598 3.553 
1038 core 5.553 -0.510 
1039 core -3.038 -3.928 
1040 noise -2.739 -2.767 
1041 core -0.315 5.442 
1042 core 4.333 -0.701 
1043 core -3.264 -4.520 
1044 core -0.872 4.062 
1045 border 4.644 0.595 
1046 core 0.588 4.573 
1047 border 0.090 6.844 
1048 core 4.180 -1.334 
1049 core -0.622 5.413 
1050 noise 7.111 1.517 
1051 core 3.635 1.108 
1052 core -3.554 -4.990 
1053 core -3.523 -6.074 
1054 core 3.961 -1.443 
1055 noise -2.882 -2.825 
1056 noise -2.802 -7.361 
1057 border 6.328 -0.807 
1058 core 3.608 -0.422 
1059 core 6.139 0.068 
1060 noise -1.792 -6.588 
1061 core 3.760 -1.041 
1062 core -2.869 -5.839 
1063 core 0.087 4.407 
1064 core 4.835 -0.641 
1065 core -3.787 -4.461 
1066 core -3.883 -5.066 
1067 core -0.701 4.848 
1068 core -4.456 -5.503 
1069 core 0.224 4.697 
1070 core 5.576 -0.089 
1071 core 5.932 -0.546 
1072 core 5.865 -0.305 
1073 core 3.710 0.853 
1074 core -1.091 4.686 
1075 core -2.764 -4.145 
1076 noise 6.606 -0.678 
1077 noise -2.652 -6.850 
1078 core -1.395 -4.776 
1079 noise -4.176 -8.808 
1080 core -0.222 4.087 
1081 core 0.801 4.895 
1082 core -0.135 5.109 
1083 core -3.616 -4.498 
1084 core 4.068 -0.820 
1085 core -2.901 -5.762 
1086 core 4.894 1.185 
1087 core 0.531 4.677 
1088 core -3.897 -5.942 
1089 core 3.843 0.182 
1090 core -0.357 3.943 
1091 core 5.448 -0.142 
1092 core 3.490 0.233 
1093 border -4.322 -3.473 
1094 core -3.498 -3.820 
1095 core -1.137 4.347 
1096 core 0.091 5.568 
1097 core 4.391 -0.617 
1098 core -1.966 -5.232 
1099 core -2.866 -4.592 
1100 core -1.108 5.367 
1101 core 0.455 5.133 
1102 core -0.773 4.476 
1103 core -1.806 -3.990 
1104 core 4.062 0.359 
1105 core -0.514 3.690 
1106 core 5.088 -0.434 
1107 core -0.900 4.417 
1108 border -2.486 -3.010 
1109 noise -1.933 6.276 
1110 core -2.720 -4.273 
1111 core -3.771 -4.785 
1112 core -3.609 -5.586 
1113 core 5.250 -1.729 
1114 core -4.268 -4.614 
1115 core 5.283 0.161 
1116 core -3.720 -4.431 
1117 core -2.437 -4.260 
1118 core -1.582 -5.401 
1119 core -3.916 -4.443 
1120 core 3.322 -0.366 
1121 core 5.070 1.872 
1122 core -3.040 -4.882 
1123 core -0.009 3.918 
1124 core -0.306 4.723 
1125 core -3.973 -4.327 
1126 core -3.112 -4.749 
1127 core 0.782 5.684 
1128 core -3.756 -5.249 
1129 core -4.231 -5.116 
1130 core -3.478 -6.284 
1131 core 3.917 0.772 
1132 core 4.414 1.156 
1133 core 3.518 0.067 
1134 core 3.947 0.904 
1135 core -3.395 -4.152 
1136 core 3.786 -0.883 
1137 core -1.553 4.337 
1138 core -2.187 -5.883 
1139 core -0.894 6.382 
1140 border -1.829 5.539 
1141 core -0.117 5.825 
1142 core 3.614 0.142 
1143 core 1.459 4.739 
1144 core 4.698 -0.440 
1145 core 4.148 -0.729 
1146 core 3.300 0.391 
1147 core 0.618 4.011 
1148 core 5.004 -0.184 
1149 core -1.172 3.334 
1150 border 4.076 -2.131 
1151 core 5.084 -0.654 
1152 core -1.046 4.979 
1153 core -3.577 -5.688 
1154 core 4.794 0.836 
1155 core 5.388 -1.775 
1156 core 0.326 4.532 
1157 core 5.693 -1.004 
1158 core 4.196 0.063 
1159 core -1.951 -5.610 
1160 core -1.608 -5.218 
1161 noise 6.142 -2.808 
1162 core -3.281 -3.177 
1163 core -2.610 -6.026 
1164 core -2.821 -3.632 
1165 core -0.875 5.348 
1166 core -2.751 -3.689 
1167 border 1.572 3.716 
1168 noise -1.736 3.279 
1169 noise -1.533 7.139 
1170 core -3.032 -6.336 
1171 core 5.544 -1.361 
1172 core -2.873 -5.002 
1173 core -1.973 -5.182 
1174 core 4.722 0.059 
1175 core -4.096 -6.062 
1176 core 0.974 5.569 
1177 core -0.818 6.173 
1178 core -1.890 -5.802 
1179 border 3.406 -1.672 
1180 border -0.248 4.440 
1181 core -3.848 -4.483 
1182 core -3.478 -5.697 
1183 border 5.726 1.482 
1184 core 0.949 5.895 
1185 core -3.262 -3.301 
1186 core 4.355 -0.124 
1187 core 4.654 1.650 
1188 core 1.115 4.148 
1189 core 0.270 5.123 
1190 core -0.723 5.113 
1191 core -3.168 -5.956 
1192 core -3.036 -4.689 
1193 core 4.315 0.715 
1194 border -1.100 2.533 
1195 noise -0.542 7.621 
1196 border -3.320 -4.746 
1197 border -1.520 3.703 
1198 core -4.110 -4.805 
1199 core 5.046 0.525 
1200 core -2.633 -4.379 
1201 core -3.682 -3.285 
1202 noise -1.935 7.046 
1203 core -2.736 -5.780 
1204 core -1.804 -4.763 
1205 core -0.270 3.864 
1206 core 0.429 4.699 
1207 core -0.853 4.422 
1208 core 0.459 2.994 
1209 border -1.874 5.203 
1210 noise 4.097 2.027 
1211 core -1.932 -4.175 
1212 noise 1.833 6.074 
1213 core 4.550 -0.574 
1214 border -4.843 -4.188 
1215 core -3.783 -5.133 
1216 border 3.109 0.334 
1217 core 4.165 1.505 
1218 border 3.171 0.871 
1219 core -0.750 5.026 
1220 border -4.669 -5.512 
1221 core -1.629 -4.532 
1222 core -4.214 -5.405 
1223 core 5.017 0.599 
1224 core 0.700 3.928 
1225 core -4.045 -4.992 
1226 core 0.340 4.135 
1227 core 5.781 -0.307 
1228 noise -0.761 -3.843 
1229 core -3.301 -3.822 
1230 core 4.195 -0.193 
1231 border -2.429 -3.101 
1232 core 4.401 -0.439 
1233 core 4.780 0.045 
1234 core 4.134 0.144 
1235 noise -2.572 5.702 
1236 border -2.330 -6.452 
1237 core -0.839 3.602 
1238 core -2.713 -4.556 
1239 core -1.705 -4.833 
1240 core 4.949 -0.084 
1241 core -0.013 4.704 
1242 core 3.489 0.676 
1243 core -4.263 -4.676 
1244 core -2.975 -6.307 
1245 core -1.106 5.358 
1246 core -1.285 4.832 
1247 core 1.266 3.691 
1248 core 3.906 -0.616 
1249 core -0.061 4.742 
1250 core -0.389 2.699 
1251 core -1.815 -3.743 
1252 core -0.529 4.532 
1253 core 4.675 1.593 
1254 core -2.928 -4.237 
1255 core 3.695 0.091 
1256 core -4.365 -4.342 
1257 noise -1.996 -6.985 
1258 core -2.067 -4.244 
1259 core -2.330 -4.212 
1260 core 1.381 4.943 
1261 core 4.723 -1.663 
1262 core -0.964 5.122 
1263 core -1.727 -5.126 
1264 core -2.594 -5.534 
1265 core 0.224 5.776 
1266 core 5.402 -0.711 
1267 border -4.385 -6.484 
1268 noise -0.605 -5.631 
1269 border -2.749 -2.972 
1270 core 0.904 3.960 
1271 core 5.192 -1.599 
1272 core -3.094 -3.717 
1273 core 0.435 4.338 
1274 core 0.792 4.692 
1275 core 4.187 0.506 
1276 core -4.195 -4.016 
1277 border -1.826 -3.245 
1278 core 4.448 0.122 
1279 core 0.222 5.286 
1280 core -0.584 6.354 
1281 core -2.669 -5.204 
1282 border -0.928 -0.407 
1283 core -0.303 -0.964 
1284 core -0.115 0.642 
1285 core 0.310 0.644 
1286 core -0.041 -0.637 
1287 core 0.118 -0.999 
1288 core -0.243 -0.992 
1289 core -0.186 -0.708 
1290 core -0.196 -0.981 
1291 border -0.282 0.755 
1292 core -0.838 0.460 
1293 core -0.764 0.076 
1294 core 0.976 -0.214 
1295 core -0.353 -0.636 
1296 core -0.852 -0.551 
1297 core 0.669 -0.099 
1298 core -0.596 0.457 
1299 core 0.644 -0.086 
1300 core -0.109 -0.918 
1301 border 1.011 -0.365 
1302 core 0.574 -0.512 
1303 core 0.501 -0.459 
1304 core 0.256 -0.646 
1305 core -0.535 0.372 
1306 core -0.338 0.652 
1307 core 0.719 0.095 
1308 core 0.720 0.411 
1309 core -0.869 0.578 
1310 core -0.816 0.501 
1311 core -0.592 -0.300 
1312 core 0.505 0.840 
1313 border 1.044 -0.308 
1314 core -0.713 0.250 
1315 core 0.416 0.938 
1316 core -0.643 -0.264 
1317 core 0.194 -0.701 
1318 core -0.354 1.090 
1319 core -0.711 0.620 
1320 core -0.551 -0.386 
1321 core -0.394 -0.624 
1322 core 0.470 0.791 
1323 core -0.268 0.950 
1324 core -0.431 0.867 
1325 core -0.493 -0.456 
1326 core -0.666 -0.017 
1327 core -0.062 0.986 
1328 core -0.936 -0.273 
1329 core -1.037 -0.069 
1330 core -0.886 0.545 
1331 core 0.728 0.677 
1332 core 0.344 0.654 
1333 core -0.824 -0.398 
1334 core -0.813 -0.516 
1335 core -0.671 0.329 
1336 core -0.792 0.071 
1337 core 0.344 0.608 
1338 core -0.582 -0.701 
1339 core -0.920 -0.400 
1340 core -0.202 -0.601 
1341 core -0.803 -0.748 
1342 core 0.524 0.474 
1343 core -0.288 0.671 
1344 border 0.549 -0.855 
1345 core -0.636 0.140 
1346 core -0.653 0.790 
1347 core -0.263 -0.930 
1348 core 0.799 0.625 
1349 core 0.260 0.610 
1350 core -0.560 0.382 
1351 core 0.934 -0.122 
1352 core -0.052 -0.633 
1353 core -0.703 0.034 
1354 core -0.903 -0.534 
1355 core -0.492 -0.849 
1356 core -0.202 0.691 
1357 core -0.633 0.361 
1358 core -0.147 0.936 
1359 core 0.992 0.365 
1360 core -0.491 0.541 
1361 core -0.307 0.659 
1362 core -0.052 -1.006 
1363 core -0.932 -0.135 
1364 core -0.825 0.603 
1365 core 0.364 0.853 
1366 core -0.561 -0.476 
1367 core -0.571 0.172 
1368 core -0.302 -0.639 
1369 core -0.696 -0.145 
1370 core -0.361 0.642 
1371 core -0.955 -0.017 
1372 border 1.076 0.198 
1373 core -0.714 0.708 
1374 core -0.160 -0.679 
1375 core -0.975 -0.191 
1376 core -0.437 0.885 
1377 core -0.603 -0.285 
1378 core -0.591 0.483 
1379 core -0.483 0.551 
1380 core -1.064 0.063 
1381 core 0.976 0.303 
1382 border 0.190 1.008 
1383 core 0.687 -0.246 
1384 core -0.910 0.296 
1385 core -0.534 0.876 
1386 core -0.440 0.585 
1387 border -0.496 -0.864 
1388 core -0.328 -0.683 
1389 core -1.022 0.207 
1390 core -0.632 -0.215 
1391 core -0.682 -0.226 
1392 core 0.353 -0.593 
1393 core -0.109 0.689 
1394 core -0.050 0.775 
1395 core -0.618 0.170 
1396 core -0.522 -0.802 
1397 core -0.477 -0.518 
1398 core -0.406 -0.893 
1399 core -0.153 -0.660 
1400 core -0.555 0.828 
1401 core -0.137 1.067 
1402 core -0.672 0.825 
1403 core -0.032 0.732 
1404 core -0.360 0.956 
1405 core -0.762 -0.763 
1406 core -0.756 0.083 
1407 core -0.830 -0.558 
1408 core -0.467 -0.400 
1409 core -1.030 0.230 
1410 core -0.698 -0.353 
1411 core -0.253 -0.656 
1412 core -1.045 -0.070 
1413 core 0.694 -0.608 
1414 border -0.986 2.831 
1415 core -0.974 0.989 
1416 core -0.963 3.934 
1417 border -0.934 0.805 
1418 core -0.934 3.764 
1419 core -0.928 3.842 
1420 border -0.906 1.363 
1421 core -0.898 0.693 
1422 border -0.889 2.893 
1423 border -0.878 1.406 
1424 border -0.877 2.697 
1425 core -0.852 1.124 
1426 border -0.835 2.963 
1427 core -0.812 3.872 
1428 core -0.779 3.266 
1429 core -0.765 3.229 
1430 core -0.751 0.760 
1431 core -0.747 3.843 
1432 core -0.739 3.183 
1433 core -0.737 0.695 
1434 core -0.700 1.274 
1435 core -0.699 3.821 
1436 border -0.669 1.621 
1437 core -0.634 3.682 
1438 core -0.613 0.244 
1439 core -0.574 3.976 
1440 border -0.568 1.994 
1441 core -0.542 0.547 
1442 core -0.485 2.232 
1443 core -0.464 0.594 
1444 core -0.455 0.244 
1445 core -0.436 3.676 
1446 core -0.390 0.165 
1447 core -0.385 1.047 
1448 core -0.381 3.894 
1449 core -0.373 3.790 
1450 core -0.346 0.740 
1451 core -0.345 0.506 
1452 core -0.345 3.938 
1453 border -0.335 1.498 
1454 core -0.324 3.612 
1455 core -0.305 0.428 
1456 core -0.290 0.576 
1457 core -0.251 0.738 
1458 core -0.218 2.120 
1459 core -0.217 2.599 
1460 border -0.185 3.001 
1461 core -0.166 2.387 
1462 core -0.159 3.091 
1463 border -0.157 1.495 
1464 core -0.156 3.698 
1465 core -0.132 2.473 
1466 core -0.132 2.566 
1467 core -0.112 1.987 
1468 border -0.081 1.525 
1469 core -0.073 3.256 
1470 core -0.064 3.500 
1471 core -0.053 0.899 
1472 core -0.032 0.335 
1473 core -0.027 0.872 
1474 core -0.024 2.283 
1475 core 0.045 2.709 
1476 core 0.083 0.927 
1477 core 0.133 0.991 
1478 core 0.165 0.486 
1479 core 0.178 3.408 
1480 core 0.183 2.202 
1481 core 0.216 0.311 
1482 core 0.244 1.930 
1483 core 0.346 1.092 
1484 border 0.348 1.627 
1485 core 0.348 1.932 
1486 core 0.353 1.324 
1487 core 0.359 0.528 
1488 core 0.389 1.945 
1489 border 0.391 1.678 
1490 core 0.400 3.471 
1491 core 0.407 2.552 
1492 core 0.445 2.935 
1493 core 0.454 3.801 
1494 core 0.468 2.753 
1495 core 0.490 3.368 
1496 core 0.501 3.807 
1497 core 0.561 3.774 
1498 core 0.579 2.019 
1499 core 0.581 2.738 
1500 core 0.623 3.122 
1501 core 0.640 2.829 
1502 core 0.648 2.847 
1503 core 0.650 1.136 
1504 core 0.676 3.129 
1505 core 0.688 2.009 
1506 core 0.693 2.709 
1507 core 0.725 0.949 
1508 core 0.731 2.717 
1509 core 0.732 3.165 
1510 core 0.736 0.509 
1511 core 0.761 3.023 
1512 core 0.773 2.828 
1513 core 0.792 0.149 
1514 border 0.808 2.032 
1515 core 0.836 2.692 
1516 core 0.841 0.746 
1517 border 0.887 1.550 
1518 core 0.887 2.847 
1519 border 0.970 2.011 
1520 core 0.972 3.811 
1521 border 0.981 1.488 
1522 core 0.985 3.406 
