2800 3
1.111 1.576 2.584 
2.166 2.081 1.269 
3.619 3.646 3.133 
2.872 1.542 2.872 
1.663 3.454 3.231 
2.212 1.592 2.105 
2.898 1.565 1.504 
3.206 2.088 1.798 
2.842 2.359 1.576 
2.538 2.825 3.263 
1.404 2.804 2.956 
1.498 1.661 3.794 
2.412 3.155 2.787 
2.814 1.754 1.902 
1.357 1.343 3.291 
3.947 2.856 2.307 
2.256 1.957 3.239 
1.614 3.797 2.333 
1.024 3.530 3.273 
3.044 1.251 3.882 
2.046 2.842 1.698 
2.371 1.076 1.606 
2.656 1.925 3.907 
2.124 1.993 2.341 
3.060 3.802 3.240 
1.439 2.367 1.225 
2.698 2.351 2.026 
2.450 1.064 3.208 
2.470 1.410 1.815 
1.862 3.213 2.936 
2.663 3.948 1.933 
2.443 2.813 2.717 
2.160 2.677 2.977 
2.688 3.048 1.144 
2.641 3.178 3.582 
3.941 1.802 1.610 
2.535 3.213 1.449 
1.399 2.113 3.327 
2.551 3.293 3.213 
1.894 1.957 3.549 
3.791 3.187 1.707 
3.999 3.835 1.427 
3.864 3.639 3.213 
3.460 3.531 2.759 
1.126 1.458 3.683 
3.992 3.994 2.891 
1.608 1.091 1.188 
1.815 3.567 1.900 
1.371 1.488 1.500 
2.538 2.642 2.625 
3.879 3.650 3.260 
3.030 1.525 3.004 
3.706 2.432 3.970 
3.827 2.309 2.016 
1.184 3.404 2.175 
3.539 2.943 1.619 
1.400 1.863 1.305 
3.179 3.022 2.805 
3.997 2.201 3.882 
2.098 3.199 1.117 
1.549 1.009 3.774 
3.661 3.768 2.629 
1.112 2.200 3.101 
1.880 2.837 2.804 
1.821 3.176 1.111 
3.229 3.596 2.074 
3.791 3.124 2.890 
3.732 2.153 1.952 
2.612 1.737 2.123 
2.329 1.762 2.493 
1.825 2.851 2.225 
1.419 1.336 1.217 
3.729 2.066 1.438 
1.901 2.000 1.989 
2.071 3.355 3.107 
2.510 3.834 3.127 
2.098 2.057 3.595 
3.181 2.901 2.816 
2.696 1.009 3.004 
2.934 1.425 3.154 
3.357 3.937 3.644 
1.707 3.029 3.280 
2.256 2.144 1.466 
3.153 3.343 1.494 
2.589 1.494 3.583 
2.745 1.145 3.328 
3.600 2.585 2.148 
1.925 1.360 3.645 
1.170 1.564 2.665 
2.428 3.785 3.118 
3.813 3.315 1.063 
2.344 2.829 2.915 
1.952 3.089 3.321 
2.935 2.343 2.764 
2.855 1.764 2.833 
1.623 1.313 1.216 
2.715 1.311 3.942 
3.193 2.413 2.970 
2.032 3.149 1.117 
2.103 2.857 2.849 
2.067 2.763 3.412 
1.611 1.456 2.101 
3.005 3.638 3.589 
3.665 2.474 2.641 
2.817 3.137 2.296 
3.505 2.216 2.014 
2.973 1.702 3.849 
3.291 2.614 2.215 
2.218 2.806 1.981 
1.605 3.664 2.277 
2.639 1.968 1.005 
1.371 1.551 3.010 
2.289 2.295 1.341 
1.673 3.838 1.515 
2.828 1.135 2.335 
3.992 2.277 1.342 
3.355 2.784 3.273 
1.363 2.106 1.787 
1.825 2.768 3.735 
3.233 2.403 2.587 
3.081 1.990 2.771 
3.918 3.866 2.604 
2.782 1.449 2.178 
1.671 2.567 1.204 
3.107 3.671 2.459 
3.788 3.830 2.718 
3.104 3.496 2.873 
2.173 2.511 1.537 
2.110 2.550 1.432 
2.480 2.956 2.121 
3.527 2.342 3.678 
2.823 3.549 2.323 
1.593 1.260 3.822 
3.030 1.180 2.102 
2.903 2.302 1.220 
2.055 3.153 3.723 
2.609 2.540 3.524 
1.831 2.913 2.948 
1.654 2.587 3.744 
2.839 2.410 2.041 
3.966 2.706 1.772 
3.841 1.787 2.264 
3.964 3.697 3.292 
3.954 3.991 2.079 
1.045 2.927 1.771 
1.686 1.820 3.976 
2.420 1.639 2.746 
2.253 2.800 2.519 
3.751 2.625 3.510 
1.158 3.247 3.214 
2.980 3.878 3.573 
1.466 2.881 3.468 
2.441 3.090 3.690 
2.650 2.535 2.743 
3.218 1.929 3.568 
2.964 3.705 3.726 
2.393 1.820 1.509 
3.055 3.752 3.597 
2.524 1.445 2.494 
2.800 3.317 3.753 
2.326 3.458 2.381 
3.784 3.206 2.968 
1.645 1.318 3.716 
3.278 2.133 3.683 
2.321 1.697 1.362 
1.962 2.761 2.974 
2.409 2.451 3.466 
2.652 2.129 3.397 
3.185 2.839 3.161 
3.490 3.807 3.004 
3.421 3.517 3.572 
1.665 1.524 1.616 
3.292 2.402 2.486 
3.425 2.958 2.834 
3.847 3.766 3.627 
1.506 3.876 2.905 
2.376 1.423 2.732 
2.907 3.079 1.411 
1.998 3.838 1.638 
3.399 1.713 2.180 
3.662 3.412 1.007 
3.571 3.232 1.320 
2.321 2.142 2.197 
3.923 2.529 2.951 
1.132 2.313 2.865 
2.922 2.229 2.160 
2.471 2.643 1.855 
2.077 2.934 3.262 
3.189 2.021 1.683 
3.484 2.006 3.709 
1.954 3.452 1.538 
1.724 2.915 2.193 
2.806 3.068 2.251 
2.926 2.956 3.195 
3.133 2.293 1.525 
2.061 3.388 3.557 
3.057 2.482 1.360 
2.355 1.927 3.945 
2.347 2.839 2.008 
3.133 2.841 1.251 
1.360 2.517 3.192 
3.561 1.314 3.332 
1.524 2.373 2.293 
2.094 1.921 2.929 
2.522 3.587 2.420 
2.179 2.577 2.633 
1.114 1.891 3.892 
1.291 1.656 2.129 
3.815 3.087 2.669 
3.523 3.163 2.507 
2.343 1.182 3.612 
3.437 1.296 3.344 
2.278 1.250 1.782 
1.998 2.482 3.174 
1.076 2.392 3.240 
2.612 1.871 1.591 
1.310 1.042 3.335 
2.156 2.780 1.510 
2.534 3.554 1.044 
2.589 2.483 2.370 
2.582 1.407 1.881 
2.862 2.439 1.757 
2.471 3.000 3.485 
1.470 1.837 1.902 
2.132 3.091 2.620 
3.915 1.451 2.902 
1.812 3.704 1.066 
1.950 3.585 2.173 
1.537 3.960 1.784 
1.510 3.337 2.390 
1.038 2.860 1.925 
3.986 2.266 1.537 
3.090 2.983 3.739 
3.748 3.470 2.725 
2.283 3.659 1.762 
3.589 1.033 1.630 
2.136 2.378 2.719 
2.498 3.979 1.578 
1.158 1.606 1.646 
3.179 1.165 2.251 
3.627 1.666 2.347 
1.230 1.090 1.112 
1.394 1.662 3.445 
2.963 2.485 3.354 
2.585 1.981 1.062 
1.001 1.382 3.015 
1.555 1.179 1.161 
1.194 3.514 3.178 
3.298 3.848 2.199 
2.194 1.217 2.155 
1.864 1.994 3.320 
3.627 3.729 3.108 
1.719 2.459 2.478 
3.387 2.838 1.661 
3.712 1.357 2.456 
1.432 1.996 1.550 
2.972 3.867 1.488 
2.190 1.985 2.436 
1.696 2.964 1.652 
3.488 2.399 1.853 
1.481 1.915 2.102 
2.265 2.542 3.766 
3.890 1.150 2.189 
3.291 2.442 2.837 
2.814 2.239 2.614 
2.465 2.473 2.972 
1.854 1.787 1.211 
2.204 3.122 2.043 
3.921 3.874 1.812 
3.465 1.314 2.510 
2.819 1.005 3.850 
1.513 2.761 3.506 
3.492 1.065 2.817 
3.085 1.880 1.410 
2.905 2.199 2.356 
1.698 2.191 2.495 
1.462 1.037 3.303 
1.118 1.723 1.393 
3.731 3.764 2.022 
1.870 3.525 2.573 
1.584 1.411 1.676 
3.403 1.933 1.703 
2.542 1.366 2.036 
2.287 2.896 3.584 
1.728 1.563 2.393 
3.455 1.260 1.052 
1.384 2.864 2.916 
1.290 3.966 3.811 
2.817 3.459 2.272 
2.836 3.793 2.965 
3.375 1.710 1.311 
2.742 1.658 3.485 
2.238 2.271 3.731 
1.556 1.732 3.636 
2.847 1.734 3.044 
1.262 3.767 1.745 
2.392 3.247 2.863 
3.984 3.058 3.373 
3.634 3.482 3.347 
3.674 1.020 3.076 
2.705 2.785 2.900 
1.001 1.383 3.091 
2.024 3.685 3.960 
1.499 3.145 3.720 
4.000 1.785 3.927 
1.385 3.493 3.510 
2.107 2.109 2.630 
1.631 2.994 2.491 
3.631 2.114 1.100 
1.809 2.976 3.610 
2.628 1.921 1.834 
1.329 3.675 1.376 
1.434 1.053 3.817 
3.568 2.384 1.683 
3.792 1.608 2.627 
3.695 2.976 3.896 
1.115 3.420 3.321 
2.794 2.333 1.901 
1.611 2.588 2.128 
2.002 1.507 2.606 
2.328 3.177 2.911 
3.716 1.353 3.695 
2.138 2.055 3.942 
3.125 1.118 2.309 
3.783 2.313 1.777 
3.064 3.138 1.397 
2.729 1.586 3.766 
1.934 2.494 2.994 
2.344 3.664 2.565 
2.300 1.519 1.665 
1.933 3.673 3.173 
3.118 2.384 2.383 
1.534 3.460 3.127 
2.342 3.766 2.674 
3.321 2.459 3.800 
2.047 1.728 1.052 
2.865 2.756 1.455 
3.669 3.915 1.358 
3.712 1.823 3.197 
1.117 1.653 3.668 
2.838 1.888 1.966 
3.907 1.141 1.262 
3.272 3.973 3.471 
1.417 1.162 1.117 
3.569 2.674 3.190 
2.869 3.417 1.907 
2.782 1.150 1.376 
3.681 3.928 1.697 
2.274 2.753 2.656 
1.685 2.503 3.240 
3.154 2.376 3.226 
2.352 3.386 3.611 
2.291 3.681 2.534 
2.191 1.526 2.315 
2.613 2.551 3.646 
1.231 1.837 2.579 
2.340 2.983 3.721 
2.174 1.441 3.820 
1.679 1.774 1.143 
1.661 1.239 1.872 
3.756 1.948 1.551 
1.941 3.756 1.062 
2.610 3.425 1.012 
2.709 2.345 1.040 
1.989 3.498 3.816 
3.937 2.668 3.801 
1.824 3.203 2.878 
2.815 2.408 3.766 
1.635 3.020 2.840 
3.085 2.762 1.176 
2.439 2.451 2.176 
2.079 2.657 1.924 
2.669 3.315 1.009 
1.297 1.929 3.120 
3.084 1.736 1.277 
2.884 2.007 2.201 
1.933 2.395 3.241 
2.993 1.011 1.167 
1.171 1.024 1.308 
2.754 3.892 2.919 
3.931 3.411 1.364 
1.135 1.787 3.994 
1.366 2.502 3.076 
1.751 3.262 2.745 
2.943 2.816 3.804 
2.937 2.395 3.921 
3.920 2.545 3.900 
3.888 2.097 2.219 
2.163 2.036 3.089 
3.335 3.103 2.943 
3.000 3.796 3.877 
1.129 1.935 3.566 
2.444 2.754 2.424 
3.437 3.273 1.520 
2.711 2.542 2.500 
1.909 2.828 2.628 
3.024 3.156 1.408 
3.166 1.459 2.783 
1.773 2.909 2.120 
3.121 1.889 3.970 
3.228 2.988 1.531 
3.314 1.788 2.067 
3.476 3.759 3.424 
2.038 1.406 2.450 
1.257 3.436 1.449 
1.040 2.917 2.813 
3.984 3.826 3.073 
1.989 1.575 2.492 
2.077 3.049 1.956 
3.881 2.480 1.454 
3.103 1.361 1.387 
3.258 3.349 2.940 
1.794 3.802 2.843 
1.882 1.525 1.087 
1.812 1.878 3.524 
3.516 2.638 2.773 
3.939 1.402 2.216 
3.668 1.492 1.859 
2.751 1.109 2.695 
1.194 1.795 2.024 
3.095 3.428 2.929 
1.679 3.778 2.435 
2.141 2.457 3.401 
2.960 1.788 2.811 
3.843 3.280 1.651 
2.218 1.558 1.249 
1.563 2.295 2.406 
3.669 3.278 2.908 
1.027 1.869 1.331 
3.112 1.901 3.404 
2.329 1.871 1.816 
1.007 1.895 3.270 
3.445 2.482 1.843 
1.228 1.828 3.249 
2.479 2.210 1.827 
1.382 3.271 2.993 
2.625 2.008 3.803 
1.949 1.060 1.116 
1.334 3.414 1.846 
3.817 2.942 3.428 
2.554 1.723 3.325 
1.356 3.774 1.939 
2.933 3.364 1.300 
1.994 1.724 1.626 
3.820 3.808 2.764 
1.603 3.184 1.402 
1.939 3.540 1.979 
1.361 3.674 2.959 
2.380 3.749 1.573 
3.327 3.733 1.263 
1.922 3.070 1.076 
1.712 3.709 2.776 
3.872 2.366 3.958 
1.121 3.083 2.626 
2.921 1.178 1.515 
3.327 1.129 1.375 
1.043 3.660 1.375 
3.626 3.273 2.552 
3.027 2.121 2.811 
2.597 2.946 2.309 
3.410 3.143 3.867 
1.052 1.014 1.731 
1.554 1.772 3.799 
3.496 2.411 3.445 
1.061 3.433 2.370 
2.539 1.575 3.295 
3.585 3.437 2.784 
2.532 1.134 3.245 
1.296 2.276 3.721 
3.798 2.654 1.057 
1.662 1.774 1.910 
3.987 3.544 1.540 
1.594 2.572 3.262 
1.491 2.565 3.420 
1.412 1.377 3.218 
1.743 2.256 1.605 
1.589 1.758 3.943 
3.272 3.580 3.939 
2.990 2.543 3.795 
2.898 3.994 3.329 
1.016 1.694 3.522 
2.852 2.811 1.483 
3.551 1.430 3.066 
3.225 2.395 1.465 
3.336 3.656 1.334 
3.161 1.406 3.704 
2.379 1.642 3.167 
2.125 3.240 1.116 
1.847 2.341 3.145 
2.860 3.381 2.030 
2.534 3.360 2.047 
3.105 2.013 3.673 
3.100 2.235 2.863 
2.937 1.663 1.572 
2.711 3.383 2.524 
3.229 1.726 2.930 
2.359 3.668 2.098 
1.814 1.925 3.091 
1.625 2.064 1.009 
2.337 1.506 2.663 
5.030 5.156 4.412 
7.789 6.893 5.242 
5.037 6.116 5.013 
5.164 6.204 5.696 
5.923 5.531 4.636 
7.366 5.112 3.494 
5.689 7.274 3.889 
5.772 5.510 5.173 
5.585 5.392 5.959 
7.591 7.302 5.234 
7.165 6.747 5.987 
6.920 7.491 5.147 
5.830 7.687 3.649 
6.266 6.439 3.817 
5.666 7.185 4.866 
6.488 6.849 3.787 
5.278 5.685 5.558 
5.351 5.195 4.952 
7.033 7.728 3.179 
6.096 6.457 4.050 
7.400 6.392 5.105 
5.591 5.117 4.889 
7.286 7.968 3.858 
5.706 5.964 4.086 
6.507 5.636 3.737 
5.093 7.244 3.745 
6.791 6.326 5.124 
7.156 5.281 3.537 
7.598 6.160 5.692 
5.362 5.970 5.323 
6.411 7.944 4.429 
6.969 5.466 4.007 
6.934 5.704 5.913 
7.985 7.694 4.516 
6.349 7.204 3.122 
7.575 6.525 4.736 
6.489 7.442 5.574 
5.092 7.209 4.481 
6.959 5.289 5.758 
5.799 5.609 3.646 
6.784 6.726 5.559 
7.399 7.836 4.640 
6.737 5.371 5.358 
7.595 7.609 3.207 
6.105 6.701 4.814 
6.530 5.136 5.970 
6.461 5.749 4.527 
5.269 6.055 3.336 
7.306 5.447 5.412 
7.073 6.913 5.541 
5.802 6.140 4.265 
5.812 5.723 5.799 
7.428 7.092 4.746 
7.950 6.370 5.631 
6.407 6.848 4.395 
6.808 6.500 5.376 
7.312 5.167 3.290 
7.490 7.311 3.870 
7.354 5.816 4.168 
5.306 6.516 3.661 
6.313 5.850 5.321 
6.042 6.762 3.218 
6.643 7.498 3.162 
7.547 7.339 3.988 
6.018 5.376 3.645 
6.074 6.537 5.917 
5.906 5.372 4.465 
7.187 6.583 4.034 
7.814 5.109 5.065 
5.943 6.951 5.077 
5.295 6.421 5.772 
7.515 7.566 4.660 
5.078 6.342 5.937 
7.528 6.445 4.672 
7.290 6.837 5.661 
6.301 5.714 4.435 
5.207 7.443 3.752 
5.489 5.613 5.048 
5.546 6.121 3.945 
6.576 6.069 4.929 
5.636 5.979 5.541 
5.786 6.899 5.350 
7.752 6.571 5.269 
6.486 6.140 4.745 
5.911 7.698 3.283 
6.046 6.910 5.091 
6.230 5.819 4.512 
6.499 6.721 4.262 
6.771 5.481 3.890 
5.787 7.094 4.552 
7.808 6.508 4.378 
7.679 6.702 4.966 
5.570 5.605 3.475 
6.700 7.332 4.137 
6.881 5.361 3.701 
5.941 7.855 5.928 
5.675 6.902 4.433 
7.242 6.388 4.364 
6.389 5.196 5.528 
6.937 5.913 5.420 
6.882 6.062 5.323 
6.780 7.246 5.770 
5.942 5.497 5.332 
7.833 6.944 3.175 
5.434 6.477 4.894 
7.782 6.592 5.713 
5.786 5.151 3.112 
6.009 6.902 3.600 
5.777 7.689 3.948 
5.523 7.957 5.159 
6.239 6.058 4.011 
7.761 6.805 5.303 
5.694 5.744 4.333 
5.800 7.460 5.110 
5.613 5.770 4.154 
7.517 6.397 4.176 
5.266 6.622 4.836 
5.467 5.820 3.212 
5.216 7.129 3.274 
7.557 7.622 3.563 
7.027 6.558 4.370 
7.796 6.668 4.838 
7.273 6.532 4.701 
5.909 7.989 4.545 
5.477 7.867 4.781 
6.757 5.276 3.158 
7.538 5.890 3.759 
7.734 7.231 4.171 
5.310 5.009 3.303 
7.058 5.427 4.076 
5.543 6.282 3.307 
7.267 5.939 4.678 
5.801 7.956 4.739 
6.812 5.905 4.417 
6.536 7.119 5.206 
6.991 6.266 4.658 
5.936 7.085 3.230 
6.864 7.233 4.492 
5.975 7.058 5.765 
7.731 7.403 4.570 
5.773 6.991 5.381 
7.665 6.266 5.795 
6.049 5.821 4.024 
5.371 7.383 4.580 
6.635 5.257 3.948 
7.315 5.230 3.682 
7.562 5.447 4.011 
6.330 6.370 4.355 
6.069 6.206 3.111 
7.805 5.211 5.956 
7.399 7.500 4.535 
7.975 7.864 4.150 
6.807 7.368 3.470 
5.093 7.588 5.633 
5.546 5.211 4.759 
5.597 7.349 4.231 
5.324 7.050 5.923 
6.643 6.591 3.997 
5.359 5.388 4.459 
7.430 6.297 4.941 
5.207 6.719 5.383 
6.564 7.193 5.302 
5.702 7.089 3.184 
6.366 5.326 3.653 
7.252 5.631 4.600 
5.874 5.094 4.203 
7.387 6.668 3.578 
6.397 6.471 3.568 
7.201 5.291 4.834 
6.516 6.854 3.465 
7.442 5.500 3.778 
5.164 6.768 4.862 
5.378 7.671 4.411 
6.374 7.449 4.190 
5.523 7.490 4.820 
5.849 6.701 5.597 
6.038 5.099 3.664 
7.546 6.772 5.174 
7.205 6.828 4.104 
5.495 5.303 5.936 
7.301 5.592 3.382 
6.582 7.234 4.856 
7.631 6.038 4.855 
7.516 7.988 4.841 
7.502 5.249 5.493 
6.054 7.811 5.980 
6.925 6.608 4.681 
7.418 7.501 4.425 
6.298 6.658 4.599 
6.594 5.968 5.831 
7.952 7.763 4.474 
6.498 5.870 5.959 
5.808 7.113 3.227 
6.172 6.140 3.621 
5.980 6.282 3.666 
7.431 5.371 3.610 
7.421 5.625 3.672 
5.383 6.384 3.862 
6.872 6.236 3.034 
6.846 5.451 3.707 
5.430 6.372 5.736 
6.597 7.951 4.429 
5.944 5.138 4.514 
6.151 6.676 3.084 
7.602 5.442 5.789 
5.583 5.498 3.604 
7.901 7.860 5.788 
7.174 6.304 3.551 
6.376 7.144 5.651 
6.545 7.354 5.153 
6.270 5.171 5.421 
5.616 7.797 3.439 
7.108 7.774 3.005 
6.532 6.303 4.046 
6.415 6.018 5.545 
7.349 7.601 4.486 
7.679 6.015 5.813 
6.621 7.205 3.204 
7.359 6.702 3.397 
6.682 7.721 3.872 
7.290 7.566 4.978 
7.195 6.218 4.735 
5.458 6.148 3.055 
6.955 5.971 5.202 
7.171 5.128 4.006 
5.399 5.167 3.153 
5.176 5.507 3.084 
6.368 5.745 4.890 
6.195 6.708 4.524 
5.002 7.178 5.537 
5.523 7.797 3.577 
7.768 5.374 4.307 
5.340 6.995 3.070 
7.949 6.527 5.532 
7.109 6.800 5.796 
7.190 5.467 4.620 
5.858 7.639 4.570 
7.847 6.873 4.827 
7.948 6.000 3.124 
7.603 7.622 4.906 
5.183 7.027 3.847 
7.963 6.301 5.140 
6.514 5.519 3.612 
7.380 6.249 3.353 
5.700 7.710 5.704 
7.161 6.889 5.052 
5.974 7.957 3.161 
7.993 7.691 4.061 
5.081 7.175 5.145 
6.720 5.341 3.148 
6.225 6.469 3.728 
7.985 5.018 4.894 
5.140 5.250 4.558 
7.604 6.610 5.709 
6.692 7.390 5.979 
7.714 7.220 4.270 
6.709 5.074 4.156 
5.927 7.383 5.544 
5.315 5.804 3.501 
7.319 6.967 3.257 
7.219 7.270 5.528 
5.084 6.865 5.367 
6.793 7.618 3.254 
6.174 6.801 3.746 
6.281 7.193 4.118 
6.245 7.473 3.911 
7.730 5.558 3.264 
6.788 5.778 4.790 
5.590 7.299 4.870 
5.423 6.903 4.006 
6.940 5.738 3.692 
5.654 6.833 5.561 
5.951 6.383 3.457 
6.769 7.296 3.176 
5.078 6.467 5.435 
6.264 5.442 3.988 
5.312 5.786 5.754 
7.679 7.858 5.131 
7.211 7.448 5.010 
7.408 7.812 3.472 
5.811 6.358 3.804 
5.818 5.444 3.294 
5.539 6.825 5.989 
6.044 5.868 5.401 
6.065 6.740 4.602 
6.400 7.991 3.682 
6.881 5.527 3.822 
6.882 6.963 5.391 
6.847 5.342 4.795 
7.984 7.233 4.520 
5.474 6.842 5.303 
6.718 6.113 3.524 
7.380 7.505 5.597 
7.490 6.780 3.625 
6.492 5.608 3.499 
7.602 5.676 4.845 
5.286 6.686 4.602 
5.453 5.076 3.050 
5.536 5.532 5.804 
7.628 7.715 4.912 
5.505 5.458 5.599 
7.989 7.746 3.448 
6.889 7.026 3.243 
5.267 5.923 5.744 
6.145 6.674 4.812 
7.828 7.187 5.896 
7.254 6.332 3.459 
6.217 7.314 5.737 
6.206 6.558 3.648 
5.675 6.837 5.132 
7.170 6.748 3.451 
7.524 5.836 4.535 
6.212 6.159 3.022 
6.750 7.611 5.950 
6.731 5.411 4.131 
7.532 5.042 5.184 
6.291 6.780 4.901 
6.057 7.183 4.963 
6.411 5.962 3.739 
7.373 5.219 4.883 
6.434 5.464 3.777 
5.661 6.386 3.399 
6.783 7.253 4.703 
7.650 7.290 5.653 
6.202 7.076 4.886 
6.108 7.484 3.869 
6.998 6.588 3.738 
5.777 7.948 5.807 
7.695 7.598 4.432 
5.681 7.051 4.589 
7.181 7.258 3.917 
5.522 5.758 3.269 
7.278 7.643 4.918 
7.843 6.119 4.319 
5.850 7.493 3.500 
7.984 5.024 4.175 
7.931 6.478 5.664 
7.049 6.360 3.796 
6.761 7.228 3.846 
7.086 5.362 5.691 
6.090 7.103 4.714 
6.385 6.939 3.500 
6.844 5.281 3.936 
7.878 5.553 5.781 
5.134 5.995 5.528 
7.363 5.266 3.173 
7.139 7.751 4.128 
6.756 7.875 4.658 
7.908 5.384 4.590 
6.975 7.266 3.680 
7.223 6.967 3.348 
6.752 7.799 5.609 
6.218 5.708 4.327 
7.074 7.906 5.375 
7.707 7.263 5.262 
7.739 6.624 3.475 
7.233 7.736 5.010 
6.665 7.069 4.593 
6.199 6.501 3.218 
5.777 6.068 4.126 
7.074 6.302 4.399 
6.196 5.395 4.656 
7.647 5.536 5.123 
6.777 6.842 5.736 
6.937 5.514 3.200 
5.315 5.593 4.951 
7.069 7.179 4.135 
7.225 7.354 3.687 
6.278 7.064 4.790 
7.607 5.864 3.047 
5.398 5.790 3.629 
7.527 5.640 4.647 
5.528 6.890 4.260 
7.916 5.235 5.426 
7.618 7.257 5.855 
7.403 6.891 5.765 
7.498 5.173 3.854 
5.992 6.242 3.857 
7.625 5.894 5.509 
5.836 6.500 5.079 
7.034 7.656 4.040 
6.938 5.350 5.197 
6.572 6.861 4.705 
5.423 7.495 3.531 
7.381 5.873 3.862 
7.342 6.343 3.656 
7.476 5.278 3.356 
5.644 6.090 4.038 
6.038 7.971 4.347 
6.621 7.810 3.864 
6.547 5.647 4.235 
7.126 6.094 3.945 
6.088 5.478 4.725 
7.892 7.909 3.681 
5.100 6.505 5.106 
6.127 7.857 5.443 
7.103 7.394 5.095 
6.375 6.237 3.192 
5.507 6.676 5.183 
5.560 7.253 3.644 
7.046 7.411 5.311 
7.345 7.030 5.058 
5.100 6.958 3.785 
6.877 5.768 4.266 
6.121 5.655 5.394 
7.089 7.645 3.356 
6.373 7.187 4.027 
7.160 5.276 5.129 
7.242 6.795 4.806 
5.209 5.260 4.183 
5.300 6.999 3.169 
6.232 5.829 4.582 
6.973 7.300 4.716 
6.894 7.014 3.568 
6.109 5.576 4.375 
6.702 6.679 4.881 
6.052 6.437 4.857 
7.668 5.994 3.004 
7.875 6.904 4.624 
7.959 7.768 5.856 
7.914 6.259 3.874 
5.722 6.118 4.935 
7.099 6.507 3.289 
5.688 7.409 3.888 
7.423 5.166 5.619 
5.476 7.170 4.391 
6.292 7.483 3.365 
5.739 5.634 4.767 
6.679 6.107 4.261 
7.244 6.057 3.026 
7.302 5.682 3.855 
5.059 5.256 4.920 
5.839 7.201 3.401 
7.734 5.949 5.373 
6.217 6.550 5.845 
6.783 7.767 4.276 
7.957 5.411 4.024 
5.848 7.301 5.260 
5.523 5.744 5.782 
6.492 5.269 5.903 
7.493 6.059 3.938 
7.922 5.934 3.501 
5.323 7.982 4.109 
5.976 5.833 4.519 
6.182 6.316 4.691 
5.387 5.683 5.521 
5.434 6.734 4.105 
5.646 6.389 4.632 
5.247 6.237 3.409 
6.207 7.500 5.446 
7.777 5.224 5.347 
6.163 5.093 4.830 
5.690 6.740 5.414 
6.698 5.485 4.590 
7.861 6.559 3.072 
6.811 6.487 5.564 
6.154 7.766 4.783 
5.289 5.567 5.546 
7.075 5.130 5.334 
6.407 5.753 5.682 
6.301 7.816 4.897 
6.079 5.770 3.471 
7.641 6.740 3.152 
5.572 6.158 3.054 
6.217 6.415 5.858 
6.129 6.253 5.637 
6.589 6.766 4.835 
5.987 5.596 5.551 
7.695 5.409 5.297 
5.831 5.780 3.094 
6.655 7.328 4.650 
5.006 7.220 3.226 
6.103 6.929 3.190 
6.742 7.511 3.199 
6.783 6.158 3.506 
5.598 6.251 5.866 
6.062 7.511 4.146 
6.176 7.217 5.358 
6.230 5.770 4.160 
7.709 5.272 3.486 
7.509 7.221 4.924 
7.696 5.212 5.105 
5.340 7.333 4.134 
5.998 7.953 4.198 
7.633 6.049 4.350 
6.976 7.873 3.698 
6.378 7.225 5.935 
6.960 7.347 5.689 
7.447 5.237 5.178 
6.263 7.071 4.267 
5.053 5.236 4.236 
7.519 5.219 3.632 
5.035 7.722 5.824 
7.803 7.003 5.424 
6.878 5.679 4.974 
7.198 7.070 3.926 
5.762 6.660 3.730 
6.492 7.625 3.259 
7.454 6.107 3.917 
7.663 5.069 5.389 
5.991 -2.996 -2.802 
3.274 -2.517 -2.567 
-1.972 0.183 -0.338 
2.096 -1.579 -2.040 
-1.027 -1.802 -1.862 
4.769 -3.331 -3.548 
-2.138 -3.308 -1.837 
2.287 -1.143 -3.966 
1.461 -3.584 -1.697 
-3.330 -2.734 -0.795 
3.503 -1.778 -3.141 
-1.928 -2.707 -2.277 
-2.842 -1.890 -2.381 
4.626 -2.874 -3.962 
3.395 -3.244 -3.960 
4.937 -1.892 -1.281 
4.023 -2.874 -3.189 
4.499 -2.305 -4.293 
-2.021 -2.314 -1.575 
-2.059 -1.780 -1.191 
-3.417 -1.795 -2.055 
-2.127 -1.244 -1.320 
-2.752 -1.542 -2.309 
-3.183 -1.297 -0.662 
-0.953 -0.121 -1.466 
4.636 -0.243 -2.251 
3.855 -1.677 -2.644 
2.746 -2.745 -3.014 
-2.151 -1.024 0.389 
-1.992 -3.060 -1.244 
-3.103 -2.324 -2.285 
4.097 -2.849 -3.241 
-1.670 -2.535 -3.581 
-1.602 -2.345 -0.754 
3.345 -2.155 -4.272 
2.924 -1.883 -0.275 
3.888 -0.974 -2.548 
-1.584 -1.014 -1.283 
4.090 -2.910 -2.811 
-3.251 -2.059 -0.367 
-1.957 -2.029 -3.134 
-1.916 -2.787 -0.734 
-3.797 -4.156 -3.637 
-2.473 -2.541 -1.261 
3.206 -1.748 -3.245 
3.266 -1.818 -2.558 
-1.986 -2.016 -3.048 
4.910 -2.390 -2.118 
-2.983 -2.183 -2.420 
-1.345 -1.975 -1.165 
-1.984 -3.732 -1.653 
-2.159 -2.802 -2.825 
5.090 -1.205 -3.811 
3.683 -2.778 -3.375 
4.075 -1.523 -5.106 
4.443 0.020 -4.023 
1.969 -2.594 -2.816 
3.759 -2.066 -2.763 
4.043 -1.654 -2.824 
-3.350 -2.151 -0.968 
4.371 -2.591 -3.959 
-2.213 -0.849 -2.021 
-0.863 -2.612 -2.917 
5.869 -2.445 -3.457 
4.833 -0.969 -2.800 
-1.797 -3.619 -0.078 
-2.189 -2.520 -2.340 
3.764 -0.984 -2.792 
-2.092 -2.463 -1.389 
-1.810 -2.108 -2.204 
-4.089 -2.973 -0.571 
2.749 -2.070 -2.910 
2.565 -1.636 -1.966 
3.740 -2.715 -4.346 
-1.268 -2.135 -1.418 
-1.656 -1.724 -2.414 
-0.705 -2.213 -0.567 
4.987 -2.742 -2.926 
-3.165 -1.617 -2.978 
4.588 -0.949 -3.309 
-1.469 -3.813 -1.846 
4.264 -2.415 -2.388 
2.543 -2.048 -2.460 
-1.278 -2.100 -3.095 
-2.587 -1.090 -3.431 
4.615 -0.882 -1.815 
-1.825 -1.741 -1.867 
-3.922 -2.793 -2.184 
-2.489 -1.218 -0.929 
3.912 -1.388 -3.305 
-1.359 -2.807 -1.668 
-3.237 -3.930 -1.521 
-1.290 -1.130 -1.550 
-1.333 -2.489 -1.520 
-2.618 -2.659 -1.672 
4.398 -1.344 -3.494 
-0.658 -3.414 -2.222 
2.071 -3.137 -4.972 
-2.298 -3.250 -3.469 
3.016 -0.557 -3.584 
3.379 -3.764 -3.625 
5.470 -3.136 -3.436 
-1.664 -2.958 -0.075 
-2.496 -2.185 -1.632 
-1.248 -3.629 -1.498 
-3.052 -2.007 -1.461 
-2.267 -3.133 -1.345 
-0.706 -2.604 -1.793 
3.760 -3.499 -2.882 
-1.323 -2.090 -2.604 
-2.168 -1.724 -2.623 
3.774 -3.001 -2.075 
5.207 -1.081 -3.001 
-2.621 -0.595 -3.248 
4.524 -3.293 -3.143 
-1.273 -1.480 -2.685 
3.622 -2.142 -3.336 
-2.674 -0.467 -1.954 
4.546 -2.321 -3.636 
4.934 -2.749 -3.314 
-2.420 -1.571 -1.853 
-1.544 -3.129 -0.332 
4.974 -1.673 -3.160 
-0.952 -1.628 -0.664 
4.540 -1.941 -4.377 
3.963 -0.434 -4.634 
4.088 -2.626 -2.587 
-2.703 -3.162 -1.740 
3.514 -3.340 -1.657 
3.335 -1.108 -2.157 
-1.855 -0.857 -2.954 
2.993 -1.192 -2.521 
1.943 -1.677 -4.723 
5.443 -1.316 -3.600 
0.352 -2.278 -2.189 
-2.623 -3.843 -2.350 
3.406 -2.351 -3.783 
1.665 -1.424 -1.674 
4.392 -0.454 -3.578 
3.007 -1.725 -1.166 
4.781 -1.574 -1.878 
-1.972 -3.150 -2.495 
-2.404 -1.161 -2.433 
5.306 -3.932 -4.396 
3.955 -1.163 -2.862 
-1.690 -2.803 -0.461 
5.715 0.079 -4.470 
5.141 -0.135 -2.765 
-3.706 -3.175 -1.890 
-0.566 -1.142 -1.686 
-1.314 -2.448 -1.949 
-1.747 -0.530 -1.185 
-0.603 -1.210 -2.685 
3.324 -1.805 -4.046 
4.097 -3.039 -3.957 
-1.130 -1.889 -2.165 
2.453 -1.896 -3.706 
2.313 -2.835 -1.445 
2.605 -2.886 -1.847 
-3.543 -0.660 -0.358 
5.250 -3.086 -1.979 
-3.512 -0.771 -3.911 
-3.195 -0.886 -1.965 
3.924 -3.371 -3.890 
-0.178 -1.872 0.141 
2.309 -1.862 -2.572 
-2.111 -3.476 -3.590 
-2.659 -2.571 -2.765 
4.277 -3.528 -2.848 
-2.072 -3.058 -3.608 
-2.967 -3.188 -3.136 
3.194 -2.311 -1.564 
-3.759 -2.076 -1.237 
5.681 -1.043 -0.874 
-3.958 -2.060 -1.156 
-0.995 -0.634 -1.381 
4.089 -1.502 -4.700 
3.888 -2.584 -3.596 
-1.200 -2.979 -3.045 
4.180 -2.863 -3.237 
-1.995 -0.982 -3.000 
2.687 -1.268 -0.673 
-1.266 -1.404 -0.513 
-2.094 -1.952 -2.517 
-1.065 -2.250 -2.947 
4.254 -2.737 -3.996 
3.441 -1.881 -4.861 
5.287 -1.484 -2.715 
3.574 -3.705 -3.385 
-1.606 -3.775 -1.618 
-1.754 -3.451 -0.704 
-1.281 -0.199 -3.305 
6.748 -1.970 -3.350 
3.673 0.580 -3.354 
3.497 -1.280 -2.742 
3.678 -2.492 -1.617 
-2.963 -1.548 -2.773 
-1.718 -3.374 -2.580 
5.277 -0.575 -1.092 
-1.370 0.123 -2.521 
2.960 -0.693 -4.702 
-1.360 -2.375 -1.223 
-2.849 -2.094 -2.189 
4.808 -2.717 -3.553 
4.761 -1.560 -1.777 
-1.737 -1.588 -0.217 
-2.054 -3.454 -1.531 
-1.170 -0.908 -1.822 
-2.459 -2.579 0.029 
3.509 -4.262 -2.602 
5.089 -1.721 -4.008 
-0.880 -3.442 -1.249 
3.538 -3.024 -2.470 
4.605 -1.510 -3.867 
-1.696 -1.352 -1.751 
-3.301 -1.584 -1.665 
4.164 -2.568 -3.207 
3.873 -0.319 -3.871 
-0.094 -2.239 -3.021 
-2.209 -1.623 -2.033 
4.387 -2.408 -3.620 
-1.790 -1.192 -0.948 
3.655 -2.337 -3.887 
3.546 -2.418 -4.659 
-0.669 -2.157 -1.935 
4.662 -3.204 -4.882 
2.795 -0.062 -3.695 
-1.072 -3.661 -2.299 
4.589 -1.688 -1.536 
3.206 -2.435 -2.438 
2.946 -4.147 -3.654 
4.108 -2.675 -3.631 
-3.795 -0.897 -2.576 
-2.916 -2.552 -1.971 
3.158 -1.076 -2.106 
-2.526 -2.195 -2.520 
2.750 -2.187 -2.076 
-0.700 -1.026 -1.033 
-0.627 -3.402 -1.543 
-1.909 -2.944 -1.429 
4.035 -3.254 -4.441 
-1.962 -2.630 -1.718 
0.090 -2.954 -1.393 
5.645 -0.179 -3.195 
-1.043 -2.138 -3.542 
4.126 -0.394 -3.774 
-2.850 -0.868 -1.193 
4.555 -0.737 -1.855 
-1.995 -1.464 -1.614 
5.215 -3.309 -2.256 
4.218 -1.308 -2.944 
3.836 -2.291 -2.661 
-2.888 -1.541 -2.111 
-1.682 -0.878 -2.412 
2.164 -2.219 -4.906 
3.486 -1.597 -3.006 
3.215 -2.209 -0.888 
4.101 -1.978 -2.580 
3.568 -2.193 -3.230 
4.136 -1.018 -3.764 
-0.832 -2.436 -2.380 
-2.536 -1.657 -1.977 
3.696 -2.917 -3.723 
2.736 -2.053 -4.650 
4.387 -2.785 -2.817 
4.818 -1.691 -3.817 
-3.137 -5.042 -3.266 
6.046 -0.549 -2.170 
4.732 -2.226 -3.759 
-2.188 -0.776 -1.686 
-0.896 -2.638 -1.088 
-3.081 -2.283 -2.244 
3.909 -0.772 -2.555 
-2.536 -1.684 -4.614 
-0.873 -0.379 -2.284 
-3.275 -2.567 -1.469 
3.485 -0.887 -4.005 
3.346 -2.076 -3.664 
0.115 -1.751 -3.912 
4.598 -0.028 -3.709 
-1.156 -2.877 -2.004 
4.100 -2.318 -3.442 
-2.533 -0.747 -0.355 
6.001 -3.208 -2.937 
2.937 -2.203 -1.134 
-1.226 -1.538 -1.246 
-1.941 -2.609 -1.600 
-2.245 -1.555 -3.190 
-1.899 -2.055 -0.147 
-3.507 -0.428 -1.900 
4.827 -3.079 -4.339 
3.302 -3.346 -3.737 
2.974 -0.356 -3.686 
3.664 -2.503 -2.686 
4.947 -1.217 -3.869 
3.073 -3.198 -3.735 
-2.176 -3.807 -3.057 
6.719 -1.809 -2.754 
5.382 -1.226 -2.359 
-2.144 1.181 -1.333 
4.089 -2.016 -2.682 
4.139 -0.368 -2.790 
-3.204 -2.321 -1.371 
4.519 -2.953 -3.167 
-3.154 -2.288 -0.122 
-0.571 -2.622 -1.835 
-2.524 -0.390 -2.220 
-2.352 -3.223 -3.786 
4.985 -1.082 -3.277 
-1.772 -2.338 -0.892 
3.934 -0.286 -4.860 
3.769 -3.684 -2.418 
4.623 -2.935 -4.411 
4.929 -0.784 -3.564 
2.880 -4.307 -5.275 
4.671 -1.922 -3.152 
5.131 -1.892 -3.307 
-1.092 -2.552 -2.505 
4.451 -2.865 -2.826 
4.047 -3.201 -2.865 
4.818 -2.875 -4.419 
-1.623 -3.504 -4.926 
-2.270 -0.673 -1.769 
-2.926 -2.876 -0.702 
5.306 -2.948 -5.032 
2.048 -2.574 -2.668 
-2.717 -1.174 -2.945 
4.241 -3.567 -3.687 
-0.506 -2.209 -0.580 
3.237 -1.587 -5.292 
5.251 -2.408 -3.975 
5.242 -3.105 -2.731 
3.718 -2.424 -2.972 
-0.351 -2.586 -1.325 
-3.022 -1.946 -1.275 
-4.404 -1.587 -0.626 
-2.131 -1.342 -2.297 
4.493 -2.254 -1.896 
-1.879 -3.223 -1.163 
2.777 -1.592 -1.568 
-2.251 -2.305 -2.324 
-1.691 -0.771 -2.385 
4.618 -1.174 -3.240 
3.636 -1.225 -2.985 
-2.364 -2.951 -2.696 
3.909 -1.422 -3.050 
-1.176 -1.824 -2.661 
-2.025 -1.981 -1.577 
4.069 -1.531 -2.057 
-2.330 -1.548 -2.229 
-1.144 -1.644 -1.442 
2.946 -3.005 -3.397 
-1.318 -2.011 -1.987 
3.226 -0.998 -3.147 
3.908 -2.592 -4.892 
-1.619 -1.885 -2.104 
-1.113 -1.517 -1.983 
-2.172 -0.147 -2.432 
4.817 -0.537 -4.138 
-0.296 -3.360 -2.512 
-3.529 -2.936 -2.619 
2.643 -0.707 -2.397 
5.055 -0.910 -3.297 
4.358 -2.451 -3.542 
4.686 -1.506 -2.238 
5.375 -1.532 -2.546 
-1.448 -2.919 -2.342 
3.677 -1.342 -2.566 
4.624 -2.256 -2.863 
-1.714 -2.131 -3.423 
-0.701 -1.550 -1.773 
-2.973 -0.107 -4.124 
-2.135 -3.535 -1.651 
2.192 -2.211 -3.088 
-1.266 -2.071 -0.841 
2.886 -1.914 -2.808 
-2.770 -1.866 -0.828 
5.191 -1.786 -2.090 
3.001 -3.799 -3.563 
-3.661 -3.905 -0.753 
-0.821 -3.380 -2.828 
-2.706 -1.008 -2.220 
-1.424 -0.680 0.462 
-1.384 -3.165 -1.853 
3.787 -2.815 -2.911 
3.020 -2.349 -1.851 
3.314 -0.960 -2.983 
4.549 -2.254 -3.354 
4.152 -1.906 -3.833 
5.007 -2.029 -3.581 
-0.899 -1.677 -1.439 
4.022 -2.749 -3.842 
5.193 -0.160 -3.713 
-1.599 -0.687 -1.748 
2.953 -2.441 -2.817 
4.218 -1.183 -4.710 
-1.442 -2.221 -2.963 
-3.126 -1.939 -1.538 
-1.368 -3.667 -2.861 
2.824 -1.171 -1.639 
3.096 -3.933 -4.574 
-0.761 -1.701 -3.414 
-3.087 -2.791 -1.215 
3.663 -1.481 -2.463 
3.784 -2.125 -3.815 
5.250 -3.331 -2.260 
-2.846 -1.724 -1.884 
4.543 -3.334 -3.996 
5.482 -1.240 -2.270 
4.438 -1.083 -1.163 
4.508 -1.516 -1.490 
4.444 -3.111 -1.538 
-1.381 -2.577 -2.495 
3.738 -3.347 -2.796 
3.587 -2.797 -3.864 
-1.273 -1.459 -0.309 
-1.137 -1.576 -2.101 
-2.261 -3.621 -1.298 
5.261 -2.222 -2.250 
5.932 -3.071 -3.829 
2.562 -1.030 -4.403 
4.529 -2.365 -3.450 
3.636 -2.052 -2.066 
-1.915 -1.724 -2.931 
-1.929 -2.338 -2.644 
3.489 -1.154 -2.815 
2.224 -0.946 -0.972 
-1.594 -0.984 -2.819 
-2.033 -0.874 -2.413 
1.604 -0.898 -2.640 
-2.489 -2.802 0.091 
4.487 -1.634 -2.236 
-2.629 -2.548 -2.019 
-0.989 -2.207 -2.119 
4.970 -1.752 -1.331 
4.045 -1.786 -3.663 
-3.586 -1.579 -3.049 
4.186 -2.372 -2.582 
4.084 -1.967 -3.057 
-3.149 -0.964 -2.872 
2.537 -0.140 -3.786 
4.592 -2.044 -2.875 
-3.235 -4.002 -3.043 
4.830 -2.213 -2.798 
-1.843 -0.203 -3.387 
-0.848 -1.809 -2.707 
-2.407 -2.498 -2.577 
2.467 -1.815 -3.557 
4.143 -0.365 -2.791 
4.404 -2.441 -3.026 
-2.092 -2.501 -4.149 
3.706 -2.206 -1.509 
-2.033 -2.218 -2.337 
3.328 -1.469 -3.012 
-3.473 -2.103 -1.831 
5.004 -0.464 -2.174 
4.662 -2.122 -3.245 
-2.670 -1.200 -1.180 
-1.631 -4.303 -2.026 
3.939 -1.433 -1.777 
4.288 -2.607 -2.141 
-0.751 -0.570 -0.689 
2.255 -3.072 -3.589 
3.521 -2.292 -2.933 
3.647 -2.852 -3.235 
-1.221 -1.924 -3.166 
-1.353 -2.393 -1.307 
-1.929 -0.231 -1.342 
-1.013 -2.714 -1.918 
3.541 -1.504 -3.638 
3.396 -2.566 -3.379 
-0.103 -3.286 -1.784 
-2.488 -1.135 -0.911 
3.557 -1.409 -3.010 
-0.403 -1.244 -1.646 
5.234 -2.351 -3.642 
-3.076 -2.066 -0.522 
-1.921 -0.544 -2.008 
4.886 -3.076 -4.572 
-1.371 -1.887 -1.574 
4.423 -2.113 -2.670 
-1.165 -0.628 -1.688 
-2.336 1.139 0.020 
-1.694 -0.604 -1.241 
2.503 -1.618 -3.682 
4.750 -0.290 -2.518 
3.354 -2.680 -4.953 
-1.270 -0.447 -2.721 
4.161 -2.065 -2.194 
3.406 -1.581 -3.958 
3.279 -0.262 -1.868 
-3.715 -2.352 -2.105 
-2.698 -3.650 -0.138 
-3.219 -3.993 -1.625 
-2.028 -2.342 -1.264 
-1.387 -2.835 -3.141 
2.815 -1.918 -1.957 
-1.174 -3.396 -2.042 
-2.979 -2.668 -1.400 
4.421 -2.581 -1.426 
3.997 0.156 -4.422 
2.773 -1.839 -2.890 
-1.246 -1.196 -2.316 
-2.181 -2.361 -2.225 
3.758 -2.476 -4.564 
0.822 -1.035 -1.466 
3.844 -1.485 -2.680 
-0.599 -2.220 -2.462 
-1.087 -2.002 -1.377 
-1.335 -2.938 -1.085 
-1.667 -1.600 -2.147 
-3.624 -1.706 -3.885 
-0.047 -2.287 -2.156 
3.458 -3.954 -3.722 
-2.897 -2.264 -4.175 
4.467 -2.980 -1.191 
-0.471 -0.745 -2.605 
3.823 -2.374 -3.519 
-0.895 -2.929 -0.301 
-0.690 -1.508 -2.748 
-2.814 -0.699 -3.551 
-2.942 -1.261 -2.951 
-1.828 -0.775 -2.743 
-0.203 -1.613 -1.551 
3.827 0.025 -2.944 
-1.604 -3.891 -1.784 
-2.803 -1.440 -2.555 
4.139 -2.849 -3.169 
3.517 -1.958 -4.606 
5.020 -3.740 -1.970 
3.449 -1.171 -4.313 
-0.303 -2.809 -1.798 
-1.946 -1.826 -2.344 
1.356 -1.242 -1.893 
2.685 -4.053 -3.092 
-2.669 -3.228 -1.656 
0.558 -0.549 -2.863 
-2.129 -2.566 -1.736 
4.894 -1.778 -1.741 
3.975 -2.092 -3.215 
-1.897 -3.142 -2.108 
4.593 -0.919 -2.985 
5.388 -3.856 -1.136 
-2.616 -3.502 -1.649 
-1.041 -2.425 -1.487 
3.896 -1.808 -3.390 
2.878 -1.844 -2.015 
5.711 -2.841 -1.373 
4.172 -0.977 -1.458 
5.233 -1.355 -2.638 
-1.094 -1.231 -1.945 
1.854 -0.747 -2.381 
-1.954 -0.723 -2.150 
4.583 -1.917 -4.097 
3.102 -2.154 -1.927 
-2.702 -1.896 0.344 
-0.888 -0.862 -1.657 
2.055 -1.510 -2.997 
-1.449 -1.778 -1.674 
3.917 -2.522 -3.533 
4.553 -0.412 -2.419 
5.244 -2.232 -3.443 
3.467 -3.447 -3.708 
4.395 -0.908 -2.868 
-2.928 -2.360 -2.357 
3.591 -1.228 -3.981 
-1.497 -3.270 -1.777 
-3.059 -2.327 -0.694 
-1.164 -2.249 -2.177 
-1.115 -3.787 -3.127 
4.157 -1.186 -4.881 
5.950 -3.732 -3.788 
4.519 -3.145 -2.374 
3.540 -3.107 -2.181 
-1.450 -2.055 -2.711 
0.199 -1.827 -1.763 
3.334 -2.975 -2.179 
-1.776 -4.539 -0.808 
-2.041 -1.888 -1.759 
2.899 -0.615 -3.221 
-1.965 -2.240 -1.192 
4.683 -1.753 -2.648 
3.376 -1.486 -1.626 
-2.801 -3.215 -3.145 
-2.317 -2.256 -1.301 
-1.174 -0.540 -2.675 
-1.268 -2.553 -1.516 
-1.855 -3.667 -0.791 
1.333 -0.681 -3.425 
-3.282 -2.526 -2.313 
-0.278 -1.549 -1.358 
3.746 -4.140 -2.613 
-1.429 -1.884 -3.756 
-1.862 -1.459 -0.665 
-3.086 -0.743 -0.225 
2.238 -2.358 -2.776 
3.050 -4.246 -1.153 
-2.319 -4.016 -3.709 
-2.719 -2.638 -3.516 
-2.052 -2.170 -1.509 
-3.017 -3.664 -2.339 
-1.951 -1.224 -2.683 
3.264 -2.407 -4.216 
3.137 -1.602 -4.336 
4.641 -2.030 -2.308 
-1.798 -1.414 -3.244 
-0.628 -2.036 -3.365 
3.672 -2.273 -3.346 
-1.677 -1.208 -2.448 
3.300 -2.887 -2.782 
0.074 -0.095 -0.566 
-2.373 -1.480 -2.135 
-2.009 -2.982 -1.486 
6.583 0.766 -5.258 
-1.125 -3.545 -1.968 
-0.392 -0.231 -2.876 
-2.135 -2.062 -3.565 
-3.418 -2.643 -2.562 
-1.797 -1.840 -1.482 
7.036 -0.759 -2.888 
4.184 -2.106 -3.115 
3.728 -0.469 -2.979 
-2.968 -2.582 -3.765 
4.485 -1.145 -2.557 
-2.230 -1.622 -3.069 
-1.116 -0.994 -1.590 
3.928 -1.327 -1.944 
1.978 -2.892 -1.682 
-0.640 -2.833 -1.707 
4.868 -1.510 -1.838 
-3.872 -2.965 -1.317 
-1.518 -1.820 -2.565 
5.119 -3.077 -1.623 
-1.516 -2.005 -0.621 
-2.248 -3.847 -5.215 
-3.031 -3.050 -1.902 
3.540 -3.056 -2.517 
4.016 -2.081 -0.679 
-2.409 -2.778 -1.433 
3.337 -1.331 -2.447 
-1.558 -2.218 -1.595 
-1.049 -3.128 -2.554 
-2.416 -2.478 -4.128 
4.647 0.590 -3.085 
-1.024 -0.445 -1.765 
-2.651 -3.731 -2.350 
5.512 -2.856 -2.698 
-2.382 -2.369 -2.427 
4.461 -2.235 -2.379 
-0.465 -1.663 -3.063 
2.400 -2.635 -3.792 
6.488 -3.544 -3.706 
5.566 -3.456 -2.743 
-3.091 0.462 -4.096 
-2.496 -3.235 -1.989 
-4.191 -1.089 -0.390 
4.597 -1.870 -3.777 
3.057 -2.795 -4.279 
-2.227 -1.416 -3.340 
5.684 -3.311 -3.107 
4.234 -1.364 -2.876 
3.344 -2.321 -2.224 
4.289 -1.122 -4.689 
-2.836 -0.580 -2.191 
-2.572 -1.832 -2.684 
4.370 -1.597 -2.653 
-1.759 -1.676 -0.311 
-2.979 -1.011 -2.530 
3.223 0.005 -3.427 
3.996 -2.517 -5.025 
-1.132 -2.403 -2.902 
4.392 -0.527 -2.496 
5.797 -0.376 -3.153 
4.094 -2.488 -2.371 
3.950 -0.987 -4.118 
4.923 -0.914 -3.120 
-1.038 -1.657 -1.149 
-2.994 -2.251 -2.098 
-1.583 -1.841 -1.015 
2.854 -3.534 -1.066 
-1.097 -0.236 -1.300 
4.119 -2.579 -3.808 
3.855 -2.496 -1.027 
4.935 -2.229 -5.107 
-4.012 -2.237 -1.196 
-4.000 -1.971 -2.136 
-1.893 -3.746 -2.681 
5.276 -3.324 -2.366 
4.883 -1.556 -2.819 
3.539 -2.219 -4.202 
5.205 -1.731 -2.916 
4.723 -2.726 -5.186 
4.421 -4.468 -2.089 
-4.636 -2.108 -1.319 
7.276 -0.988 -2.372 
3.329 -1.342 -1.439 
2.628 -2.336 -2.583 
-1.304 -1.817 -1.356 
4.029 -2.752 -2.315 
-2.790 -1.754 -1.090 
0.553 -3.538 -2.967 
-2.640 -2.691 -1.901 
5.106 -3.182 -2.359 
-2.688 -3.578 -2.828 
2.439 -3.339 -3.561 
4.774 -2.197 -4.986 
-3.535 -2.726 -3.672 
3.231 -2.915 -3.984 
3.660 -0.284 -3.903 
4.212 -0.853 -4.318 
4.550 -1.993 -3.563 
3.637 -2.197 -2.025 
-1.138 -2.986 -3.695 
-2.296 -3.744 -1.753 
-1.632 -1.865 -2.967 
-2.702 -1.299 -2.019 
-2.268 -2.610 -1.336 
2.841 1.285 -2.953 
-1.923 -2.750 -1.736 
-1.829 -1.606 0.294 
-1.889 -3.192 -3.288 
-0.872 -1.493 -0.206 
-2.852 0.012 -1.183 
3.610 -1.966 -4.391 
-1.455 -1.748 -2.767 
4.114 -0.599 -3.699 
3.511 -0.945 -4.051 
4.021 -1.929 -2.505 
4.514 -1.227 -4.107 
-4.040 -1.919 -2.118 
-0.761 -1.283 -0.950 
-4.812 -2.573 -1.368 
-1.014 -0.932 -1.348 
4.402 -4.100 -3.377 
3.852 -2.038 -2.301 
3.511 -0.360 -2.493 
4.964 -1.669 -2.704 
0.485 -2.021 -1.860 
4.863 -1.022 -3.625 
4.526 -1.475 -1.370 
3.920 -1.240 -2.369 
-3.246 -0.737 -1.159 
2.091 -2.247 -1.441 
2.794 -2.989 -2.517 
-1.454 -2.874 -2.866 
-1.403 -0.789 -4.046 
-3.906 -3.218 -1.817 
5.051 -1.225 -3.247 
3.501 -1.636 -2.523 
-1.964 -3.243 -3.233 
-2.813 -1.895 -2.091 
-1.696 -1.766 -0.660 
2.439 -2.213 -3.118 
2.987 -1.738 0.037 
3.090 -1.915 -3.967 
4.175 -2.573 -2.598 
1.976 -1.393 -1.162 
-1.695 -2.209 -0.400 
3.317 -2.558 -3.535 
5.132 -1.902 -4.352 
6.124 -1.512 -2.347 
0.141 -2.982 -1.913 
-1.312 -2.866 -2.636 
-2.997 -0.287 -3.413 
3.286 -2.218 -2.429 
3.924 -2.872 -3.287 
-2.545 -3.608 -0.884 
-1.765 -1.678 -0.745 
3.246 -2.034 -2.725 
-2.609 -1.312 -2.496 
4.513 -1.941 -3.060 
-3.381 -1.646 -3.794 
-1.937 -0.733 -1.579 
2.831 -2.225 -4.181 
-2.811 -0.962 -3.668 
-1.279 0.309 -2.492 
-2.069 -2.268 -2.890 
5.740 -1.742 -3.392 
5.734 -5.103 -3.819 
-2.435 -1.953 -2.847 
-1.589 -2.016 -1.949 
4.175 -3.904 -2.071 
4.739 -0.394 -4.453 
1.624 -2.489 -3.016 
4.092 -4.127 -2.401 
4.861 -1.469 -1.542 
-2.780 -0.681 -1.668 
-1.760 -4.452 -2.151 
-3.831 -0.764 -2.274 
4.065 -1.004 -3.904 
4.075 -1.468 -1.250 
2.324 -2.798 -3.399 
-1.624 -4.488 -2.413 
-1.809 -2.172 -1.488 
-1.466 -2.069 -1.766 
-2.741 -2.872 -0.710 
2.428 -1.560 -2.713 
-3.058 -2.883 -4.056 
-1.848 -2.531 -2.478 
-1.366 -2.697 -1.361 
3.846 -0.950 -1.945 
-1.199 -1.867 -2.159 
4.933 -0.763 -0.383 
-2.166 -1.458 -1.203 
-1.689 -2.400 -2.208 
4.243 -0.788 -2.173 
-2.329 -1.629 -0.702 
0.283 -2.169 -1.984 
4.870 -1.342 -2.048 
3.594 -1.329 -2.946 
2.366 -1.945 -3.670 
-3.465 -2.711 -2.546 
3.980 -2.022 -1.552 
-2.905 0.433 -1.870 
3.516 -3.817 -1.374 
-1.445 -3.231 -2.107 
4.453 -1.826 -2.126 
-0.661 -2.485 -2.919 
3.851 -0.120 -3.203 
-2.262 -2.631 -2.003 
-1.329 -1.594 -2.657 
4.488 -3.356 -4.271 
3.033 -2.856 -4.780 
3.830 -1.290 -3.498 
3.351 -3.304 -3.233 
3.069 -0.076 -1.609 
-2.164 -2.211 -2.792 
4.309 -3.924 -1.803 
3.766 -3.201 -3.102 
5.162 -2.791 -2.675 
4.905 -1.676 -2.645 
-3.673 -0.451 -0.952 
2.016 -2.937 -3.084 
2.971 -3.498 -3.203 
-3.914 -1.254 -1.634 
-0.657 -1.831 -0.459 
2.997 -3.683 -3.321 
-0.827 -1.969 -2.165 
-1.246 -0.194 -0.965 
-1.956 -3.984 -1.957 
-2.869 -3.600 -2.685 
3.498 -2.652 -2.290 
4.186 -1.520 -2.634 
-1.342 -1.936 -3.356 
-2.331 -2.137 -3.871 
3.630 -3.894 -2.416 
-2.188 -2.606 -2.454 
-3.111 -1.104 0.228 
-1.955 -2.362 -2.883 
5.312 -1.594 -4.600 
4.727 -2.024 -2.700 
-1.723 -2.487 -1.701 
-2.893 -1.602 -1.170 
3.110 -2.767 -2.109 
2.420 -2.281 -3.600 
-0.116 -0.589 -1.614 
-1.908 -1.638 -1.190 
-2.888 -1.541 -2.642 
-3.037 0.270 -1.882 
1.910 -2.322 -3.682 
4.234 -4.382 -3.072 
3.225 -1.298 -2.662 
4.588 -1.974 -2.822 
-4.103 0.513 -3.359 
5.656 -1.516 -2.606 
-0.543 -1.841 -0.577 
5.957 -1.664 -2.471 
4.559 -2.785 -1.201 
-0.703 -3.054 -2.049 
-2.037 -0.844 -3.389 
-3.306 -2.298 -1.960 
-3.018 -1.357 -2.530 
-2.930 -0.833 -2.484 
-4.208 -2.553 -2.363 
-2.158 -0.923 -1.109 
-4.237 -0.793 -0.594 
2.995 -2.568 -1.662 
3.755 -3.556 -3.642 
-4.770 -2.146 -1.243 
3.159 -2.256 -2.680 
5.399 -3.341 -3.348 
2.541 -0.685 -2.976 
3.348 -3.865 -3.684 
4.498 -2.347 -2.896 
-1.300 -1.281 -1.524 
3.053 -1.819 -4.240 
-2.619 -1.063 -1.240 
-1.896 -1.268 -1.753 
-4.687 -1.962 -2.325 
3.710 -3.442 -3.689 
-2.727 -3.997 -1.551 
4.643 -2.701 -4.028 
-1.488 -2.330 -1.510 
3.604 -2.964 -3.391 
-0.654 -1.611 0.443 
3.543 -0.796 -3.059 
3.684 -2.134 -3.396 
-2.141 -2.846 1.412 
5.643 -1.841 -0.812 
-1.349 -2.929 -2.045 
5.092 -0.466 -0.686 
-2.909 -2.450 -1.566 
2.563 -2.456 -2.547 
-0.432 -4.101 -2.251 
4.418 -1.836 -3.202 
4.876 -3.402 -2.646 
-1.209 -0.834 -1.381 
4.123 -3.584 -1.747 
4.218 -3.696 -1.742 
2.943 -3.803 -4.173 
-2.263 -2.381 -2.778 
2.433 -2.435 -3.687 
4.750 -4.066 -2.761 
-1.246 -0.854 -0.264 
-0.765 -2.631 -1.261 
2.979 -1.997 -2.664 
-1.148 -1.882 -2.692 
-0.010 -1.063 -0.843 
5.640 0.115 -2.679 
1.825 -2.822 -2.622 
4.877 -2.087 -1.749 
-3.225 -2.940 -0.422 
3.814 -2.369 -2.544 
3.724 -2.065 -4.018 
-3.283 -2.878 -1.436 
-2.541 -1.588 -2.407 
-1.490 -1.252 -0.966 
5.312 -2.874 -2.478 
2.595 -3.236 -3.388 
-1.571 -3.100 -1.413 
-2.549 -0.155 -0.660 
-2.157 -2.299 -1.158 
-1.914 -1.945 -2.325 
2.754 -2.148 -3.367 
-0.882 -2.612 -2.291 
-3.246 -1.906 -0.840 
2.910 -1.732 -1.846 
-3.225 -3.087 -1.834 
-1.607 -3.404 -2.079 
4.513 -0.012 -3.201 
-0.504 -0.724 -1.098 
1.427 -2.708 -3.564 
-0.691 -4.715 -2.417 
0.033 -1.089 -0.976 
-2.920 -1.587 -2.472 
-1.114 -1.635 -2.105 
4.359 -4.040 -1.424 
-2.623 -1.424 -2.012 
4.207 -1.402 -4.383 
1.985 -1.643 -2.190 
4.922 -1.891 -3.719 
-1.061 -1.287 -1.242 
5.080 -3.007 -3.081 
-4.315 -3.329 -1.334 
-1.431 -0.262 -1.580 
5.989 -1.534 -4.074 
-0.347 -3.829 0.622 
3.296 -1.715 -1.995 
-1.914 -3.072 -1.311 
3.259 -2.464 -4.163 
3.930 -2.836 -2.286 
3.808 -2.216 -3.440 
-1.411 -0.758 -2.379 
2.861 -2.515 -4.004 
-1.499 -3.248 -2.010 
-3.943 -4.344 -3.783 
-2.164 -0.387 -1.381 
5.195 -2.372 -3.875 
4.029 -2.617 -2.323 
-1.065 -1.457 -2.618 
-1.813 -1.509 0.215 
4.025 -1.685 -2.528 
-3.391 -3.869 -2.619 
3.402 -2.634 -2.374 
-1.993 -3.394 -2.542 
3.689 -2.504 -2.971 
-2.146 -1.203 -2.141 
-1.195 -3.247 -1.030 
-1.013 -2.707 -0.397 
-2.365 -1.184 -1.111 
3.724 -1.042 -3.920 
-0.564 -0.091 -2.265 
5.986 -4.526 -3.647 
4.342 -2.619 -3.231 
4.908 -2.921 -3.580 
3.734 -0.790 -3.346 
3.464 -2.218 -1.847 
1.794 -3.772 -3.058 
4.433 -2.501 -3.923 
-2.630 -1.862 -0.449 
-0.584 -1.097 -3.195 
4.379 -2.950 -3.203 
-1.778 -3.102 -2.399 
-1.185 -0.968 -3.575 
-2.587 -0.509 -1.595 
-1.791 -1.421 -2.456 
-2.121 -1.283 -1.949 
-2.398 -2.542 -3.778 
5.527 -0.461 -1.799 
2.814 -3.234 -2.367 
0.363 -1.029 -3.047 
0.766 -2.050 -3.520 
1.671 -1.968 -0.887 
3.225 -1.308 -2.382 
3.224 -1.131 -1.393 
1.467 -2.614 -2.293 
3.888 -0.854 -0.536 
1.616 -3.754 -2.611 
3.413 -1.242 -1.309 
2.525 0.035 -1.162 
4.459 -1.293 -0.390 
4.237 -2.424 -2.236 
0.645 -2.341 -1.793 
2.294 -2.185 -0.941 
1.767 -3.368 -3.433 
3.325 -0.793 -0.918 
3.225 -2.479 -2.013 
0.989 -1.334 -2.016 
3.094 -2.584 -0.698 
2.814 -1.677 -0.869 
2.147 -1.356 -1.456 
0.711 -2.092 -2.385 
5.395 -2.601 -3.648 
-0.209 -0.377 -2.008 
1.809 -2.541 -1.368 
0.626 -0.644 -1.381 
3.348 -2.620 -1.865 
0.255 -6.093 -0.727 
0.868 -1.604 -3.657 
1.845 -1.421 -3.711 
3.081 -2.040 -1.488 
0.298 -3.059 -1.823 
2.123 -2.863 -0.449 
0.282 -4.463 -1.887 
2.416 -3.228 -2.299 
0.445 -1.898 -2.458 
3.435 -3.078 -0.609 
3.473 -1.711 -1.299 
1.524 -1.337 -0.883 
2.095 -1.065 -1.036 
1.789 -0.862 -1.120 
1.038 -2.661 -3.452 
2.301 -2.776 -1.869 
1.909 -2.401 -2.084 
2.414 -3.051 -2.608 
3.095 -1.715 -1.034 
3.312 -1.623 -1.327 
2.879 -2.601 -1.590 
0.578 -1.087 -2.319 
3.154 -1.300 -2.369 
3.063 -2.227 0.210 
0.927 -2.791 -3.764 
2.807 -2.363 -2.018 
1.960 -0.861 -1.350 
2.839 -1.581 -2.842 
1.145 -1.038 -1.299 
2.550 -4.914 -2.155 
1.970 -2.107 -2.933 
2.539 -0.714 -3.194 
1.283 -2.310 -1.299 
3.342 -2.668 -1.873 
3.490 -1.918 -3.192 
1.374 -2.525 -3.579 
3.290 -1.452 -0.073 
2.277 -2.916 -3.523 
3.597 -2.544 -0.716 
3.091 -2.380 -0.924 
1.509 -0.455 -1.336 
1.956 -0.078 -3.093 
2.209 -1.128 -2.840 
1.370 -1.656 -1.906 
1.899 -2.341 -0.360 
1.565 -1.829 -2.658 
1.072 -0.285 -1.870 
-0.560 -1.025 -3.499 
1.872 -0.997 -1.477 
3.154 -1.724 -2.993 
2.959 -3.616 -2.071 
2.271 -2.194 -0.684 
1.773 -2.312 0.127 
0.237 -1.781 -1.867 
2.797 -0.130 -2.468 
2.935 -0.888 -2.544 
2.698 -3.177 -1.796 
0.984 -0.184 -3.148 
2.983 -2.327 -2.661 
1.050 -0.364 -2.516 
1.677 -2.158 -1.947 
2.739 -2.803 -1.317 
1.511 -1.278 -2.160 
1.081 -1.972 -2.662 
1.406 -0.904 -4.056 
3.500 -1.385 -1.414 
0.452 -1.848 -1.384 
1.122 -2.921 -3.698 
2.972 -2.493 -0.121 
2.114 -3.459 -1.467 
3.925 -2.061 -3.036 
0.888 -3.757 -0.995 
1.737 -1.982 -2.716 
2.948 -0.601 -0.323 
1.070 -2.443 -1.980 
2.823 -2.312 -0.150 
2.029 -4.099 -2.425 
2.502 -2.330 -1.626 
1.801 -2.008 -1.381 
2.075 -1.739 -2.872 
1.215 -1.172 -2.135 
2.513 -1.232 -2.543 
3.234 -2.314 -1.757 
2.721 -3.474 -1.182 
1.613 -0.009 -0.545 
1.454 -2.514 2.035 
3.509 -3.756 -3.664 
1.653 -0.604 -1.453 
3.947 -3.756 -0.587 
1.663 -3.496 -0.301 
-0.072 -2.658 -1.795 
0.391 -1.469 -1.741 
3.123 -2.005 -2.930 
2.197 -2.187 -1.599 
2.272 -0.486 -3.130 
4.086 -2.887 -1.692 
3.221 -1.564 -3.216 
2.186 -2.518 -1.428 
1.541 -1.949 -1.445 
2.949 -0.720 -2.801 
1.411 -3.399 -2.477 
1.916 -1.115 -1.900 
2.816 -1.377 -2.802 
1.326 -1.334 -1.009 
0.742 -2.219 -2.985 
1.678 -0.494 -1.632 
1.483 -1.919 -1.954 
-0.195 -1.626 -2.309 
2.432 -0.964 -2.911 
2.774 -2.632 -2.265 
0.499 -1.440 -2.268 
2.801 0.250 -3.631 
2.254 -2.780 -1.856 
2.572 -0.690 -2.626 
1.366 -2.810 -2.174 
1.135 -1.068 -1.018 
2.118 -1.233 -3.230 
2.790 -3.870 -1.900 
1.939 -1.729 -0.327 
1.624 -2.739 -2.496 
2.181 -1.275 -2.377 
3.283 -0.781 -3.223 
2.852 -2.828 -1.813 
3.104 -2.384 -1.714 
2.482 -2.236 -0.194 
-0.228 -1.537 -2.738 
1.088 -0.192 -0.245 
0.689 -2.479 -1.704 
1.507 -1.932 -2.457 
1.757 -2.156 -1.548 
3.117 -0.586 -3.693 
0.237 -2.930 -0.970 
3.037 -3.166 -3.139 
2.744 -0.388 -1.704 
-0.535 -2.629 -1.170 
3.945 -1.769 -1.268 
1.038 -3.637 -2.243 
2.778 -4.001 -2.866 
2.768 -0.733 0.355 
2.952 -1.315 -2.662 
1.102 -1.300 -2.571 
1.250 -1.093 -1.240 
1.856 -3.582 -1.158 
-1.063 -1.752 -1.734 
1.783 -2.932 -0.482 
0.822 -2.417 -1.736 
2.631 -2.649 -2.083 
1.717 -3.404 -2.187 
2.428 -0.181 -1.406 
2.809 -1.537 -2.865 
3.482 -1.720 0.346 
3.029 -3.022 -2.441 
1.819 -1.042 -2.826 
2.888 -1.812 -2.395 
1.193 -1.042 -0.906 
1.464 -2.668 -0.129 
1.308 -0.985 -2.283 
2.932 -2.129 -1.666 
1.422 -2.160 -0.504 
1.044 -3.070 -1.137 
1.951 -1.261 -1.144 
1.793 -0.535 -1.288 
1.919 -0.899 -1.532 
0.138 -4.544 -1.584 
1.895 -1.308 -0.995 
1.511 -1.901 -1.223 
2.246 -2.877 -3.114 
3.149 -0.819 -1.228 
1.765 -1.734 -3.485 
1.960 -0.095 -1.059 
1.557 -1.315 -0.368 
1.808 -0.985 -1.712 
1.185 -2.958 -1.548 
1.885 -2.854 -2.059 
0.298 -1.855 -1.156 
3.662 -2.431 -2.286 
2.298 -2.371 -2.799 
0.563 -1.632 -2.304 
1.647 -1.677 -3.688 
-0.042 -0.629 -0.422 
2.481 -4.177 -3.171 
0.943 -1.156 -1.330 
3.469 -1.418 -3.044 
4.626 -2.387 -1.195 
2.301 -1.566 -2.134 
1.143 -2.418 -2.472 
2.392 -1.325 -0.810 
1.247 -2.960 -1.857 
1.675 -2.712 -3.713 
2.683 -2.743 -1.499 
2.515 -3.051 -1.421 
3.126 -1.861 -3.046 
0.784 -1.456 -2.330 
1.262 -3.483 -0.370 
0.228 -0.189 -2.465 
3.468 -1.821 -0.210 
2.142 -3.145 -1.603 
2.194 -1.570 -2.174 
2.483 -1.730 -0.438 
0.416 -0.624 -2.232 
0.199 -3.258 -2.340 
2.575 -1.222 -4.178 
-0.529 -2.635 -3.420 
1.617 -2.583 -1.549 
3.807 -2.857 -2.003 
1.657 -1.902 -1.885 
2.963 -0.942 -1.168 
3.207 -0.777 -2.191 
3.344 -0.943 -0.938 
1.288 -3.408 -0.723 
2.641 -2.028 -2.185 
2.798 -1.842 -2.301 
2.783 -2.746 -1.825 
1.656 -3.771 -0.899 
1.570 0.039 -0.891 
2.177 -3.218 -1.510 
0.154 -2.478 -3.214 
2.014 -3.826 -0.456 
2.368 -2.189 -0.691 
0.720 -2.951 -2.981 
2.496 -0.655 -0.136 
2.779 -1.903 -2.320 
0.465 -1.359 -1.684 
-0.963 -4.424 -3.257 
1.073 -2.756 -2.275 
1.694 -2.671 -1.663 
2.633 -3.528 0.191 
2.548 -1.832 -1.884 
2.270 -2.644 -4.483 
0.225 -1.396 -0.960 
0.907 -1.821 -1.213 
1.462 -1.170 -3.301 
1.721 -2.628 -1.926 
2.301 -1.577 -0.767 
3.140 -3.490 -0.767 
2.932 -2.924 -1.732 
2.355 -0.829 -3.053 
2.089 -1.949 -0.690 
1.507 -1.962 -2.092 
0.157 -2.971 -3.579 
0.882 -3.922 -2.615 
2.827 -4.424 -3.007 
2.606 -1.163 -0.539 
1.077 -2.673 -1.295 
0.445 -1.791 0.684 
2.202 -0.727 -0.129 
2.845 -0.942 -0.752 
0.769 -1.416 -3.071 
1.601 -3.074 -1.072 
1.503 -3.053 -1.745 
1.043 -2.709 -2.012 
2.107 -0.982 -1.323 
0.467 -2.367 -1.899 
2.141 -2.782 -2.283 
1.322 -2.516 -1.300 
1.001 -4.664 0.103 
3.730 -4.273 -2.891 
1.345 -2.241 -1.404 
0.782 -1.359 -0.727 
1.609 -1.308 -1.416 
2.842 -1.812 -2.938 
1.323 -2.012 -1.884 
2.069 -1.829 -1.009 
0.852 -0.429 -3.623 
1.830 -0.866 -1.281 
2.461 -1.598 -2.198 
3.453 -1.231 -1.648 
2.705 -0.688 -1.573 
2.463 -2.947 -2.231 
1.612 -0.371 -2.297 
1.587 -1.506 -2.512 
4.127 -1.881 -2.046 
1.794 -3.311 -0.753 
2.671 -2.349 -1.179 
2.277 -2.537 -3.562 
1.724 -0.462 -2.576 
3.616 -2.919 -1.716 
1.463 -2.390 -2.260 
3.076 -1.996 -2.102 
2.519 -2.093 -2.339 
2.894 -2.809 -1.923 
2.940 -0.478 -2.600 
0.681 -1.083 -0.426 
1.068 -1.491 -0.847 
3.209 -0.872 -2.349 
2.563 -3.078 -1.481 
2.688 -3.202 -1.038 
2.424 -3.373 -2.809 
1.599 -3.299 -1.338 
4.743 -1.575 -1.146 
4.595 -3.442 -0.750 
2.566 -0.614 -2.210 
3.812 -2.796 -0.780 
1.562 -3.003 -2.185 
2.004 -3.149 -1.391 
4.287 -2.940 -3.909 
2.109 -0.540 -1.869 
2.288 -1.872 -3.524 
1.024 -2.812 -1.930 
2.124 -0.712 -2.512 
0.443 -1.953 -2.529 
3.776 -2.162 -2.173 
4.537 -3.600 -2.151 
1.896 -0.407 -1.363 
2.491 -3.195 -1.907 
2.698 -1.744 -1.059 
0.755 -0.760 -2.674 
2.202 -2.669 -0.709 
3.099 -3.308 -1.462 
1.690 -1.287 -2.810 
1.492 -1.152 -2.846 
1.774 -0.227 -1.722 
3.019 -0.576 -3.058 
0.374 -1.675 -2.125 
3.337 -1.020 -0.891 
1.709 -0.662 -1.328 
-0.074 -1.619 -0.768 
2.638 -0.684 -3.190 
3.083 -2.806 -3.126 
1.748 -1.301 -1.182 
-0.388 -2.624 -3.573 
3.102 -2.347 -2.206 
3.804 -4.116 -2.904 
2.123 -2.249 -2.399 
2.705 -2.159 -1.920 
1.980 -3.319 -2.053 
2.495 -2.370 -2.776 
1.257 -1.440 -1.994 
2.728 -1.451 0.267 
1.928 -0.600 -3.942 
3.597 -1.400 -2.859 
1.495 -0.893 -1.839 
0.996 -2.023 -3.171 
2.158 -3.479 -3.307 
2.352 -1.798 -3.398 
2.587 -2.249 -1.730 
1.695 -2.372 -3.664 
2.380 -2.474 -2.208 
1.386 -1.680 -1.832 
0.874 -1.027 -3.214 
-0.594 -0.659 -2.050 
0.725 -1.146 -3.040 
2.109 -1.986 -2.293 
2.173 -3.375 -1.453 
1.790 -3.567 -0.836 
1.967 -3.671 -2.818 
1.260 -2.561 -0.594 
1.498 -0.167 -1.621 
1.917 -3.467 -4.507 
0.494 0.258 -1.569 
1.690 -2.754 -1.660 
0.473 -1.426 -2.490 
1.748 -3.053 -1.875 
2.623 -3.392 -2.446 
2.578 -2.087 -3.455 
2.380 -0.818 -4.271 
3.687 -2.911 -1.713 
2.238 -0.602 -1.834 
1.108 -0.810 -1.193 
0.931 -3.992 -2.095 
1.131 -1.997 -3.020 
1.688 -3.137 -0.708 
2.562 -2.702 -2.666 
2.028 0.209 -1.223 
2.168 -2.842 -0.833 
2.149 -2.024 -1.963 
1.609 -2.281 -1.722 
2.134 -1.328 -2.722 
1.724 -2.079 -3.032 
1.774 -2.404 -1.758 
1.782 -1.260 -2.044 
3.519 0.497 -1.634 
4.538 -3.293 -1.655 
0.796 -2.556 -2.283 
2.088 -1.710 -2.907 
3.864 -1.660 -1.957 
2.179 -3.165 -1.030 
1.372 -1.240 -2.847 
1.207 -1.531 -2.347 
0.992 -0.262 -2.485 
2.011 -1.448 -2.321 
3.017 -2.500 -2.796 
1.851 -4.628 -1.228 
1.430 -2.209 -0.137 
2.809 -1.536 -1.620 
3.378 -1.546 -3.505 
3.357 -0.745 -1.724 
1.711 -1.925 -2.243 
-0.546 -2.463 -0.802 
3.034 -2.191 -1.263 
1.513 -1.468 -2.803 
2.447 -2.426 -2.058 
3.892 -2.049 -1.211 
0.691 -2.727 -3.194 
3.319 -2.977 -2.164 
0.330 -3.324 -1.280 
3.030 -2.929 -1.907 
2.516 -1.674 -1.235 
1.596 -1.861 -0.649 
3.000 -1.949 -1.307 
1.498 -1.346 -1.451 
-0.073 -3.551 -2.920 
1.191 -3.169 -3.168 
2.347 -1.894 -2.346 
1.587 -0.832 -1.078 
1.879 -3.198 -2.893 
3.102 -2.857 -2.868 
3.451 -0.858 -2.600 
3.448 -2.465 -1.558 
0.884 -1.930 -2.192 
3.014 -3.793 -2.405 
3.043 -1.695 -3.109 
2.134 -1.193 -2.291 
2.540 -2.037 0.180 
1.687 -2.205 -2.687 
4.199 -2.285 -1.927 
1.159 -0.396 -1.665 
1.643 -3.716 -1.072 
1.723 1.158 -2.765 
0.682 -3.113 -2.133 
1.348 -0.915 -2.949 
1.807 -1.915 0.113 
2.860 -1.628 -0.736 
0.275 -1.119 -3.196 
2.219 -1.402 -3.048 
2.816 -1.539 -1.272 
2.287 -0.706 -2.867 
0.142 -2.666 -2.151 
2.092 -1.529 -0.535 
2.622 -1.084 -2.266 
2.762 -2.368 -3.797 
1.933 -3.217 -1.297 
1.030 -2.648 -2.266 
1.952 -2.072 -2.079 
1.870 -1.891 -0.061 
2.101 -3.103 -1.994 
1.279 -2.923 -1.152 
3.810 -1.297 -2.660 
0.757 -3.840 -4.040 
3.184 -1.238 -2.126 
1.660 -1.178 -1.816 
2.395 -2.332 -0.601 
3.156 -2.664 -1.022 
1.192 -2.233 -3.039 
2.453 -0.728 -1.047 
1.665 -1.744 -1.442 
2.236 -3.073 -4.647 
4.164 -1.911 -2.075 
0.596 -0.621 -2.432 
2.183 -2.103 -2.411 
2.016 -0.505 -2.427 
1.839 -2.623 -2.739 
3.100 -2.388 -1.871 
1.088 -1.033 -0.788 
1.330 -2.103 -3.328 
1.035 -0.645 -2.503 
2.962 -1.470 -2.456 
1.665 -1.358 -3.795 
0.020 -1.850 -2.410 
1.325 -2.384 -2.432 
1.648 -0.225 -2.468 
-0.636 -2.737 -2.288 
2.259 -0.374 -1.937 
-0.711 -1.443 -2.040 
2.284 -2.054 -1.991 
0.277 -0.676 -1.800 
0.470 -3.166 -4.177 
1.488 -0.649 -1.574 
2.640 -0.742 -2.485 
2.142 -2.737 -1.819 
1.419 -2.625 -2.208 
2.538 -2.338 -2.404 
1.468 -3.659 0.670 
2.508 -2.405 -3.307 
1.238 0.276 -2.559 
3.513 -2.183 -1.509 
2.357 -1.850 -0.119 
2.028 -2.022 -0.837 
2.251 -1.391 -2.858 
4.060 -1.837 -3.421 
0.325 -1.245 -3.657 
2.438 -3.645 -3.414 
1.540 -3.001 0.205 
2.783 -3.857 -1.837 
0.719 -1.418 -2.104 
0.989 -2.667 -1.572 
1.435 -1.706 -2.618 
2.541 -2.523 -3.673 
1.332 -0.877 -4.506 
2.923 -3.431 -1.938 
2.112 -0.771 -3.400 
3.426 -3.301 -0.105 
1.691 -1.958 -0.945 
4.710 -1.956 -2.409 
3.295 -1.836 -2.009 
1.605 -0.895 -2.151 
-0.304 -1.134 -1.900 
1.790 -1.553 -4.999 
1.170 -1.302 -1.805 
1.059 -1.817 -2.192 
2.214 -2.595 -1.588 
3.216 -0.142 -2.217 
2.157 -2.101 -1.524 
2.396 -1.737 -2.015 
3.088 -2.527 -1.948 
1.620 -3.124 -1.945 
3.741 -2.491 -1.033 
1.639 -3.419 0.724 
2.272 -0.539 -2.835 
2.657 -2.076 -2.037 
1.218 0.269 1.621 
3.609 -3.799 -1.346 
1.723 -0.748 -2.576 
2.009 -0.416 -2.844 
1.259 -1.778 -1.737 
2.885 -4.526 -1.574 
0.964 -1.691 -0.511 
1.158 0.115 -0.301 
2.363 -2.464 -1.296 
2.749 -3.019 -1.602 
3.154 -2.545 -2.676 
2.008 -3.173 -2.497 
2.058 -1.584 -3.056 
3.856 -0.324 -2.694 
3.350 -1.839 -1.787 
2.649 -2.715 -2.346 
3.756 -2.809 -1.982 
0.935 -1.503 -0.932 
1.211 -2.059 -3.708 
3.639 -1.152 -2.074 
0.760 -1.434 -2.268 
2.922 -2.714 -1.726 
1.632 -2.511 -1.618 
1.847 -2.603 -2.731 
2.691 -3.004 -3.444 
2.683 -1.899 -1.971 
4.850 -3.531 -0.841 
2.166 -1.599 -4.449 
0.907 -3.584 -2.731 
1.043 -1.454 -3.354 
1.968 -1.553 -1.077 
3.808 -2.021 -2.647 
3.035 -2.485 -1.311 
3.139 -0.240 -1.129 
3.529 -2.234 -0.742 
1.204 -3.561 -3.183 
1.661 -2.044 -1.652 
1.955 -1.031 -1.495 
1.575 -2.848 -3.300 
0.420 -1.420 -2.260 
1.930 -1.073 -1.065 
2.405 -2.958 -2.620 
3.187 -2.923 -3.157 
2.848 -3.477 -1.239 
3.449 -1.098 -1.112 
2.776 -1.020 -2.641 
2.730 -3.096 -4.229 
2.696 -2.787 -2.895 
0.884 -0.198 -1.826 
0.440 -2.241 -2.584 
1.889 -4.042 -4.633 
2.136 -1.797 -1.963 
1.621 -0.891 -1.408 
3.079 -2.653 -1.273 
2.500 -1.853 -1.261 
0.865 -1.378 -0.786 
1.495 -0.247 -1.283 
3.053 -1.672 -3.741 
3.702 -2.366 -1.566 
2.759 -2.126 -1.141 
0.874 -2.457 -2.219 
2.598 -2.074 -1.085 
1.941 -1.499 -0.443 
0.851 -1.454 -2.849 
2.477 -3.541 -3.053 
1.028 -2.063 -1.257 
1.619 -0.990 -2.975 
1.006 -2.201 -2.293 
3.327 -3.517 -3.265 
1.087 -2.489 -1.998 
0.919 -2.248 -2.495 
1.803 -2.123 -2.420 
3.451 -0.796 -1.767 
0.992 -2.639 -1.488 
2.468 0.057 -2.883 
5.015 -2.279 -1.351 
3.216 -1.766 -1.912 
2.539 -3.543 -1.646 
1.642 -0.698 -2.774 
2.086 -3.792 -2.602 
2.671 -2.608 -1.665 
2.712 -0.684 -2.565 
1.816 -1.608 -1.848 
2.072 -1.589 -0.702 
2.835 -0.003 -0.193 
2.716 -2.754 -2.054 
3.728 -2.133 -1.017 
2.158 -2.145 -2.197 
2.012 -2.470 -1.563 
2.979 -0.645 -2.485 
1.603 -2.742 -2.312 
0.713 -2.273 -3.821 
1.596 -0.772 -1.427 
1.764 -1.087 -4.146 
2.525 -0.734 -1.546 
1.252 -1.894 -3.273 
3.247 -0.276 -1.095 
1.327 -1.901 -1.853 
0.550 -1.670 -1.940 
0.946 -1.472 -2.621 
1.896 -3.503 -2.579 
1.082 -1.752 -3.181 
1.030 -1.493 -3.268 
2.388 1.368 -0.775 
0.771 -2.700 -1.478 
1.559 -2.599 -2.080 
0.809 -2.439 -2.377 
0.810 -2.652 -2.180 
2.367 -3.696 -2.707 
1.308 -3.751 -1.912 
1.279 -1.967 -1.150 
2.268 -1.775 -0.939 
1.358 -2.940 -2.168 
1.297 -2.993 -1.807 
3.102 -2.282 -2.488 
2.393 -0.994 -2.128 
3.153 0.097 -2.469 
3.552 -1.478 -2.270 
1.093 -2.404 -2.247 
2.802 -2.290 -1.846 
1.678 -4.989 -2.744 
-0.064 -1.985 -1.629 
3.688 -3.398 -1.105 
-0.292 -1.307 -0.520 
1.117 0.121 -3.632 
1.247 -1.229 -1.477 
0.527 -1.424 -2.823 
1.278 -2.682 -1.108 
0.925 -0.980 -2.076 
1.092 -2.945 -1.379 
2.530 -0.804 -2.104 
2.224 -2.191 -3.046 
0.142 -1.448 -0.754 
3.215 -0.632 -1.304 
1.015 -1.031 -4.010 
0.853 -1.129 -2.014 
1.918 -0.787 -1.907 
1.328 -2.037 -1.371 
1.864 -2.390 -3.759 
1.880 -2.401 -0.300 
2.944 -0.739 -3.028 
-0.071 -0.733 -1.617 
2.934 -3.524 -2.535 
3.213 -2.291 -2.540 
3.038 -2.120 -2.653 
1.834 -3.505 -0.855 
0.190 -2.194 -1.592 
4.047 -2.569 -1.000 
2.375 -3.955 -1.521 
1.657 -1.938 -2.442 
1.999 -2.360 -1.119 
1.255 -1.440 -0.636 
1.011 -2.503 -3.939 
3.331 -1.461 -1.051 
4.602 -0.357 -1.520 
3.512 -2.550 -2.707 
3.525 -2.503 -1.762 
1.984 -1.238 -1.487 
0.840 -2.485 -1.986 
1.178 -3.103 -2.513 
1.960 -1.970 -2.852 
1.421 -2.139 -2.831 
1.873 -2.965 -1.888 
1.977 -1.878 -3.237 
2.245 -0.480 -0.934 
2.769 -1.522 -2.282 
1.631 -2.466 -1.710 
0.247 -3.202 -1.761 
3.942 -3.904 -0.177 
1.138 -2.568 -2.228 
0.547 -1.882 -2.583 
1.878 -2.455 -3.179 
0.573 -3.531 -1.299 
2.536 -2.228 -3.316 
0.902 -0.498 -1.039 
1.594 -1.197 -1.593 
0.808 -0.871 0.886 
2.081 -2.562 -1.137 
3.180 -2.685 -1.765 
2.535 -3.112 -3.522 
2.980 -1.818 -3.920 
0.659 -1.381 -2.500 
1.300 -1.966 -1.773 
0.048 -1.173 -1.183 
1.292 -1.292 -2.134 
2.669 -1.849 -2.119 
1.379 -1.731 -2.666 
4.209 -2.803 -1.779 
0.917 -1.761 -1.404 
3.632 -1.594 -3.818 
0.360 -1.822 -1.186 
2.031 -3.515 -4.081 
2.391 -2.072 -3.114 
2.310 -3.289 -2.814 
2.574 0.064 -2.156 
2.131 -4.295 -3.454 
1.721 -2.931 -2.504 
2.731 -2.964 -2.441 
2.548 -1.835 -2.303 
0.567 -2.566 -1.826 
-0.363 -2.889 -1.092 
0.389 -2.848 -1.644 
2.575 -0.896 -2.137 
2.428 -1.559 -2.386 
0.574 -2.041 -1.830 
1.155 -1.779 -1.839 
2.008 -2.297 -2.529 
1.734 -2.089 -2.316 
2.784 -2.746 -0.240 
2.848 -1.774 -2.137 
0.864 -0.009 -2.580 
1.772 -3.074 -2.000 
4.015 -1.322 -1.230 
4.918 -1.189 -1.355 
2.481 -1.877 -3.224 
3.577 -0.752 -1.706 
1.842 -0.567 -1.937 
0.943 -1.745 -1.294 
4.486 -1.315 -2.798 
1.278 -3.091 -1.829 
1.779 -1.278 -2.127 
1.684 -2.065 -1.371 
1.736 -2.695 -2.575 
3.374 -2.389 -0.143 
2.181 -2.993 -1.292 
2.946 -3.495 -1.876 
1.747 -1.052 -1.395 
2.563 -2.177 -2.918 
3.035 -1.571 -2.232 
2.690 -2.454 -0.674 
0.430 -1.295 -2.145 
3.251 -1.256 -1.363 
2.281 1.158 -2.117 
1.397 -2.345 2.178 
1.949 -0.842 -2.105 
2.055 -3.078 -0.801 
1.719 -2.607 -2.907 
3.292 -1.570 -2.128 
3.034 -2.727 -1.678 
1.134 -0.923 -0.797 
2.021 -3.605 -3.400 
1.707 -2.111 -2.542 
1.295 -1.211 -1.539 
2.509 -1.572 -2.181 
0.557 -1.535 -1.572 
1.976 -1.930 -2.780 
1.077 -1.273 -2.093 
0.651 -1.635 -1.701 
1.262 -0.775 -0.507 
2.523 -0.948 -1.251 
2.578 -2.274 -0.802 
2.503 -3.048 -1.050 
0.807 -0.726 -1.404 
1.113 -1.162 -1.542 
2.452 -1.776 -1.188 
2.177 -1.990 -4.268 
2.598 -1.595 -2.258 
1.102 -3.574 -2.391 
3.369 -0.047 -0.769 
0.920 0.201 -1.922 
1.487 -0.309 -1.563 
3.569 -0.750 -2.795 
2.094 -1.292 -1.539 
