1800
A 6.254 4.855 3.176 
D 2.631 -2.649 -2.083 
A 3.476 5.203 3.908 
A 6.116 6.408 3.732 
A 3.112 3.678 1.712 
A 6.362 4.571 5.177 
D 2.298 -2.371 -2.799 
A 4.790 5.387 4.641 
A 5.636 3.553 1.986 
D 1.933 -3.217 -1.297 
A 6.015 5.326 1.862 
D 2.563 -3.078 -1.481 
D 2.396 -1.737 -2.015 
A 6.567 5.534 2.758 
A 6.108 5.683 5.198 
A 3.789 6.227 3.234 
D 0.964 -1.691 -0.511 
A 5.891 5.283 1.833 
D 0.298 -1.855 -1.156 
D 3.453 -1.231 -1.648 
A 6.747 6.444 2.814 
D 1.419 -2.625 -2.208 
A 5.434 6.329 3.041 
A 4.208 3.928 3.015 
D 2.072 -1.589 -0.702 
D 2.690 -2.454 -0.674 
D 3.451 -0.796 -1.767 
A 6.579 3.418 4.355 
A 3.817 5.590 2.593 
A 4.955 5.908 3.860 
A 5.269 3.240 3.189 
D 2.562 -2.702 -2.666 
A 3.370 4.033 1.892 
A 3.369 4.804 3.123 
D 3.247 -0.276 -1.095 
A 3.608 5.767 4.659 
A 4.933 5.262 1.734 
D 1.613 -0.009 -0.545 
A 4.539 5.102 4.626 
D 0.416 -0.624 -2.232 
A 5.926 5.697 4.670 
D 1.185 -2.958 -1.548 
A 5.772 3.533 2.385 
A 4.829 6.631 4.306 
A 6.056 6.143 1.570 
D 4.209 -2.803 -1.779 
A 4.592 3.650 4.210 
A 6.213 4.303 3.259 
D 3.325 -0.793 -0.918 
D 1.774 -2.404 -1.758 
A 3.557 3.706 3.177 
A 6.630 6.784 1.675 
A 6.132 4.193 2.990 
D 1.322 -2.516 -1.300 
D 5.015 -2.279 -1.351 
A 3.384 5.527 4.436 
A 6.111 3.138 2.266 
A 3.046 3.846 4.287 
A 5.968 4.422 4.019 
D 3.156 -2.664 -1.022 
A 6.229 4.179 2.015 
D 2.268 -1.775 -0.939 
D 1.495 -0.247 -1.283 
A 5.413 6.815 4.044 
A 3.688 3.515 3.191 
D 3.187 -2.923 -3.157 
D 1.288 -3.408 -0.723 
D 0.989 -1.334 -2.016 
D 1.870 -1.891 -0.061 
D 1.134 -0.923 -0.797 
D 1.596 -1.861 -0.649 
D 3.942 -3.904 -0.177 
A 6.956 5.230 3.381 
A 6.768 5.256 2.833 
D 0.651 -1.635 -1.701 
D 3.945 -1.769 -1.268 
A 6.991 4.850 3.209 
A 3.989 4.626 5.384 
A 3.898 4.193 4.665 
D 1.807 -1.915 0.113 
A 3.382 4.087 5.003 
A 6.117 4.759 3.009 
A 3.536 4.878 4.271 
A 6.225 6.664 1.685 
D 4.164 -1.911 -2.075 
A 4.118 4.000 5.107 
A 3.785 6.138 4.095 
A 4.678 3.934 2.424 
D 2.784 -2.746 -0.240 
D 1.808 -0.985 -1.712 
A 5.522 3.889 2.119 
A 6.071 3.771 4.833 
A 5.168 5.725 1.864 
A 3.603 4.897 4.664 
A 5.265 4.075 4.864 
D 2.519 -2.093 -2.339 
A 3.007 5.288 1.918 
D 1.170 -1.302 -1.805 
D 1.122 -2.921 -3.698 
A 5.294 4.278 2.118 
A 6.359 4.899 3.640 
A 6.301 5.807 4.726 
D 0.992 -0.262 -2.485 
D 1.984 -1.238 -1.487 
A 4.786 5.510 5.285 
D 2.301 -1.566 -2.134 
D 2.946 -3.495 -1.876 
A 6.531 4.732 1.791 
A 3.198 3.791 1.614 
A 5.076 6.998 2.572 
A 5.075 3.901 1.768 
A 6.134 6.433 1.840 
A 4.492 5.105 2.597 
A 6.441 6.064 5.076 
A 4.034 5.096 3.190 
A 6.791 6.411 5.491 
D 2.272 -0.486 -3.130 
D 1.603 -2.742 -2.312 
A 4.404 5.744 2.529 
A 3.080 4.836 2.950 
D 1.839 -2.623 -2.739 
A 3.185 3.626 4.563 
D 3.482 -1.720 0.346 
A 5.792 3.527 2.081 
A 4.253 3.462 5.467 
A 6.654 6.017 2.541 
A 3.780 3.509 2.128 
A 3.518 5.487 2.815 
D 1.632 -2.511 -1.618 
D 0.330 -3.324 -1.280 
D 3.102 -2.347 -2.206 
A 3.235 3.275 2.110 
A 5.868 4.956 4.295 
D 2.055 -3.078 -0.801 
A 4.095 4.157 3.308 
D 0.430 -1.295 -2.145 
D 1.001 -4.664 0.103 
D -0.546 -2.463 -0.802 
A 5.526 6.934 3.084 
D 1.028 -2.063 -1.257 
D 0.935 -1.503 -0.932 
A 4.998 3.598 4.230 
A 3.915 5.101 3.898 
A 3.350 6.585 4.054 
D 1.677 -2.158 -1.947 
A 5.027 6.370 2.887 
A 3.602 5.591 5.091 
A 6.596 3.553 2.518 
A 3.887 3.378 2.693 
A 3.939 5.200 1.900 
D 0.713 -2.273 -3.821 
A 5.621 3.440 3.827 
A 4.953 4.730 3.040 
D 3.448 -2.465 -1.558 
A 3.473 3.662 3.247 
A 5.620 3.380 3.016 
A 6.039 3.917 5.196 
D 0.766 -2.050 -3.520 
D 0.925 -0.980 -2.076 
A 4.202 5.267 5.025 
D 3.776 -2.162 -2.173 
A 5.891 5.427 2.435 
A 3.162 5.652 3.338 
A 3.220 3.660 1.663 
A 6.567 3.936 4.558 
D 3.209 -0.872 -2.349 
A 4.966 4.065 3.624 
A 4.642 4.777 5.116 
D 1.131 -1.997 -3.020 
A 4.558 4.456 2.334 
A 4.639 4.796 2.777 
A 6.491 3.356 2.565 
A 4.180 6.226 3.235 
A 6.567 5.235 4.219 
A 4.940 5.148 4.578 
A 4.650 6.783 4.721 
A 3.256 6.226 4.203 
A 5.844 3.855 3.693 
D 0.757 -3.840 -4.040 
D 1.308 -0.985 -2.283 
A 3.123 3.951 3.651 
A 4.631 5.339 5.228 
D 3.473 -1.711 -1.299 
D 2.845 -0.942 -0.752 
A 4.152 5.264 2.855 
D 0.499 -1.440 -2.268 
A 4.730 5.546 4.302 
A 3.084 4.739 1.869 
A 4.264 4.253 5.488 
A 6.796 3.133 2.887 
D 2.028 0.209 -1.223 
D 1.819 -1.042 -2.826 
D 0.228 -0.189 -2.465 
A 4.927 6.850 2.646 
A 4.774 5.083 2.099 
D 1.059 -1.817 -2.192 
A 3.712 5.759 2.695 
A 4.207 4.188 5.097 
A 4.488 4.963 3.782 
D 1.772 -3.074 -2.000 
D 1.279 -1.967 -1.150 
A 6.685 5.576 4.743 
A 4.599 3.034 4.225 
D 2.578 -2.274 -0.802 
A 3.612 6.422 1.772 
D 0.550 -1.670 -1.940 
A 6.235 5.252 3.316 
D 2.979 -0.645 -2.485 
D 1.719 -2.607 -2.907 
D 2.879 -2.601 -1.590 
D 1.889 -4.042 -4.633 
D 1.495 -0.893 -1.839 
A 6.268 6.848 4.889 
A 4.442 3.447 4.239 
A 5.049 5.456 2.856 
A 5.949 5.699 2.653 
D 2.094 -1.292 -1.539 
D 1.647 -1.677 -3.688 
D 3.184 -1.238 -2.126 
D 1.587 -0.832 -1.078 
D 4.015 -1.322 -1.230 
A 5.292 5.476 4.614 
A 5.018 4.279 3.971 
D 0.596 -0.621 -2.432 
A 4.336 5.980 3.353 
A 5.309 4.382 4.510 
A 6.665 4.112 2.667 
D 2.288 -1.872 -3.524 
A 5.235 6.375 4.820 
D 3.810 -1.297 -2.660 
A 3.648 6.483 2.505 
A 3.135 4.147 2.074 
A 4.443 6.889 2.672 
D 2.301 -1.577 -0.767 
A 5.469 5.799 2.149 
A 6.372 4.172 5.178 
A 4.669 4.815 3.943 
A 4.015 4.499 3.077 
A 5.179 4.248 4.954 
A 3.972 6.874 4.360 
A 3.346 4.035 3.726 
A 4.537 4.609 3.491 
D 2.202 -2.669 -0.709 
D 1.366 -2.810 -2.174 
D 2.575 -0.896 -2.137 
D 4.850 -3.531 -0.841 
A 6.540 6.135 2.406 
A 4.429 5.664 4.959 
D 1.279 -2.923 -1.152 
A 6.133 3.220 2.467 
D 2.157 -2.101 -1.524 
D 1.723 1.158 -2.765 
A 3.367 4.772 5.448 
A 5.023 3.432 4.195 
A 5.171 3.073 2.853 
D 0.884 -1.930 -2.192 
A 5.130 3.485 4.308 
A 4.538 5.887 1.850 
A 4.742 5.707 2.059 
A 5.007 6.550 4.810 
A 5.677 6.800 2.305 
D 2.983 -2.327 -2.661 
D 1.656 -3.771 -0.899 
A 6.705 6.760 1.539 
D 4.602 -0.357 -1.520 
D 2.922 -2.714 -1.726 
D 1.977 -1.878 -3.237 
D 1.108 -0.810 -1.193 
A 4.404 3.500 3.357 
A 5.325 6.221 4.070 
D 3.063 -2.227 0.210 
D 1.724 -0.462 -2.576 
D 1.801 -2.008 -1.381 
D 2.393 -0.994 -2.128 
D 2.209 -1.128 -2.840 
D 2.539 -0.714 -3.194 
A 5.195 3.813 3.834 
A 4.515 6.520 2.308 
A 3.474 3.809 1.876 
D 3.126 -1.861 -3.046 
D 0.992 -2.639 -1.488 
A 5.612 3.897 3.614 
D 1.135 -1.068 -1.018 
D 2.109 -1.986 -2.293 
D 1.492 -1.152 -2.846 
D 0.574 -2.041 -1.830 
D 1.503 -3.053 -1.745 
A 4.609 3.727 3.506 
A 3.327 5.783 2.169 
A 3.625 4.299 2.865 
D 1.102 -3.574 -2.391 
D 0.659 -1.381 -2.500 
D 2.016 -0.505 -2.427 
D 2.158 -3.479 -3.307 
A 5.474 4.902 3.749 
A 5.546 4.066 2.228 
A 5.451 4.309 3.281 
A 3.779 6.121 1.744 
A 3.623 6.880 1.727 
A 4.009 5.301 4.946 
D 3.029 -3.022 -2.441 
D 2.168 -2.842 -0.833 
A 6.821 4.907 5.087 
A 4.767 6.952 3.464 
A 3.827 4.215 4.713 
A 3.298 5.444 1.847 
A 6.225 5.137 5.311 
D 1.789 -0.862 -1.120 
D 1.657 -1.938 -2.442 
D 0.470 -3.166 -4.177 
A 4.673 5.494 3.176 
A 6.426 3.383 4.315 
A 3.296 3.516 4.644 
A 3.388 6.042 2.556 
D 0.927 -2.791 -3.764 
D 0.020 -1.850 -2.410 
D 1.421 -2.139 -2.831 
D 0.298 -3.059 -1.823 
D 2.622 -1.084 -2.266 
D 3.500 -1.385 -1.414 
D 1.747 -1.052 -1.395 
D 2.503 -3.048 -1.050 
A 4.265 3.715 5.239 
A 5.004 6.140 4.649 
D 3.947 -3.756 -0.587 
A 4.220 5.869 3.020 
A 4.011 5.921 4.594 
D 0.440 -2.241 -2.584 
A 3.434 5.433 3.966 
A 5.008 3.575 4.868 
D 4.918 -1.189 -1.355 
D 1.675 -2.712 -3.713 
A 6.524 3.720 2.176 
A 4.744 6.113 3.114 
A 4.896 5.859 2.632 
D 0.902 -0.498 -1.039 
D 3.225 -1.308 -2.382 
D 2.809 -1.536 -1.620 
A 4.623 3.522 1.823 
A 4.828 5.175 3.673 
A 4.604 4.093 3.023 
A 3.097 3.699 2.443 
D 2.641 -2.028 -2.185 
D 2.535 -3.112 -3.522 
D 1.507 -1.932 -2.457 
D -0.963 -4.424 -3.257 
A 4.368 3.373 4.618 
D 1.779 -1.278 -2.127 
A 3.376 4.691 1.919 
D 3.892 -2.049 -1.211 
A 3.091 4.286 5.492 
A 4.322 4.889 2.192 
A 3.594 6.037 3.434 
A 3.489 5.465 1.968 
D 0.784 -1.456 -2.330 
A 6.039 6.380 5.457 
D 2.696 -2.787 -2.895 
A 4.084 4.832 2.839 
D 3.728 -2.133 -1.017 
A 6.838 4.539 1.964 
A 6.441 6.174 1.930 
A 6.511 4.930 4.665 
A 3.682 6.342 1.905 
A 6.654 3.069 5.270 
A 4.751 3.796 3.114 
D 2.698 -1.744 -1.059 
D 3.609 -3.799 -1.346 
D 2.482 -2.236 -0.194 
D 2.092 -1.529 -0.535 
D 1.088 -1.033 -0.788 
D 0.691 -2.727 -3.194 
D 2.277 -2.537 -3.562 
D 3.344 -0.943 -0.938 
D 4.743 -1.575 -1.146 
A 4.429 4.464 5.334 
D 3.632 -1.594 -3.818 
A 6.746 3.596 2.996 
A 5.330 5.026 3.219 
A 5.010 6.091 4.533 
D 1.609 -1.308 -1.416 
D 1.211 -2.059 -3.708 
D 1.612 -0.371 -2.297 
D 0.917 -1.761 -1.404 
D 3.100 -2.388 -1.871 
D 3.153 0.097 -2.469 
A 4.847 4.865 4.453 
A 6.326 4.782 4.789 
A 5.469 4.329 2.909 
A 6.155 4.460 4.292 
D 3.117 -0.586 -3.693 
A 5.027 6.597 1.990 
A 5.840 3.124 5.320 
A 3.945 5.942 2.008 
D 1.930 -1.073 -1.065 
D 1.102 -1.300 -2.571 
A 5.774 6.813 3.100 
A 4.905 5.914 1.596 
A 6.428 6.410 1.603 
A 5.093 4.872 2.059 
A 5.242 5.338 4.176 
D 0.363 -1.029 -3.047 
A 5.160 4.916 5.460 
D 2.069 -1.829 -1.009 
D 0.157 -2.971 -3.579 
D 2.572 -0.690 -2.626 
D 1.030 -2.648 -2.266 
D 2.214 -2.595 -1.588 
D 2.432 -0.964 -2.911 
A 6.552 6.598 4.936 
D 1.690 -1.287 -2.810 
A 5.874 3.797 4.803 
D 1.960 -1.970 -2.852 
A 4.101 5.656 3.121 
D 1.919 -0.899 -1.532 
D -0.292 -1.307 -0.520 
D 1.609 -2.281 -1.722 
D 3.529 -2.234 -0.742 
D 1.899 -2.341 -0.360 
D 3.076 -1.996 -2.102 
A 3.436 5.810 4.443 
D 3.079 -2.653 -1.273 
A 6.331 4.162 3.962 
A 5.931 3.783 2.807 
A 3.691 6.452 3.657 
A 4.522 6.511 4.297 
D 2.935 -0.888 -2.544 
D 1.707 -2.111 -2.542 
D 1.113 -1.162 -1.542 
D 2.277 -2.916 -3.523 
D 2.177 -3.218 -1.510 
D 0.282 -4.463 -1.887 
A 3.490 6.624 2.211 
D 1.507 -1.962 -2.092 
D 2.683 -2.743 -1.499 
D 1.657 -1.902 -1.885 
A 5.090 4.046 3.081 
D 1.665 -1.358 -3.795 
A 6.065 4.797 3.444 
D 1.631 -2.466 -1.710 
A 3.841 4.053 3.314 
A 4.787 5.335 3.310 
D 1.620 -3.124 -1.945 
A 4.461 5.594 3.255 
D 0.391 -1.469 -1.741 
A 3.031 4.727 2.704 
D 2.633 -3.528 0.191 
D 1.422 -2.160 -0.504 
A 6.929 5.303 2.340 
A 6.657 6.912 4.524 
A 4.468 6.981 2.997 
A 3.849 3.813 3.707 
A 6.311 4.509 2.185 
D 0.237 -1.781 -1.867 
D 1.374 -2.525 -3.579 
D 3.597 -2.544 -0.716 
A 5.236 3.091 2.891 
D 2.640 -0.742 -2.485 
D 2.428 -0.181 -1.406 
D 1.737 -1.982 -2.716 
A 4.996 3.827 2.378 
A 6.558 4.227 1.511 
A 6.336 4.964 4.976 
D 1.332 -0.877 -4.506 
D 2.197 -2.187 -1.599 
A 5.861 4.394 3.622 
A 3.040 4.227 3.057 
A 5.912 6.151 1.981 
D 3.088 -2.527 -1.948 
A 3.377 5.062 2.908 
D 0.943 -1.156 -1.330 
A 4.074 4.460 4.841 
A 6.745 4.640 4.883 
D 1.842 -0.567 -1.937 
D 2.236 -3.073 -4.647 
A 3.460 4.804 3.533 
D 1.671 -1.968 -0.887 
A 4.340 4.894 3.187 
D 0.255 -6.093 -0.727 
A 5.561 5.040 2.730 
A 4.257 5.329 4.818 
A 3.357 3.674 1.835 
A 6.226 4.542 2.346 
D 2.778 -4.001 -2.866 
A 4.745 6.584 3.930 
D 1.757 -2.156 -1.548 
A 6.640 5.324 2.668 
A 4.682 3.670 2.657 
A 4.178 5.945 1.601 
A 3.271 5.989 5.208 
A 3.035 4.879 4.047 
A 3.671 3.952 5.029 
A 5.369 6.102 5.020 
A 6.927 3.521 2.446 
A 4.032 3.391 4.940 
A 6.086 3.876 3.304 
D 1.454 -2.514 2.035 
D 2.447 -2.426 -2.058 
D 2.525 0.035 -1.162 
D 1.207 -1.531 -2.347 
A 3.483 3.732 1.666 
D 3.807 -2.857 -2.003 
D 1.193 -1.042 -0.906 
A 6.097 6.301 4.847 
A 6.115 5.467 3.414 
D 3.702 -2.366 -1.566 
D 3.292 -1.570 -2.128 
A 5.177 6.837 3.022 
D 3.337 -1.020 -0.891 
D 2.058 -1.584 -3.056 
A 3.267 5.167 5.111 
D 1.043 -1.454 -3.354 
D 1.605 -0.895 -2.151 
A 3.969 6.614 4.288 
A 6.332 6.206 1.838 
D 4.537 -3.600 -2.151 
A 4.358 3.326 1.970 
D 1.262 -0.775 -0.507 
D 1.939 -1.729 -0.327 
A 4.954 3.143 3.300 
A 6.308 5.581 4.339 
A 5.421 4.325 1.582 
A 3.309 3.236 1.519 
A 6.292 5.641 2.217 
A 5.650 6.676 1.744 
A 6.773 6.695 5.314 
A 3.381 6.872 4.645 
A 4.202 6.324 4.536 
A 3.786 5.277 2.071 
D 1.191 -3.169 -3.168 
D 3.034 -2.191 -1.263 
D 3.378 -1.546 -3.505 
D 0.874 -1.027 -3.214 
A 6.427 4.233 2.137 
A 4.135 6.754 4.194 
A 4.720 6.512 2.368 
D 2.491 -3.195 -1.907 
A 6.888 4.760 2.805 
A 3.868 5.160 4.968 
A 3.678 6.245 3.047 
D 2.657 -2.076 -2.037 
D 2.606 -1.163 -0.539 
A 5.053 6.814 4.229 
D 4.710 -1.956 -2.409 
A 3.798 6.282 4.075 
A 4.579 5.310 5.178 
A 4.352 6.019 4.373 
A 5.609 3.404 4.366 
A 6.433 3.338 5.094 
A 6.602 4.270 4.636 
D 3.017 -2.500 -2.796 
D 2.623 -3.392 -2.446 
D 1.509 -0.455 -1.336 
D 2.310 -3.289 -2.814 
D 1.803 -2.123 -2.420 
D 1.711 -1.925 -2.243 
D 1.619 -0.990 -2.975 
D 2.270 -2.644 -4.483 
D -0.636 -2.737 -2.288 
A 5.369 4.415 4.778 
A 3.314 5.140 4.973 
A 3.396 6.133 5.347 
A 3.069 6.876 4.882 
D 3.216 -0.142 -2.217 
A 3.041 4.627 3.102 
A 3.521 6.661 2.234 
D 3.221 -1.564 -3.216 
D 2.548 -1.835 -2.303 
D 1.358 -2.940 -2.168 
D 1.880 -2.401 -0.300 
D 1.464 -2.668 -0.129 
D 1.050 -0.364 -2.516 
A 3.579 6.503 4.731 
A 6.528 6.332 1.683 
A 4.597 6.044 2.684 
D 3.888 -0.854 -0.536 
A 5.185 4.508 2.128 
A 5.675 6.089 2.505 
D 2.932 -2.924 -1.732 
A 3.782 6.503 4.152 
D 0.946 -1.472 -2.621 
A 4.580 3.738 2.379 
A 5.154 4.013 3.003 
A 6.687 5.553 3.035 
A 4.664 5.142 4.756 
D 2.816 -1.539 -1.272 
A 6.198 3.444 4.592 
A 4.936 4.969 4.775 
A 5.359 4.886 2.733 
D 2.801 0.250 -3.631 
D 3.552 -1.478 -2.270 
A 6.806 6.372 4.525 
A 5.429 6.513 5.133 
D 1.721 -2.931 -2.504 
A 6.411 6.258 4.899 
A 5.540 6.232 2.920 
A 4.471 4.481 1.569 
A 6.749 3.741 3.962 
A 3.080 5.858 3.581 
A 3.433 6.843 4.390 
A 6.208 4.236 3.863 
D 1.956 -0.078 -3.093 
D 2.375 -3.955 -1.521 
D 1.941 -1.499 -0.443 
D 2.525 -0.734 -1.546 
D 3.216 -1.766 -1.912 
D 2.963 -0.942 -1.168 
A 4.070 4.427 4.746 
D 1.896 -3.503 -2.579 
A 3.190 6.237 3.786 
D 2.294 -2.185 -0.941 
A 5.950 3.854 4.259 
A 6.014 3.875 2.520 
D 2.797 -0.130 -2.468 
D 2.481 -4.177 -3.171 
A 3.585 5.250 2.425 
D 1.238 0.276 -2.559 
A 5.778 6.456 4.349 
A 5.701 3.234 3.436 
A 5.220 6.297 3.905 
D 1.379 -1.731 -2.666 
D 3.688 -3.398 -1.105 
A 6.050 3.526 3.150 
A 4.044 3.561 2.067 
A 6.412 4.223 2.537 
A 6.521 4.658 4.408 
A 4.097 5.142 5.422 
D 3.331 -1.461 -1.051 
A 6.107 6.519 2.974 
A 5.799 3.744 1.900 
A 4.405 5.845 2.291 
A 3.692 4.355 2.728 
D 0.325 -1.245 -3.657 
D 0.853 -1.129 -2.014 
D 2.287 -0.706 -2.867 
D 0.907 -3.584 -2.731 
A 3.153 5.684 1.544 
A 3.863 3.661 2.065 
A 6.114 5.772 3.412 
D 3.295 -1.836 -2.009 
D 3.741 -2.491 -1.033 
A 4.973 6.496 2.993 
A 4.404 4.512 3.864 
D 1.980 -3.319 -2.053 
D 2.671 -2.349 -1.179 
D 1.155 -1.779 -1.839 
A 3.501 3.425 4.673 
A 3.387 6.326 4.700 
A 4.313 4.628 3.047 
A 6.218 6.519 1.518 
D 2.798 -1.842 -2.301 
D 0.796 -2.556 -2.283 
D 0.989 -2.667 -1.572 
A 5.186 6.726 3.584 
D 3.207 -0.777 -2.191 
A 4.339 5.304 2.107 
A 5.756 6.719 5.202 
D 2.416 -3.228 -2.299 
D 2.021 -3.605 -3.400 
A 6.060 4.100 3.986 
A 4.772 5.507 2.380 
D 4.086 -2.887 -1.692 
A 3.928 6.069 5.150 
D 1.330 -2.103 -3.328 
A 5.181 4.879 4.629 
A 5.406 3.775 2.196 
A 6.098 6.187 4.222 
D 0.681 -1.083 -0.426 
A 6.893 4.395 3.799 
A 4.604 5.626 5.447 
A 5.667 3.394 1.528 
A 4.905 4.789 3.970 
A 3.028 5.020 4.580 
A 6.602 6.605 4.815 
A 6.967 6.367 3.169 
D 3.037 -3.166 -3.139 
A 6.794 5.406 3.591 
A 6.567 5.199 2.869 
D 0.563 -1.632 -2.304 
A 5.409 6.733 5.037 
D 1.896 -0.407 -1.363 
A 4.422 3.292 4.871 
D 1.661 -2.044 -1.652 
A 4.939 5.210 4.268 
D 1.970 -2.107 -2.933 
D 2.075 -1.739 -2.872 
A 4.484 3.660 4.391 
A 3.674 5.801 1.989 
A 4.197 6.224 2.537 
D 2.009 -0.416 -2.844 
D 2.814 -1.677 -0.869 
D 1.879 -3.198 -2.893 
A 6.004 4.261 4.239 
A 5.413 6.399 3.470 
A 4.208 5.635 5.483 
D 3.094 -2.584 -0.698 
D 1.949 -0.842 -2.105 
D 1.724 -2.079 -3.032 
A 5.420 6.173 2.850 
D 1.794 -3.311 -0.753 
A 3.891 6.049 5.215 
D 0.645 -2.341 -1.793 
D -0.388 -2.624 -3.573 
D 4.287 -2.940 -3.909 
A 5.255 3.005 1.791 
A 6.157 6.995 2.757 
D 2.783 -3.857 -1.837 
D 3.513 -2.183 -1.509 
D 1.562 -3.003 -2.185 
D 0.888 -3.757 -0.995 
A 4.431 6.361 3.442 
A 3.846 5.765 2.938 
A 5.428 4.973 4.854 
D 1.328 -2.037 -1.371 
D 3.283 -0.781 -3.223 
D 0.874 -2.457 -2.219 
A 4.127 3.162 2.757 
D 3.808 -2.021 -2.647 
D 1.765 -1.734 -3.485 
A 4.954 4.373 4.679 
A 6.695 6.528 4.437 
A 6.499 4.168 2.591 
A 5.196 6.422 4.632 
D 0.682 -3.113 -2.133 
D 0.374 -1.675 -2.125 
D 0.882 -3.922 -2.615 
D 3.469 -1.418 -3.044 
A 5.054 4.727 2.990 
A 6.743 6.613 3.250 
A 4.760 3.570 3.203 
A 4.297 6.387 1.945 
A 4.058 3.387 4.354 
A 6.217 4.011 2.389 
D 0.771 -2.700 -1.478 
A 6.506 5.238 3.439 
A 3.845 5.426 5.446 
A 5.177 3.265 3.244 
D 2.731 -2.964 -2.441 
A 3.233 6.493 2.583 
D 2.004 -3.149 -1.391 
D 1.300 -1.966 -1.773 
D 1.952 -2.072 -2.079 
A 3.026 5.063 3.194 
D 2.688 -3.202 -1.038 
A 5.982 6.811 5.366 
D 3.519 0.497 -1.634 
D 1.077 -2.673 -1.295 
D 3.030 -2.929 -1.907 
D 2.028 -2.022 -0.837 
D 2.860 -1.628 -0.736 
D 2.088 -1.710 -2.907 
A 6.507 5.568 4.339 
D 0.852 -0.429 -3.623 
A 5.384 5.482 1.745 
D 1.257 -1.440 -1.994 
D 1.774 -0.227 -1.722 
D 0.048 -1.173 -1.183 
A 3.066 6.780 5.314 
A 6.851 6.851 4.636 
D 1.663 -3.496 -0.301 
A 3.356 5.251 4.387 
D 0.725 -1.146 -3.040 
D 2.194 -1.570 -2.174 
A 5.651 3.068 4.788 
D 1.624 -2.739 -2.496 
A 3.382 6.228 4.162 
A 4.359 4.058 5.254 
D 2.481 -1.877 -3.224 
A 6.850 5.944 5.066 
D 2.134 -1.193 -2.291 
D 1.793 -0.535 -1.288 
D 1.687 -2.205 -2.687 
D 1.684 -2.065 -1.371 
A 5.809 3.502 4.677 
A 5.990 4.890 4.983 
A 3.551 4.908 3.740 
D 2.523 -0.948 -1.251 
D 0.277 -0.676 -1.800 
A 4.651 4.448 4.969 
D 2.809 -1.537 -2.865 
A 4.603 6.185 1.865 
A 3.970 6.619 2.761 
D 1.767 -3.368 -3.433 
D 1.691 -1.958 -0.945 
D 2.428 -1.559 -2.386 
A 4.876 5.345 4.900 
D 2.347 -1.894 -2.346 
D 1.872 -0.997 -1.477 
D 2.536 -2.228 -3.316 
A 5.926 4.069 4.198 
A 4.672 6.570 1.917 
D 2.669 -1.849 -2.119 
D 1.916 -1.115 -1.900 
A 4.358 5.648 2.841 
A 6.800 6.877 4.250 
A 6.718 3.625 4.065 
A 3.955 3.868 3.815 
A 3.352 3.693 2.975 
D 0.465 -1.359 -1.684 
D 0.138 -4.544 -1.584 
A 6.556 4.221 5.104 
A 4.543 5.078 3.498 
A 6.332 5.703 3.513 
A 5.309 4.881 3.237 
D 1.035 -0.645 -2.503 
A 3.002 5.046 2.064 
A 3.534 5.310 1.576 
D 2.271 -2.194 -0.684 
A 4.597 4.127 2.509 
A 4.679 5.749 1.896 
A 3.302 5.104 4.936 
A 5.452 3.458 3.955 
A 3.351 3.311 1.959 
D 2.219 -1.402 -3.048 
A 3.972 3.269 3.543 
A 5.668 3.306 2.164 
D 3.864 -1.660 -1.957 
A 3.914 3.051 5.480 
A 3.159 5.900 3.637 
A 5.253 4.273 4.292 
A 3.245 3.899 1.632 
D 2.671 -2.608 -1.665 
D 2.272 -0.539 -2.835 
D 2.123 -2.249 -2.399 
D 3.053 -1.672 -3.741 
A 3.703 5.495 1.507 
D 0.851 -1.454 -2.849 
A 6.839 3.502 2.864 
A 4.676 4.729 2.607 
A 3.232 4.582 3.911 
D 3.038 -2.120 -2.653 
D 3.369 -0.047 -0.769 
D 1.748 -1.301 -1.182 
D -1.063 -1.752 -1.734 
D 1.483 -1.919 -1.954 
D -0.064 -1.985 -1.629 
D 1.809 -2.541 -1.368 
D 3.804 -4.116 -2.904 
D 4.237 -2.424 -2.236 
A 3.625 4.039 2.780 
A 5.394 4.258 5.152 
D 1.960 -0.861 -1.350 
A 5.800 6.176 4.531 
D 2.224 -2.191 -3.046 
D 2.712 -0.684 -2.565 
A 6.717 6.257 2.469 
A 3.646 4.474 1.825 
A 6.437 6.966 1.936 
A 5.866 5.930 1.882 
D 1.601 -3.074 -1.072 
A 4.507 6.535 1.765 
A 4.403 4.041 1.697 
D 3.035 -1.571 -2.232 
D 1.721 -2.628 -1.926 
D 3.102 -2.857 -2.868 
A 6.686 5.239 2.851 
D 2.540 -2.037 0.180 
D 0.931 -3.992 -2.095 
D 2.118 -1.233 -3.230 
D 0.452 -1.848 -1.384 
D 1.015 -1.031 -4.010 
A 5.114 4.409 1.792 
D 2.089 -1.949 -0.690 
D 0.626 -0.644 -1.381 
A 6.343 4.009 2.943 
A 6.931 6.410 4.339 
D 2.463 -2.947 -2.231 
A 5.119 3.656 5.492 
D 1.255 -1.440 -0.636 
D 2.112 -0.771 -3.400 
A 6.913 4.515 2.258 
A 5.375 4.815 3.632 
D 1.565 -1.829 -2.658 
A 3.019 3.446 4.335 
D 1.864 -2.390 -3.759 
D 0.719 -1.418 -2.104 
A 4.896 4.277 2.056 
A 6.790 6.675 2.297 
A 3.235 3.739 2.649 
A 5.273 6.680 4.245 
D 1.951 -1.261 -1.144 
A 4.259 4.310 2.302 
D 1.960 -0.095 -1.059 
A 3.714 5.281 1.577 
A 6.887 3.767 1.674 
A 3.901 3.705 1.851 
D 0.142 -2.666 -2.151 
A 6.778 3.414 2.970 
A 3.347 4.185 3.628 
D 0.760 -1.434 -2.268 
D 2.705 -2.159 -1.920 
D -0.072 -2.658 -1.795 
A 6.248 3.196 4.603 
D 3.512 -2.550 -2.707 
A 5.367 4.622 4.490 
A 4.133 4.786 2.522 
D 1.928 -0.600 -3.942 
D 0.822 -2.417 -1.736 
A 6.748 4.091 3.681 
D 1.011 -2.503 -3.939 
D 1.599 -3.299 -1.338 
A 5.651 4.919 2.256 
A 4.084 5.245 4.401 
A 4.928 6.497 4.974 
A 3.091 3.952 4.495 
A 3.399 6.550 3.900 
D 3.374 -2.389 -0.143 
D 1.278 -3.091 -1.829 
A 5.632 4.611 5.060 
D 3.449 -1.098 -1.112 
D 1.247 -1.229 -1.477 
D 4.486 -1.315 -2.798 
D 2.716 -2.754 -2.054 
D 1.594 -1.197 -1.593 
D 1.734 -2.089 -2.316 
D 1.709 -0.662 -1.328 
D 3.730 -4.273 -2.891 
A 6.556 5.554 4.117 
A 6.457 4.331 2.841 
A 6.879 3.490 3.022 
A 6.774 4.701 4.266 
D 1.038 -3.637 -2.243 
A 3.083 4.325 4.223 
D 2.123 -2.863 -0.449 
A 3.407 4.712 5.078 
A 6.084 6.526 4.470 
A 4.567 3.645 2.641 
D 0.755 -0.760 -2.674 
A 3.890 3.838 4.971 
D 0.547 -1.882 -2.583 
A 4.010 4.434 2.029 
A 5.253 4.912 3.861 
A 5.874 4.612 5.307 
A 3.302 6.409 4.045 
A 4.398 6.100 1.844 
D 2.538 -2.338 -2.404 
A 6.527 4.526 4.233 
A 4.430 5.759 1.744 
A 5.549 4.263 4.772 
A 5.100 6.669 2.621 
D 2.142 -3.145 -1.603 
D 1.487 -0.309 -1.563 
D 3.639 -1.152 -2.074 
D 3.091 -2.380 -0.924 
D 3.451 -0.858 -2.600 
A 4.145 3.560 4.714 
A 3.832 4.227 4.550 
D 0.573 -3.531 -1.299 
A 4.143 6.882 2.481 
D 3.149 -0.819 -1.228 
A 6.703 5.032 2.268 
A 4.915 5.986 3.102 
D 1.513 -1.468 -2.803 
D 3.290 -1.452 -0.073 
A 4.712 4.889 4.627 
D 0.742 -2.219 -2.985 
A 5.195 4.233 3.958 
A 6.742 3.869 3.451 
A 6.181 3.095 3.185 
A 4.148 6.863 3.158 
D 1.587 -1.506 -2.512 
A 4.368 3.461 3.151 
A 3.527 4.661 2.158 
A 4.675 3.025 3.286 
A 5.667 6.892 3.948 
A 6.865 5.855 4.923 
A 6.162 6.691 2.450 
D 1.070 -2.443 -1.980 
A 3.003 6.221 2.648 
A 3.542 6.296 5.339 
D 1.955 -1.031 -1.495 
D 1.790 -1.553 -4.999 
A 3.673 6.849 5.424 
D 1.570 0.039 -0.891 
D 0.996 -2.023 -3.171 
D 1.782 -1.260 -2.044 
A 3.154 4.481 5.126 
A 5.404 3.857 3.820 
A 4.924 3.401 4.422 
A 4.940 6.512 3.742 
A 5.060 4.349 1.991 
D 0.443 -1.953 -2.529 
A 3.619 6.270 4.826 
A 6.170 6.452 5.069 
A 4.105 4.071 4.227 
D 2.932 -2.129 -1.666 
D 1.463 -2.390 -2.260 
D 1.557 -1.315 -0.368 
A 6.872 5.170 2.669 
A 4.611 5.674 3.322 
A 3.918 4.339 5.457 
A 6.601 4.016 2.055 
A 4.204 4.269 1.683 
D 0.808 -0.871 0.886 
A 5.389 3.680 3.653 
D 2.513 -1.232 -2.543 
A 6.761 5.643 2.506 
A 4.239 3.966 4.477 
A 5.405 4.795 5.073 
D 2.749 -3.019 -1.602 
D 1.783 -2.932 -0.482 
A 3.986 3.163 3.323 
A 3.621 6.245 1.834 
A 6.908 5.077 3.857 
A 5.003 5.393 4.423 
A 5.433 6.197 5.098 
A 4.566 5.137 4.943 
A 6.270 4.059 1.776 
A 6.782 3.213 1.991 
D 1.648 -0.225 -2.468 
A 5.046 4.572 2.120 
D 2.124 -0.712 -2.512 
A 5.736 6.350 2.850 
D 1.327 -1.901 -1.853 
A 4.752 3.546 2.289 
A 5.932 4.742 4.963 
D 1.541 -1.949 -1.445 
D 3.034 -2.727 -1.678 
D -0.209 -0.377 -2.008 
D 1.323 -2.012 -1.884 
D 2.012 -2.470 -1.563 
D 0.810 -2.652 -2.180 
D 2.357 -1.850 -0.119 
A 3.369 6.672 5.444 
A 4.238 5.309 4.098 
D 3.312 -1.623 -1.327 
A 6.111 6.141 4.449 
A 5.068 5.723 2.949 
D 0.711 -2.092 -2.385 
D 2.149 -2.024 -1.963 
D 3.251 -1.256 -1.363 
A 6.256 4.566 1.899 
D 1.488 -0.649 -1.574 
A 6.593 5.864 2.592 
D 2.934 -3.524 -2.535 
A 6.549 3.403 3.112 
D 3.154 -1.300 -2.369 
A 6.982 5.830 1.606 
A 4.393 6.972 4.899 
D 2.109 -0.540 -1.869 
A 4.845 5.400 1.918 
D 1.816 -1.608 -1.848 
A 6.338 6.024 4.266 
D 0.142 -1.448 -0.754 
D 1.976 -1.930 -2.780 
A 4.429 3.862 5.249 
D 1.918 -0.787 -1.907 
D 1.072 -0.285 -1.870 
A 4.368 5.231 3.888 
D 3.856 -0.324 -2.694 
D 2.029 -4.099 -2.425 
D 1.178 -3.103 -2.513 
A 6.685 6.787 4.585 
A 4.562 4.812 3.469 
A 5.583 4.970 2.772 
A 6.970 6.927 5.245 
A 6.759 5.219 5.261 
D 2.438 -3.645 -3.414 
A 3.529 4.503 2.727 
D 1.158 0.115 -0.301 
A 5.866 3.855 4.360 
D 2.563 -2.177 -2.918 
A 3.532 6.465 3.359 
D 3.014 -3.793 -2.405 
A 6.271 5.169 4.788 
A 5.824 3.760 2.483 
A 3.201 3.248 2.940 
D 1.642 -0.698 -2.774 
D 0.360 -1.822 -1.186 
D 0.190 -2.194 -1.592 
A 5.739 4.197 3.301 
A 4.992 4.574 3.999 
A 4.881 3.871 3.975 
A 3.048 5.598 5.340 
A 6.204 3.934 3.886 
D 2.539 -3.543 -1.646 
D 3.342 -2.668 -1.873 
A 5.106 4.941 5.216 
D 1.790 -3.567 -0.836 
D 2.691 -3.004 -3.444 
A 5.517 3.398 4.428 
A 6.178 4.868 5.259 
A 6.712 5.967 1.994 
A 4.338 6.665 5.182 
A 3.780 3.517 3.972 
D 3.123 -2.005 -2.930 
D 0.919 -2.248 -2.495 
D 2.254 -2.780 -1.856 
D 2.744 -0.388 -1.704 
A 3.649 6.130 3.765 
D 3.104 -2.384 -1.714 
A 3.568 4.393 1.631 
A 6.369 6.124 2.714 
A 5.784 4.120 3.125 
A 5.367 4.975 3.087 
D 1.073 -2.756 -2.275 
D 1.082 -1.752 -3.181 
A 5.901 5.400 4.314 
D 1.192 -2.233 -3.039 
D 2.136 -1.797 -1.963 
D 2.739 -2.803 -1.317 
D 1.498 -0.167 -1.621 
A 5.146 6.663 4.922 
D 2.698 -3.177 -1.796 
A 3.138 4.252 5.398 
A 3.462 5.571 5.285 
D 3.035 -2.485 -1.311 
A 3.825 6.048 5.410 
A 5.395 3.857 5.002 
A 5.250 4.875 1.705 
D 2.768 -0.733 0.355 
D 1.348 -0.915 -2.949 
A 4.737 3.296 2.170 
A 5.715 6.939 5.047 
D 2.468 0.057 -2.883 
A 5.386 3.377 2.961 
A 6.476 6.608 3.841 
A 5.365 4.911 2.042 
A 4.931 3.041 2.217 
D 1.540 -3.001 0.205 
A 3.478 6.816 2.783 
A 4.260 3.357 3.523 
A 6.344 4.931 5.450 
A 4.263 3.026 2.321 
D 2.516 -1.674 -1.235 
A 3.646 4.135 5.043 
A 5.772 3.843 4.935 
A 5.624 5.420 1.749 
D 0.884 -0.198 -1.826 
A 5.513 4.320 4.653 
D 2.728 -1.451 0.267 
D 0.247 -3.202 -1.761 
D 1.262 -3.483 -0.370 
A 6.024 5.236 4.809 
D 3.348 -2.620 -1.865 
A 5.318 5.685 1.715 
A 4.777 3.057 2.846 
D 0.840 -2.485 -1.986 
A 4.405 6.250 4.761 
D 0.782 -1.359 -0.727 
A 4.797 4.443 4.685 
A 6.706 5.453 1.674 
D 1.215 -1.172 -2.135 
A 3.976 6.715 4.663 
A 6.853 6.834 2.322 
A 4.396 3.562 4.620 
A 4.428 3.876 4.766 
A 5.037 6.686 3.525 
A 4.276 6.442 3.255 
A 5.874 6.702 4.774 
A 4.659 4.556 4.650 
A 6.675 3.317 4.174 
D -0.560 -1.025 -3.499 
A 4.997 5.168 3.577 
A 5.187 5.100 3.582 
D 2.368 -2.189 -0.691 
D 2.081 -2.562 -1.137 
A 6.611 5.298 4.246 
D 1.430 -2.209 -0.137 
A 6.383 5.768 2.740 
D 2.281 1.158 -2.117 
A 3.802 3.111 3.916 
D 1.081 -1.972 -2.662 
A 3.439 3.511 4.299 
D 1.773 -2.312 0.127 
A 4.359 5.851 4.249 
A 6.889 3.962 5.193 
A 5.051 3.030 4.741 
A 5.179 4.393 2.476 
A 3.771 5.895 2.386 
A 4.371 5.786 3.764 
D 3.662 -2.431 -2.286 
D -0.228 -1.537 -2.738 
A 6.756 3.394 5.326 
D -0.071 -0.733 -1.617 
D 2.367 -3.696 -2.707 
D 1.575 -2.848 -3.300 
D 1.909 -2.401 -2.084 
A 6.092 5.164 2.879 
A 4.327 4.212 5.270 
D 1.617 -2.583 -1.549 
A 5.011 5.917 4.828 
D 2.852 -2.828 -1.813 
A 4.324 3.298 2.872 
A 5.121 5.684 1.817 
A 6.432 6.750 4.621 
A 3.170 5.593 5.301 
D 3.000 -1.949 -1.307 
A 5.186 3.286 3.931 
A 5.007 6.417 2.318 
A 3.195 4.750 5.335 
A 4.704 4.275 4.098 
D 1.596 -0.772 -1.427 
A 6.172 5.352 2.340 
A 6.218 6.712 5.329 
A 6.857 3.599 3.053 
D 1.204 -3.561 -3.183 
D 0.567 -2.566 -1.826 
D 4.459 -1.293 -0.390 
D 3.468 -1.821 -0.210 
D 2.352 -1.798 -3.398 
A 6.933 6.327 3.571 
A 3.780 6.134 1.883 
D 2.888 -1.812 -2.395 
D 3.102 -2.282 -2.488 
A 3.511 4.916 5.042 
D 2.114 -3.459 -1.467 
D 2.649 -2.715 -2.346 
A 6.764 5.945 2.734 
D -0.529 -2.635 -3.420 
A 6.055 4.141 3.910 
D 2.355 -0.829 -3.053 
A 3.505 4.723 4.115 
A 6.811 6.233 4.771 
D 2.245 -0.480 -0.934 
A 4.687 6.574 2.593 
A 5.510 6.402 2.764 
D 2.166 -1.599 -4.449 
A 5.300 4.952 2.946 
D 2.730 -3.096 -4.229 
A 5.401 4.540 3.046 
A 4.841 3.161 2.242 
A 6.257 5.346 1.550 
A 3.561 4.822 3.580 
A 4.552 5.968 5.309 
D 1.621 -0.891 -1.408 
A 6.325 5.885 3.833 
A 3.156 6.921 3.373 
A 6.863 6.418 2.527 
A 6.576 3.012 4.724 
A 5.086 5.499 3.308 
A 6.218 6.640 2.560 
A 5.278 6.278 5.303 
A 3.445 5.364 1.564 
A 3.812 3.350 2.317 
D 1.748 -3.053 -1.875 
D 2.802 -2.290 -1.846 
D 1.068 -1.491 -0.847 
D -0.594 -0.659 -2.050 
A 5.195 3.412 2.443 
D 2.894 -2.809 -1.923 
A 6.580 3.570 3.394 
A 6.679 3.806 1.969 
D 1.397 -2.345 2.178 
A 6.567 5.898 4.905 
A 4.805 4.875 3.147 
A 4.189 5.183 4.636 
A 3.973 4.468 3.578 
D 2.835 -0.003 -0.193 
A 5.941 5.547 1.748 
D 1.834 -3.505 -0.855 
A 4.790 6.870 3.846 
D 1.030 -1.493 -3.268 
D 1.372 -1.240 -2.847 
A 6.065 4.553 3.905 
D 2.177 -1.990 -4.268 
D 0.237 -2.930 -0.970 
D 1.917 -3.467 -4.507 
A 5.922 4.286 2.660 
D 1.847 -2.603 -2.731 
D 2.959 -3.616 -2.071 
D 1.717 -3.404 -2.187 
A 6.615 5.083 4.013 
D 1.044 -3.070 -1.137 
D 1.092 -2.945 -1.379 
A 5.185 4.246 1.662 
A 6.273 3.254 4.789 
D 1.678 -0.494 -1.632 
D 0.920 0.201 -1.922 
A 3.276 6.172 3.976 
A 5.385 4.435 3.608 
A 3.126 5.365 4.887 
A 3.019 3.322 2.666 
A 5.241 6.811 4.121 
D 0.868 -1.604 -3.657 
A 5.921 3.421 2.675 
A 4.869 5.728 3.070 
D 4.199 -2.285 -1.927 
D 2.598 -1.595 -2.258 
A 3.049 6.484 4.572 
A 4.992 5.474 4.568 
D 0.769 -1.416 -3.071 
D 2.107 -0.982 -1.323 
D 2.550 -4.914 -2.155 
D 1.999 -2.360 -1.119 
D 2.980 -1.818 -3.920 
A 6.145 3.724 1.506 
D 3.687 -2.911 -1.713 
A 4.058 6.687 3.285 
D 1.468 -3.659 0.670 
D 2.181 -2.993 -1.292 
A 5.406 4.315 3.922 
D 0.689 -2.479 -1.704 
A 6.498 4.375 3.261 
D 1.845 -1.421 -3.711 
A 4.489 5.642 4.147 
D 0.467 -2.367 -1.899 
A 6.163 3.904 3.811 
D 2.923 -3.431 -1.938 
A 6.807 5.060 4.454 
D 1.411 -3.399 -2.477 
D 2.483 -1.730 -0.438 
A 6.519 3.980 5.072 
D 2.014 -3.826 -0.456 
A 4.624 4.027 4.067 
A 6.794 4.942 4.243 
A 4.697 6.942 4.260 
A 3.412 3.798 2.822 
A 6.132 5.462 3.070 
A 4.210 4.923 1.931 
A 3.483 4.498 3.191 
A 3.403 3.033 5.069 
A 3.261 6.379 5.449 
D 2.301 -2.776 -1.869 
A 4.265 3.381 4.330 
D 2.952 -1.315 -2.662 
D 1.643 -3.716 -1.072 
D 2.134 -1.328 -2.722 
D 3.180 -2.685 -1.765 
A 5.893 4.555 2.753 
A 6.858 4.050 2.802 
D 1.723 -0.748 -2.576 
A 4.994 5.742 2.515 
A 6.159 6.343 4.661 
A 6.237 5.917 4.899 
A 4.533 3.946 4.253 
A 6.478 4.056 1.888 
A 4.981 6.325 5.401 
A 4.170 3.245 2.530 
D 0.225 -1.396 -0.960 
A 3.334 4.786 1.976 
A 3.674 3.399 2.695 
D 1.830 -0.866 -1.281 
D 2.147 -1.356 -1.456 
D 0.473 -1.426 -2.490 
A 4.584 3.327 1.702 
D 1.616 -3.754 -2.611 
D 1.690 -2.754 -1.660 
A 5.963 6.750 1.996 
A 5.210 3.539 4.795 
A 6.865 4.247 1.692 
D 0.445 -1.898 -2.458 
A 4.491 3.842 5.179 
A 3.480 4.686 2.561 
A 4.226 5.098 5.151 
D 2.774 -2.632 -2.265 
D 0.494 0.258 -1.569 
D 1.218 0.269 1.621 
A 6.448 3.823 4.626 
D 1.856 -3.582 -1.158 
D 3.154 -2.545 -2.676 
A 4.963 4.148 3.316 
D 3.569 -0.750 -2.795 
A 4.819 6.840 1.939 
A 6.809 3.992 4.107 
D -0.535 -2.629 -1.170 
D 3.043 -1.695 -3.109 
D 2.972 -2.493 -0.121 
D 3.083 -2.806 -3.126 
A 5.049 4.078 4.591 
D 1.326 -1.334 -1.009 
A 6.909 5.881 1.799 
D 1.695 -2.372 -3.664 
D 2.101 -3.103 -1.994 
D -0.363 -2.889 -1.092 
A 4.667 4.230 2.077 
D -0.074 -1.619 -0.768 
A 3.447 5.235 4.800 
A 5.422 6.530 2.361 
A 3.560 3.282 4.429 
D 1.247 -2.960 -1.857 
D 2.452 -1.776 -1.188 
D 1.259 -1.778 -1.737 
A 3.566 4.714 3.493 
D 1.511 -1.278 -2.160 
A 3.037 4.442 2.885 
D 2.530 -0.804 -2.104 
A 6.388 3.345 1.930 
D 2.031 -3.515 -4.081 
A 4.425 4.692 2.615 
D 2.259 -0.374 -1.937 
A 4.444 5.251 4.099 
A 3.978 4.977 4.492 
A 5.434 4.000 2.591 
A 3.606 5.251 3.318 
D 3.140 -3.490 -0.767 
D 3.350 -1.839 -1.787 
D 1.878 -2.455 -3.179 
D 0.420 -1.420 -2.260 
D -0.304 -1.134 -1.900 
D 2.762 -2.368 -3.797 
A 3.417 6.519 1.902 
D 1.665 -1.744 -1.442 
A 6.289 6.863 4.674 
A 5.253 3.753 4.243 
D 0.578 -1.087 -2.319 
D 3.426 -3.301 -0.105 
A 3.073 6.728 4.957 
D 2.962 -1.470 -2.456 
D 1.736 -2.695 -2.575 
A 4.368 5.004 3.573 
D 2.721 -3.474 -1.182 
D 3.095 -1.715 -1.034 
A 5.069 4.344 1.621 
D 3.234 -2.314 -1.757 
A 3.925 5.424 5.044 
A 5.781 4.499 2.518 
A 6.758 6.157 3.179 
D 1.435 -1.706 -2.618 
D 2.186 -2.518 -1.428 
A 6.116 3.293 5.418 
D 1.292 -1.292 -2.134 
A 4.942 5.246 3.739 
A 3.839 3.392 2.586 
A 3.080 3.875 2.282 
A 4.517 3.569 4.510 
A 4.526 3.888 5.114 
D 2.807 -2.363 -2.018 
A 4.803 6.947 4.664 
A 5.329 6.286 1.896 
A 3.765 3.216 2.997 
A 6.542 5.203 4.793 
D 1.639 -3.419 0.724 
A 4.222 6.745 5.142 
A 6.457 5.949 4.292 
D 1.688 -3.137 -0.708 
A 6.187 6.575 3.827 
A 3.314 5.037 1.736 
D 2.405 -2.958 -2.620 
A 6.895 3.300 2.656 
A 3.620 3.990 3.368 
A 4.940 3.401 5.183 
D 2.578 -2.087 -3.455 
A 4.160 4.931 3.633 
D 2.816 -1.377 -2.802 
A 3.583 4.782 4.493 
A 3.355 4.529 2.217 
D 2.944 -0.739 -3.028 
A 5.972 3.828 5.488 
D 1.764 -1.087 -4.146 
D 2.011 -1.448 -2.321 
A 4.916 6.133 2.587 
A 4.424 4.598 2.548 
A 6.809 5.364 2.834 
D 1.467 -2.614 -2.293 
D 0.809 -2.439 -2.377 
A 3.581 3.381 3.794 
A 4.420 5.752 4.844 
D 2.284 -2.054 -1.991 
A 6.292 4.756 2.906 
D 1.968 -1.553 -1.077 
A 4.931 5.810 3.057 
A 5.922 6.274 1.726 
A 6.956 4.970 5.062 
D 3.081 -2.040 -1.488 
A 5.820 4.455 3.402 
D 1.260 -2.561 -0.594 
D 1.250 -1.093 -1.240 
D 1.283 -2.310 -1.299 
A 6.598 3.063 5.255 
A 4.968 6.270 2.503 
D 2.388 1.368 -0.775 
A 3.756 3.302 1.504 
A 3.401 5.795 1.967 
D 2.574 0.064 -2.156 
A 5.240 5.056 3.688 
D 2.839 -1.581 -2.842 
A 4.843 5.296 5.059 
D 2.251 -1.391 -2.858 
A 3.165 3.546 4.844 
D 4.047 -2.569 -1.000 
A 5.672 5.113 2.620 
A 4.233 6.628 5.245 
D 2.158 -2.145 -2.197 
A 3.277 6.807 4.532 
A 6.086 3.322 4.169 
D 2.086 -3.792 -2.602 
D 1.006 -2.201 -2.293 
D 2.392 -1.325 -0.810 
A 3.845 4.906 5.329 
A 3.516 4.361 5.004 
A 6.302 6.622 2.645 
A 4.095 3.419 5.048 
A 6.055 5.223 5.480 
D 2.842 -1.812 -2.938 
A 5.655 6.582 3.455 
D 3.225 -2.479 -2.013 
A 3.471 5.609 2.191 
D 2.391 -2.072 -3.114 
D 2.424 -3.373 -2.809 
A 6.503 3.010 3.275 
A 3.764 3.927 3.248 
A 4.386 3.933 2.615 
A 5.029 5.801 4.383 
D 1.524 -1.337 -0.883 
A 6.158 6.989 2.312 
D 4.538 -3.293 -1.655 
A 6.228 5.293 1.792 
A 5.672 6.574 2.207 
D 1.511 -1.901 -1.223 
A 5.904 6.844 2.829 
A 6.475 3.055 3.209 
D 4.060 -1.837 -3.421 
A 4.669 5.058 3.627 
D 2.783 -2.746 -1.825 
A 6.549 6.529 4.576 
A 4.818 5.839 1.552 
D 3.525 -2.503 -1.762 
A 4.089 4.339 4.027 
A 4.259 6.897 3.624 
A 5.408 4.488 5.095 
D 1.297 -2.993 -1.807 
A 3.884 6.734 4.104 
A 3.819 4.395 1.843 
D 2.705 -0.688 -1.573 
A 4.012 4.549 4.876 
D 1.325 -2.384 -2.432 
A 6.863 4.178 5.493 
A 5.139 4.013 3.151 
A 4.770 5.265 2.814 
D 0.865 -1.378 -0.786 
A 5.622 6.926 2.951 
D 3.019 -0.576 -3.058 
A 3.629 3.206 3.092 
D 3.154 -1.724 -2.993 
D 3.577 -0.752 -1.706 
A 4.211 6.639 2.030 
A 3.634 6.493 4.839 
A 5.515 3.138 3.376 
D 1.295 -1.211 -1.539 
A 5.014 4.472 1.911 
A 3.942 3.982 4.272 
A 6.035 5.891 5.293 
A 4.860 4.129 3.663 
D 1.159 -0.396 -1.665 
D 1.851 -4.628 -1.228 
A 4.273 5.345 3.768 
D 2.940 -0.478 -2.600 
A 4.746 4.746 4.588 
A 3.418 3.371 5.374 
D 1.077 -1.273 -2.093 
D 2.683 -1.899 -1.971 
A 3.207 6.208 4.655 
D 2.790 -3.870 -1.900 
A 4.755 3.439 1.543 
D 1.143 -2.418 -2.472 
A 3.424 6.746 3.461 
A 3.463 5.376 3.289 
A 3.578 5.743 5.295 
D 2.885 -4.526 -1.574 
A 6.293 3.025 3.910 
A 4.328 6.147 3.422 
A 4.782 4.120 4.462 
A 6.390 6.399 4.605 
D 2.453 -0.728 -1.047 
A 3.370 4.108 4.017 
A 3.059 3.662 3.881 
A 5.754 4.170 3.723 
D 3.490 -1.918 -3.192 
A 6.878 3.216 2.196 
A 4.861 5.685 1.678 
D 1.406 -0.904 -4.056 
A 4.722 6.821 4.661 
D 2.095 -1.065 -1.036 
A 4.487 6.796 4.742 
D 0.907 -1.821 -1.213 
D 2.477 -3.541 -3.053 
D 3.616 -2.919 -1.716 
D 3.357 -0.745 -1.724 
D 3.597 -1.400 -2.859 
A 6.438 5.918 3.020 
D 3.435 -3.078 -0.609 
D 1.024 -2.812 -1.930 
D 1.498 -1.346 -1.451 
D 0.984 -0.184 -3.148 
D 2.548 -1.832 -1.884 
A 5.072 3.434 2.646 
D 1.252 -1.894 -3.273 
A 4.599 5.448 1.635 
A 6.334 3.927 3.728 
D 2.461 -1.598 -2.198 
A 3.773 3.648 3.227 
A 6.581 4.400 3.208 
D 1.117 0.121 -3.632 
A 5.752 4.883 3.858 
A 4.664 3.025 5.010 
A 4.589 3.698 2.891 
A 3.861 6.517 2.748 
D 1.678 -4.989 -2.744 
A 3.779 4.083 3.043 
D 2.779 -1.903 -2.320 
A 3.469 3.989 1.738 
A 6.868 5.859 5.460 
A 3.880 6.760 5.466 
D 2.181 -1.275 -2.377 
D 2.246 -2.877 -3.114 
A 4.104 6.288 3.478 
A 6.855 5.771 2.097 
A 4.615 4.281 5.138 
A 4.620 6.454 2.167 
A 4.858 5.063 2.872 
A 3.837 4.263 3.702 
A 4.295 6.368 4.991 
A 6.552 5.534 1.619 
A 5.363 5.546 3.616 
D 0.943 -1.745 -1.294 
D 1.278 -2.682 -1.108 
A 4.942 6.590 3.533 
A 5.717 4.005 4.798 
A 3.284 3.193 4.059 
A 5.538 6.624 4.929 
A 4.212 3.058 2.663 
D 1.093 -2.404 -2.247 
D 2.363 -2.464 -1.296 
D 4.626 -2.387 -1.195 
D 5.395 -2.601 -3.648 
A 6.353 3.496 5.441 
A 4.320 5.190 2.543 
A 3.852 4.369 2.854 
A 3.930 6.602 1.967 
A 3.213 5.607 3.531 
D 1.138 -2.568 -2.228 
A 4.673 6.036 4.058 
D 1.386 -1.680 -1.832 
A 3.175 3.619 4.935 
A 6.661 6.130 2.854 
D 1.043 -2.709 -2.012 
D 2.948 -0.601 -0.323 
D 2.414 -3.051 -2.608 
A 4.698 4.263 2.632 
A 4.516 3.387 4.550 
A 5.049 3.212 2.593 
A 5.897 5.703 2.829 
A 6.119 3.414 2.776 
D 3.327 -3.517 -3.265 
A 5.166 4.961 3.694 
A 6.168 5.268 3.406 
A 3.054 3.887 1.968 
A 6.508 6.162 2.403 
A 5.163 4.098 5.478 
A 6.679 4.202 3.484 
A 4.162 4.166 3.051 
A 6.725 5.978 5.093 
A 6.262 5.224 3.666 
D 0.864 -0.009 -2.580 
D 2.131 -4.295 -3.454 
A 5.199 4.373 1.686 
A 4.086 4.576 3.989 
D 3.215 -0.632 -1.304 
A 6.042 5.320 3.212 
D 2.509 -1.572 -2.181 
A 6.034 4.839 3.177 
D 2.541 -2.523 -3.673 
A 4.967 5.575 1.996 
A 4.350 5.759 4.853 
A 6.152 6.761 5.107 
D 2.823 -2.312 -0.150 
A 6.113 3.362 1.512 
D 0.807 -0.726 -1.404 
A 5.751 5.131 2.139 
A 6.961 3.014 4.357 
D 2.776 -1.020 -2.641 
A 6.827 5.439 3.097 
A 5.459 3.653 3.256 
D 2.495 -2.370 -2.776 
A 3.422 5.316 4.220 
D 2.173 -3.375 -1.453 
A 4.622 6.234 4.938 
D 1.895 -1.308 -0.995 
A 4.694 5.369 2.248 
D 1.038 -2.661 -3.452 
A 5.867 5.100 2.408 
D 2.238 -0.602 -1.834 
D 1.370 -1.656 -1.906 
D 0.557 -1.535 -1.572 
A 4.435 4.436 5.325 
A 4.773 5.734 4.007 
D 2.395 -2.332 -0.601 
A 3.348 5.417 1.523 
D 2.515 -3.051 -1.421 
A 6.367 6.089 2.108 
D 2.183 -2.103 -2.411 
D 3.139 -0.240 -1.129 
A 5.125 5.545 2.830 
D 2.848 -3.477 -1.239 
D 1.145 -1.038 -1.299 
A 3.907 4.338 2.337 
D 3.413 -1.242 -1.309 
A 3.950 5.279 3.461 
D 3.213 -2.291 -2.540 
D 2.508 -2.405 -3.307 
A 3.442 4.428 5.216 
A 3.335 4.526 2.532 
A 3.980 4.537 2.554 
A 5.302 5.728 1.847 
A 5.948 4.591 3.193 
A 5.179 5.192 2.979 
D 1.694 -2.671 -1.663 
A 3.906 5.790 1.544 
D 2.008 -2.297 -2.529 
D 2.179 -3.165 -1.030 
D 1.345 -2.241 -1.404 
A 4.063 3.711 5.225 
A 4.691 6.399 1.693 
D 2.638 -0.684 -3.190 
A 5.398 3.093 2.336 
A 5.128 6.114 5.039 
D 3.099 -3.308 -1.462 
A 5.034 6.013 1.692 
A 5.394 5.936 3.111 
D 1.653 -0.604 -1.453 
A 4.830 4.951 2.049 
D 2.380 -2.474 -2.208 
A 4.777 4.391 2.534 
A 6.667 4.065 1.738 
A 6.231 3.857 4.887 
D 3.756 -2.809 -1.982 
A 4.891 6.974 1.631 
D -0.042 -0.629 -0.422 
D -0.073 -3.551 -2.920 
A 5.475 5.222 2.277 
D 2.598 -2.074 -1.085 
A 4.291 3.767 5.408 
D 2.949 -0.720 -2.801 
D 4.127 -1.881 -2.046 
A 6.460 6.070 2.366 
D 2.827 -4.424 -3.007 
D 2.202 -0.727 -0.129 
A 5.108 4.001 2.477 
A 5.251 4.809 4.471 
D 1.885 -2.854 -2.059 
D 2.566 -0.614 -2.210 
A 5.550 6.859 3.842 
A 3.576 6.977 4.507 
D 2.769 -1.522 -2.282 
D 2.587 -2.249 -1.730 
D 1.087 -2.489 -1.998 
D 4.595 -3.442 -0.750 
D 3.224 -1.131 -1.393 
A 4.438 6.144 5.291 
D 1.873 -2.965 -1.888 
A 4.764 6.524 3.709 
A 3.303 5.238 4.969 
D 2.496 -0.655 -0.136 
D 3.509 -3.756 -3.664 
D 0.445 -1.791 0.684 
D 1.559 -2.599 -2.080 
D 2.848 -1.774 -2.137 
A 6.349 4.958 3.016 
D 2.759 -2.126 -1.141 
A 6.174 3.818 3.488 
A 4.630 5.165 3.145 
A 3.349 6.169 2.302 
A 6.252 6.766 3.698 
D -0.711 -1.443 -2.040 
A 3.739 5.883 4.049 
A 6.761 6.760 4.450 
D 0.389 -2.848 -1.644 
A 4.285 6.266 4.406 
D 1.308 -3.751 -1.912 
A 5.283 5.564 4.244 
A 6.866 3.992 3.858 
A 5.883 6.389 4.825 
A 3.580 5.795 2.828 
D 2.502 -2.330 -1.626 
D 3.812 -2.796 -0.780 
D 1.660 -1.178 -1.816 
D 0.275 -1.119 -3.196 
D 2.575 -1.222 -4.178 
A 5.515 5.614 3.224 
A 3.913 5.019 4.573 
D 2.008 -3.173 -2.497 
A 5.000 6.121 5.459 
A 4.045 6.410 3.647 
A 3.809 3.846 4.937 
A 4.371 3.544 4.019 
D 0.199 -3.258 -2.340 
D 2.141 -2.782 -2.283 
A 3.230 5.603 3.101 
D 2.380 -0.818 -4.271 
D 1.088 -0.192 -0.245 
A 6.748 6.880 3.174 
A 3.708 3.234 2.138 
A 3.136 3.672 5.237 
D 1.967 -3.671 -2.818 
A 3.164 4.829 1.758 
A 6.820 4.778 3.525 
D 2.142 -2.737 -1.819 
D 3.925 -2.061 -3.036 
D 0.527 -1.424 -2.823 
A 3.746 5.281 3.124 
D -0.195 -1.626 -2.309 
D 2.500 -1.853 -1.261 
A 4.634 3.875 5.154 
A 4.863 6.925 2.907 
D 3.319 -2.977 -2.164 
D 0.720 -2.951 -2.981 
A 5.679 6.834 5.305 
D 1.462 -1.170 -3.301 
D 0.154 -2.478 -3.214 
A 6.876 4.991 3.710 
