11
8
0.429841 -0.0186263 core
0.366719 -0.687502 core
0.660363 -0.926933 core
0.428006 -0.232439 core
-1.10669 0.132021 core
-1.96459 1.13114 core
-0.971842 0.381514 core
-1.48598 -0.0540566 core

6
-0.711998 12.1364 core
-0.0416021 13.1077 core
-0.126486 13.2171 core
-1.05603 13.1428 core
-0.245052 11.5619 core
-0.643929 11.7263 border

10
2.65425 -0.164697 core
3.00256 -2.23746 core
4.76844 -2.46334 border
1.80058 -1.36348 core
4.12768 -1.81925 core
2.43135 -1.10997 core
3.75633 -0.309516 core
4.67254 0.01432 border
1.77779 0.8682 core
1.78191 2.29698 border

7
11.7525 9.31006 core
12.2007 9.36591 core
13.104 9.86479 core
11.9601 10.3971 core
13.2037 10.6193 core
12.2333 8.06306 core
10.8804 8.16954 border

10
6.56898 -2.48378 core
9.60034 -1.01549 core
10.8954 -0.383416 core
11.3025 0.434983 core
11.9887 0.642317 core
9.2104 -1.93323 core
9.04212 -0.0880617 border
7.82444 -2.18875 core
6.22521 -1.48445 core
6.15991 -0.265777 border

3
8.83224 14.0379 core
9.28613 13.5713 core
9.50232 14.698 core

3
-3.43246 10.8506 core
-3.9954 11.336 core
-3.83189 10.4646 core

10
3.05796 15.1615 core
3.15144 16.1724 core
2.90337 16.298 core
4.17879 16.7697 core
5.17388 16.3601 core
5.18404 16.6876 core
4.17983 15.9988 core
5.11105 15.7339 core
2.89444 15.4304 core
3.94116 14.6678 border

3
1.41778 14.9743 core
1.48267 15.1478 core
0.928924 14.7965 core

5
-4.03069 4.45427 core
-4.69677 5.68914 border
-3.47862 4.30385 core
-2.59173 3.81795 core
-2.98534 4.9106 core

8
10.022 3.21807 core
9.41932 2.08503 core
10.2118 2.43369 core
10.822 5.5157 core
11.6248 5.32745 border
10.4038 1.92812 core
10.9182 2.31273 core
10.5935 4.23153 core

1
-2.3296 9.24698 noise


1
7.20631 13.7663 noise


1
-3.05817 1.26241 noise


1
13.1783 5.65565 noise


1
-4.67131 7.74585 noise


1
14.505 8.77046 noise


1
6.76015 13.2651 noise


1
-1.74959 5.15745 noise


1
-0.853722 6.87049 noise


1
12.6947 12.9566 noise


1
12.703 3.42779 noise


1
14.405 9.01035 noise


1
-1.04563 2.77823 noise


1
-4.84142 7.31657 noise


1
11.2199 13.3119 noise


1
-0.46665 2.74703 noise


1
14.8433 8.34873 noise


1
-2.02484 9.68136 noise


1
-3.70158 10.0884 noise


1
-0.314593 5.31073 noise


1
12.5061 12.4842 noise


1
13.3571 1.659 noise


1
2.63288 15.5088 noise


1
13.2671 1.98363 noise


1
13.9835 4.04409 noise


1
-0.606686 15.0659 noise


1
7.05268 15.349 noise


