100
0.4298410712483678 -0.01862627811838813
-0.7119975597579087 12.136356279671473
4.768435121440295 -2.4633440468151555
10.211842179891548 2.4336869951671707
2.654254080318485 -0.16469695443177557
0.3667189002861404 -0.6875019367337805
11.752547735616481 9.310061771395645
9.419320679741737 2.0850281824558365
6.568981084401798 -2.48377840278941
11.302469537142354 0.4349832692877831
-1.1066936823566165 0.1320206426567756
0.6603630058962509 -0.9269327457822563
5.184035943118649 16.6876310960752
4.672544490754606 0.014319976375263721
-2.32960388086292 9.24698008647089
-1.964593070664348 1.1311426369811688
8.83224009890381 14.037887496947993
7.2063052427941905 13.766335141090156
-3.432459221620176 10.85057541543464
-2.591733819967197 3.8179534845018352
10.895437837521259 -0.38341646674060303
-3.058166560955403 1.2624064698266384
6.159906683087578 -0.2657769048147083
13.178312813838605 5.655647107902674
-0.9718416562142833 0.3815137649808529
3.151435595798692 16.17236697089394
-4.671309894617933 7.745852847636032
14.504973561026715 8.770463711346757
2.9033725802858794 16.298016751210923
3.057960417155067 15.161495278191087
12.200730618539145 9.365912390735382
-0.12648586969038167 13.217097466696874
3.0025628003519924 -2.237456039406794
10.822036162027603 5.515696139676945
10.40376862654199 1.9281229555677406
1.4177800328305001 14.974347904491223
6.760154545198965 13.26513642863614
-1.7495911321758761 5.157453647724045
-0.6439287099257838 11.726316449186516
9.286131395943386 13.571253686554442
1.4826717002186598 15.147805802928637
1.8005779350491178 -1.363483889448112
5.173876703353216 16.360088428138475
-0.8537224122705993 6.8704888524582675
12.694721978326344 12.956618030581918
12.703000846919494 3.4277911612560246
9.600337196228155 -1.015492954298983
-4.696771252841906 5.689137820627747
14.40501419184419 9.010347547750701
-1.0456305866051583 2.7782315858825664
10.880376643849957 8.169536294806404
-4.030689279713286 4.454272157964958
13.103967015302416 9.864788456429327
-3.478620495876452 4.303845728064399
-0.0416021484727187 13.107697138508708
4.178792557433189 16.769674684689328
-0.24505185500294235 11.561858083780953
3.756333013427687 -0.30951614286395124
11.624823449846165 5.327447027229491
10.593530287316348 4.2315267281221445
2.894442024279674 15.430421389380394
11.960091402020883 10.397126765726597
-4.841418386334922 7.316566184111739
3.94116239540926 14.66780121984522
-2.985338308202911 4.910597935249868
-3.9954015375955443 11.335980422332687
11.219877368870677 13.311879079495037
1.781909285929658 2.2969833652900915
-0.4666501839601782 2.7470266175061813
0.9289236486656085 14.796536766186696
11.988694888511422 0.6423171592014958
12.233265073141146 8.063063787156405
14.8433432513062 8.348734366868817
-2.0248357262903323 9.68135769064843
-3.7015826730873513 10.088385331797728
-0.3145934511170454 5.310728483353501
0.4280055361770261 -0.23243935311601138
9.502320635644466 14.698003702496209
9.21039614370607 -1.9332324068272673
1.7777869480409398 0.8681998942619185
10.022008504778603 3.218069279994901
9.042115098743333 -0.08806166452495212
4.179829007191994 15.998781855917608
12.506068394116706 12.484197082644071
13.357061356728908 1.6590003499533408
4.127682046711709 -1.8192467219058237
2.431354885359878 -1.1099724800544717
2.6328843740265726 15.508795427701873
-3.8318892887824862 10.464644983898442
13.267084619870827 1.9836297653283692
13.20368717663338 10.619327324600556
10.918202191793391 2.3127266207833124
7.824437909958961 -2.1887483018877933
13.983461478390513 4.044094982343266
5.111050364837815 15.733873848674483
-0.6066862310552965 15.065932949943836
6.225209445892477 -1.48445377759694
-1.056033157824059 13.14278185343183
-1.4859842682087603 -0.05405660525379741
7.052682721214612 15.349004701125066
