3 3
984
8.83804 -5.59098 7.66824 core
9.92398 -5.67954 6.8171 core
9.62695 -5.9923 6.3369 core
10.1006 -6.88337 7.29136 core
10.3859 -6.56806 7.2077 core
10.5953 -6.26889 7.28503 core
10.1075 -6.22801 7.26577 core
10.6613 -6.41945 6.98451 core
9.63216 -6.39802 6.51307 core
10.2964 -6.62457 7.56561 core
9.68989 -6.00008 6.68227 core
9.55975 -6.1049 6.30757 core
10.3029 -5.88291 6.96505 core
10.0506 -5.7543 7.1759 core
10.278 -6.56488 7.51593 core
10.3522 -6.2037 7.0759 core
10.3775 -6.65359 6.94169 core
9.74438 -6.8091 7.23188 core
9.85298 -6.32406 8.34084 core
10.7913 -6.12513 7.13594 core
10.4043 -6.03811 7.46412 core
9.40201 -6.1541 6.68951 core
10.3558 -6.17126 6.818 core
9.46134 -6.11065 6.41075 core
10.0746 -5.97741 7.67396 core
10.3773 -6.3991 7.44586 core
10.1949 -6.34509 6.52716 core
10.0795 -6.16926 7.45651 core
7.85866 -6.04904 8.35675 core
7.79894 -5.64584 7.79266 core
8.07432 -5.99974 8.52309 core
8.11884 -5.02663 8.01305 core
8.5336 -4.95421 7.9808 core
8.9611 -4.64166 8.49565 core
8.80195 -4.91424 8.60762 core
8.89799 -4.88761 8.36144 core
8.05435 -5.35085 7.96429 core
8.94873 -4.59876 7.93776 core
8.6023 -5.10846 8.23077 core
7.85036 -5.47443 8.7267 core
8.19657 -5.69143 8.85003 core
7.87929 -6.27097 9.5141 core
7.81061 -6.97114 9.25415 core
7.0713 -6.78166 7.99167 core
7.47471 -6.21322 9.59375 core
7.9643 -5.45778 8.80421 core
8.34831 -6.03509 7.95188 core
8.92665 -6.54504 8.09916 core
8.54397 -6.44191 8.16473 core
8.39225 -5.96147 7.85425 core
7.91537 -6.37696 8.14926 core
7.96387 -6.09199 7.46264 core
8.46728 -6.67139 7.93365 core
9.02444 -6.25675 8.0949 core
7.78634 -6.17004 7.30704 core
8.73476 -6.16272 7.89526 core
8.56831 -5.9084 7.43664 core
9.07032 -6.53891 7.4718 core
7.65278 -6.04923 7.63729 core
6.64131 -5.84428 7.7023 core
8.08718 -5.73134 7.75423 core
7.67623 -5.56178 7.4707 core
7.78234 -6.67738 7.96259 core
8.24735 -6.38772 9.6487 core
7.17377 -6.98013 8.71282 border
7.44585 -5.9507 8.75887 core
7.09669 -6.32413 8.42553 core
7.03185 -6.10203 8.74262 core
7.82669 -6.04847 8.79863 core
8.64848 -5.89907 7.48012 core
8.26794 -5.80907 7.55087 core
8.91315 -6.01249 7.44755 core
7.52978 -6.14178 7.19076 core
8.55347 -5.07963 7.36324 core
7.51091 -5.73213 7.49676 core
8.48937 -5.42209 7.11101 core
7.74472 -6.21769 7.46459 core
7.60191 -6.24477 7.26996 core
7.59484 -6.04283 7.45193 core
7.17503 -6.30676 9.74791 border
7.68229 -6.20873 9.21818 core
7.82458 -6.22252 6.65329 core
6.70989 -5.80951 7.1432 core
7.49686 -5.87277 6.88124 core
7.18526 -5.72172 7.23838 core
7.31629 -6.48674 5.58257 border
7.75689 -6.17943 7.33921 core
7.80573 -5.91773 7.31323 core
7.94911 -5.81205 8.26698 core
6.85023 -6.26044 8.85817 core
7.22064 -6.66155 8.11941 core
7.84656 -4.72509 7.46924 core
6.78814 -5.12871 6.92774 core
7.22525 -3.89035 6.9729 core
7.85041 -4.2994 6.67084 core
6.80857 -5.42557 7.03425 core
7.97217 -4.7648 6.86177 core
7.90691 -4.68095 6.73877 core
6.30909 -4.37313 7.2382 border
7.385 -5.83262 7.89314 core
6.31003 -6.30736 7.78111 border
7.58861 -6.02454 8.13254 core
7.86094 -5.3134 8.37678 core
7.74256 -5.07786 8.21524 core
7.44655 -5.78142 7.7712 core
7.79899 -5.41604 8.01873 core
7.21305 -5.64993 7.4953 core
7.65022 -4.4388 7.54299 core
7.45022 -4.60373 7.28968 core
7.54576 -4.8419 7.81856 core
7.62392 -4.44195 8.01528 core
7.17448 -5.45292 7.95956 core
7.76596 -5.29116 8.2031 core
7.39103 -5.01358 7.96543 core
7.43549 -5.32286 8.10851 core
6.46646 -5.56848 7.47642 core
7.70991 -5.41208 7.82848 core
7.75081 -5.42811 8.07477 core
7.77206 -6.09296 7.69924 core
8.65351 -6.44633 7.83506 core
7.91511 -6.68265 8.29726 core
7.95795 -6.05496 7.8291 core
7.45727 -5.98977 7.79637 core
8.03729 -4.76742 7.57854 core
7.8126 -5.39533 7.72063 core
7.77217 -4.23701 7.71267 core
7.45084 -5.35008 7.82057 core
7.63306 -5.20092 8.62122 core
8.05435 -5.76517 8.57741 core
7.44689 -5.71201 8.14658 core
7.29741 -6.25965 8.50825 core
6.80581 -6.18524 9.62134 border
9.46157 -5.92848 8.20171 core
8.75208 -4.50316 6.56486 core
9.18077 -3.79928 5.79961 core
8.04442 -4.78419 6.48814 core
7.96863 -4.66499 5.23438 border
8.26812 -4.09031 5.86527 core
9.05216 -3.85665 5.90609 core
7.93941 -4.67767 5.70649 core
7.95025 -4.11167 5.27644 border
8.16052 -4.71467 5.35569 border
8.29692 -5.5169 7.22535 core
9.89074 -6.18468 7.44572 core
9.33805 -6.80218 8.03234 core
9.9008 -6.40768 7.57292 core
10.9309 -6.07723 8.53576 core
10.0695 -5.78835 7.93154 core
9.96203 -6.11763 8.49503 core
8.72696 -6.53386 8.48128 core
8.63826 -6.50775 8.69223 core
9.55399 -6.22345 8.81268 core
9.84443 -6.65937 8.59301 core
9.39968 -6.83755 8.73237 core
10.3623 -6.99631 8.35792 core
9.67449 -5.72839 7.51644 core
10.1593 -6.62006 8.25232 core
9.07992 -6.39181 8.18724 core
8.37937 -6.65168 7.82584 core
10.0125 -6.21834 8.76349 core
9.44647 -6.82811 8.76407 core
8.82395 -6.41835 8.16069 core
9.57604 -6.41523 8.77397 core
9.34326 -6.72807 9.03507 core
9.17445 -6.41871 8.20057 core
8.90645 -6.31235 8.4885 core
9.02722 -5.94441 9.11997 core
8.86392 -6.39246 8.32406 core
9.79816 -6.54601 8.57398 core
9.23201 -6.22577 8.8865 core
10.0632 -6.64663 8.51603 core
10.377 -7.19125 8.99639 border
8.36587 -6.38128 8.48387 core
9.14549 -7.05162 8.94203 core
9.29011 -6.70358 8.88028 core
8.74204 -6.44273 8.59103 core
8.89862 -5.99092 8.92292 core
8.93385 -6.56504 8.61212 core
9.15071 -6.18595 8.98145 core
9.94476 -6.52334 8.10181 core
9.94654 -6.30538 8.33174 core
8.49657 -6.34815 7.59033 core
9.35786 -6.42776 7.53729 core
9.13412 -6.43652 8.98229 core
9.82792 -6.42721 8.28733 core
10.5261 -6.24198 7.82036 core
7.71141 -4.77445 8.65183 core
7.96791 -4.02022 9.18137 core
7.39896 -4.31519 9.38349 core
7.82256 -4.326 8.93372 core
8.35949 -4.25435 8.52244 core
7.9321 -4.54 8.92261 core
7.74128 -4.64856 9.3289 core
7.27512 -4.25681 9.62453 core
8.18839 -3.5447 8.39201 core
8.46313 -4.76579 9.42734 core
7.8541 -3.69423 8.58495 core
7.96684 -3.97852 8.97196 core
7.72251 -3.80876 8.43448 core
7.85339 -4.26506 9.29529 core
8.32438 -4.11477 8.49828 core
8.08712 -4.47226 8.8565 core
7.81161 -3.54948 8.42829 core
7.37668 -4.54117 9.03716 core
8.13175 -4.38182 9.99809 core
7.74208 -4.42945 9.3247 core
8.88116 -3.88388 8.9362 core
7.38147 -4.24662 9.53153 core
7.8692 -5.57709 7.16595 core
6.86399 -5.54031 6.57114 core
8.15212 -5.64662 6.38166 core
7.19532 -5.72416 6.32883 core
7.03374 -5.83726 7.0719 core
7.02878 -6.19888 6.79243 core
6.94475 -5.78022 5.88407 core
7.91442 -6.4558 6.80043 core
7.15191 -5.78505 6.04194 core
7.43864 -4.92058 6.07735 core
8.1383 -4.3697 7.68175 core
8.43013 -3.90068 7.42501 core
9.23066 -3.18831 7.93105 core
8.52775 -4.3719 7.6936 core
9.2091 -3.63442 8.71472 core
9.25996 -1.82475 8.30491 border
8.70252 -4.92283 9.4299 core
8.90062 -5.21128 9.51664 core
9.58639 -4.84619 8.78599 core
8.99488 -4.99154 9.56546 core
9.29789 -4.02192 9.08331 core
11.014 -3.7228 9.37425 border
8.9142 -6.00874 9.25763 core
9.77522 -5.47172 8.84906 core
10.1236 -3.71608 9.27856 core
9.50345 -4.70239 9.2616 core
8.48456 -4.4976 9.49203 core
8.91521 -5.68271 9.31497 core
9.46129 -4.15339 8.15266 core
8.91198 -4.28532 8.63345 core
8.48128 -5.34032 9.32442 core
9.14263 -4.81075 8.82471 core
8.96911 -5.05298 9.34934 core
8.99695 -4.47338 8.85417 core
8.85003 -4.61515 8.52145 core
9.66351 -4.30515 9.19536 core
9.20816 -5.72622 9.62186 core
9.07154 -4.92457 9.14021 core
8.42027 -4.39627 9.08718 core
9.28465 -4.28787 8.93982 core
9.21148 -4.78444 9.0564 core
9.78448 -4.48925 8.54256 core
9.61379 -5.06199 8.89958 core
9.26966 -5.03945 8.34592 core
9.22365 -4.71013 7.70948 core
8.98532 -4.47124 7.70936 core
8.80774 -5.22163 7.79512 core
8.74235 -5.29815 7.96777 core
9.39489 -5.20456 7.8556 core
8.05903 -5.13047 7.82439 core
8.99102 -5.31387 8.14503 core
8.9581 -4.5737 9.30315 core
9.6077 -4.64997 9.73052 core
9.29969 -4.36705 9.82495 core
9.64633 -4.62959 9.55198 core
9.04212 -4.69806 10.1535 core
9.32027 -3.61952 8.22574 core
9.89435 -4.88912 9.91646 core
10.1815 -4.35863 9.65095 core
9.46219 -4.05386 9.96043 core
9.58579 -4.64739 9.30915 core
9.12194 -3.49925 9.35185 core
9.62795 -4.80218 9.41569 core
9.67882 -3.47837 9.21679 core
10.3863 -4.49349 7.64729 core
10.707 -3.31846 8.33648 border
9.97711 -4.34003 7.88677 core
10.3817 -3.37347 7.53769 core
10.1137 -3.15177 7.46296 border
10.9732 -3.66693 7.96978 border
9.56519 -3.83302 8.41612 core
10.6301 -3.68168 8.91543 border
9.75029 -3.12125 8.37533 core
8.57257 -4.30256 9.93221 core
9.13597 -4.14908 8.12629 core
9.49933 -3.65351 8.84518 core
9.47062 -3.46457 8.53372 core
9.14953 -3.22827 8.62828 core
9.39885 -3.08904 8.65812 core
9.12458 -3.18305 8.3694 core
9.4483 -3.31134 8.2934 core
8.89325 -3.83993 8.34795 core
9.0896 -2.70714 8.66226 core
8.68784 -2.65739 8.4247 border
8.62892 -6.28135 7.99976 core
8.08232 -6.36164 7.9984 core
9.11284 -5.64601 7.41234 core
8.38617 -6.48177 7.86707 core
8.99227 -7.38477 7.67139 core
9.1805 -7.13525 7.65524 core
8.97458 -7.76021 8.27319 core
8.02971 -6.87492 7.52418 core
8.39135 -6.87342 7.6186 core
8.46348 -7.40578 8.02418 core
8.37787 -7.58321 7.58593 core
7.93947 -7.47718 8.15203 border
8.85642 -7.94434 7.32618 core
8.09317 -6.53127 8.05453 core
9.61766 -7.43176 8.26992 core
10.7964 -8.02167 8.74388 border
8.9014 -7.60939 8.79169 core
8.3384 -6.65828 8.64404 core
8.55712 -6.5926 8.44677 core
8.472 -7.33802 8.22593 core
8.65429 -7.31026 8.06238 core
8.35742 -6.87169 7.3884 core
9.28821 -7.37142 8.56427 core
8.14871 -6.14825 7.18275 core
7.42546 -7.45363 6.99309 border
7.06779 -6.88643 6.96368 border
7.51046 -6.11922 7.53191 core
7.80743 -5.94586 7.29468 core
6.95388 -5.73222 7.34478 core
7.35935 -6.5057 7.15296 core
8.64824 -7.15889 8.14865 core
8.14648 -7.05479 7.10459 core
8.88392 -8.44332 7.82856 border
9.58153 -7.65756 7.78926 core
9.60205 -8.05779 8.20166 border
9.6735 -7.4959 8.46157 core
8.30482 -6.62495 7.82205 core
9.38296 -7.1746 8.88314 core
10.0945 -7.18482 9.58205 border
8.34976 -6.80467 7.69942 core
9.22384 -7.61788 9.33876 border
9.0048 -6.85799 9.0577 core
9.31447 -7.83101 7.66828 core
8.67876 -5.15371 8.99199 core
9.66782 -5.92301 8.69642 core
9.45365 -5.39049 8.90779 core
9.81287 -5.85319 8.96119 core
10.1697 -6.12573 8.39977 core
9.74014 -5.72179 8.7611 core
9.88041 -5.80044 8.35903 core
9.55783 -4.738 8.10141 core
9.80617 -5.54515 7.99714 core
9.76612 -4.88345 8.64807 core
9.77818 -5.43641 8.39336 core
9.29398 -5.09084 8.33615 core
9.0813 -6.19459 8.75768 core
9.36841 -5.83626 8.79798 core
9.02503 -4.74886 8.86869 core
9.20481 -5.19926 8.91524 core
9.70967 -5.05327 8.47099 core
9.63943 -4.49772 9.3897 core
9.36985 -5.40943 8.93242 core
9.89637 -5.78452 8.86476 core
9.29421 -5.17959 8.47066 core
9.97404 -5.8553 8.77676 core
9.56996 -5.31404 9.11058 core
9.01893 -5.31717 8.75772 core
9.49132 -5.21523 8.90031 core
9.19332 -5.64805 9.00057 core
9.73128 -5.35482 8.61482 core
8.9398 -5.85264 9.02298 core
9.03031 -5.98701 9.17828 core
9.2214 -5.79921 9.06368 core
9.49717 -5.64752 8.84801 core
7.90978 -5.13529 9.17249 core
8.15326 -4.48374 9.34292 core
8.46442 -4.40266 10.2639 core
8.40553 -4.35323 9.81239 core
8.66687 -4.90682 9.89054 core
8.44212 -3.67478 10.3116 border
8.28415 -4.99257 10.3192 core
8.51048 -4.95753 9.66556 core
7.91272 -5.99511 8.9331 core
8.7032 -5.47232 10.0246 core
8.11952 -4.85186 9.44327 core
7.85259 -4.54478 8.37138 core
8.01475 -4.53927 8.19419 core
8.04978 -5.5529 9.44592 core
8.36887 -5.65172 9.54586 core
7.94654 -5.42884 8.40508 core
7.79848 -5.25729 8.76298 core
8.31747 -5.30949 9.75799 core
8.10776 -6.02794 9.88956 core
7.45286 -4.80102 8.49842 core
7.20856 -4.87587 8.05634 core
8.5606 -5.6936 9.7997 core
9.37631 -6.07755 10.6159 border
7.25049 -6.03038 8.65423 core
8.34995 -5.0524 8.71039 core
8.76466 -4.16371 8.88064 core
8.36691 -4.60405 8.73965 core
8.28584 -4.84734 8.44802 core
7.98679 -6.0914 8.77769 core
6.47001 -5.44703 8.6723 border
8.63998 -5.51633 9.26233 core
7.25759 -5.54337 8.44248 core
8.38445 -4.71211 9.69437 core
8.68356 -5.27934 8.87832 core
8.36504 -6.78793 9.07237 core
8.28188 -6.30188 9.75931 core
7.97363 -5.94664 8.6534 core
9.42299 -5.6373 9.16762 core
8.06724 -6.17437 8.46686 core
8.31185 -5.3866 10.0993 core
8.0839 -5.53114 8.23466 core
8.28645 -6.28124 8.64865 core
7.58733 -5.22249 8.09883 core
8.14225 -5.63829 8.73609 core
8.32616 -6.04057 8.6191 core
8.42108 -4.58217 9.22113 core
8.53296 -5.46993 9.38894 core
8.45914 -5.21867 9.99034 core
8.74555 -5.16402 9.252 core
8.36357 -5.81367 9.03216 core
8.25091 -4.41907 9.19523 core
8.52875 -6.26572 9.35801 core
7.61889 -7.14292 10.2399 border
8.21904 -5.38523 8.6951 core
8.26928 -5.09653 7.08582 core
6.77581 -4.79262 6.98374 core
6.76061 -4.31956 7.25492 core
7.74721 -5.13024 7.86234 core
7.77807 -4.47801 7.25722 core
8.25789 -4.75291 7.11709 core
7.04502 -4.55832 7.12946 core
7.93975 -4.37121 7.43493 core
7.2205 -4.79997 6.63239 core
8.00899 -4.38771 7.18665 core
7.52284 -4.1494 6.92909 core
7.4193 -4.58551 7.16763 core
7.69481 -4.17147 7.364 core
7.52592 -4.86413 8.03413 core
7.46429 -5.40367 6.82791 core
7.05069 -4.92041 7.95239 core
8.19104 -4.42977 7.49437 core
7.1672 -4.50966 7.7911 core
8.01778 -5.165 6.97065 core
8.87971 -5.62067 8.03521 core
10.2325 -4.9135 9.07366 core
9.92659 -5.25964 9.01507 core
9.20026 -4.75736 9.3094 core
10.5384 -4.96266 9.19672 core
10.1214 -4.38619 9.46041 core
10.601 -4.4258 10.3559 border
9.74509 -5.56011 7.95627 core
10.5198 -4.9578 9.35156 core
9.05476 -4.99977 10.2185 core
9.92252 -5.15639 7.81423 core
9.51696 -5.21665 9.37914 core
10.6162 -4.53728 8.70054 core
10.7172 -6.16705 8.89422 core
10.5563 -5.60955 9.6418 core
9.82104 -5.12832 9.92548 core
10.1388 -5.64232 10.2035 border
10.1371 -6.00344 8.30813 core
10.7721 -5.65874 8.75394 core
10.7732 -5.66313 7.73732 core
11.2763 -6.6553 9.12525 border
10.1105 -5.78537 8.63997 core
10.5019 -5.84371 8.27516 core
9.78036 -5.02722 8.65548 core
9.67816 -4.40817 8.70758 core
10.3492 -5.67342 8.98818 core
10.6161 -5.80809 6.71096 core
11.769 -6.02197 6.85402 border
10.4648 -4.96308 8.57372 core
11.3846 -5.4762 7.92013 core
11.5883 -5.45376 8.85438 border
9.76658 -4.90679 7.65321 core
10.0104 -5.46226 8.47875 core
10.5112 -5.59063 7.94156 core
9.93459 -5.18886 8.39711 core
9.95902 -5.39927 8.47523 core
10.2965 -5.59231 7.88425 core
9.9305 -4.29473 7.64805 core
9.84171 -5.37139 8.39285 core
9.33888 -6.52728 7.51357 core
9.36016 -6.57892 7.76613 core
10.1851 -6.35392 8.34826 core
9.63517 -5.14343 10.0031 core
10.4579 -6.27912 9.49194 border
9.55318 -5.68612 8.17576 core
10.3068 -4.60221 9.29341 core
9.80803 -5.94287 9.79195 core
10.2733 -5.27107 8.28787 core
9.96449 -3.91959 8.96263 core
10.2969 -4.99605 7.82904 core
10.9231 -5.69528 8.31974 core
11.1296 -5.65112 8.72622 core
10.0035 -4.79101 8.79746 core
8.86654 -5.70781 8.27901 core
8.3894 -4.87764 8.32915 core
7.69127 -4.75539 7.15596 core
7.53624 -4.80292 7.22955 core
8.44951 -5.30836 8.39339 core
9.03766 -4.9332 8.49879 core
9.14428 -5.21352 8.73068 core
8.96824 -4.32958 8.04043 core
8.41256 -4.67504 8.62202 core
9.46325 -5.558 8.4423 core
9.24904 -5.4628 8.49956 core
9.4384 -5.70382 8.08788 core
8.55491 -6.07206 7.95052 core
8.87297 -6.1559 7.89413 core
8.28153 -4.7656 8.38859 core
9.67165 -4.11356 8.77005 core
7.91046 -5.82938 7.79265 core
7.24805 -4.60659 7.81366 core
6.71634 -3.55315 7.22544 border
8.43853 -5.93834 7.97213 core
8.44803 -6.21401 8.30164 core
8.62489 -6.31018 8.79511 core
8.14542 -5.54693 7.93277 core
8.96968 -4.73861 7.53219 core
8.91981 -5.36692 7.85227 core
8.63089 -5.03691 8.02271 core
8.83611 -5.38945 7.60306 core
8.76455 -4.96176 8.24017 core
8.7775 -4.66781 7.71076 core
9.70085 -5.65588 7.9009 core
9.0921 -4.32336 8.63569 core
9.10574 -6.12283 8.46315 core
9.14297 -5.53848 8.32826 core
9.00924 -4.44128 8.95422 core
8.94555 -5.51385 8.2461 core
8.63056 -5.73157 7.88371 core
8.83271 -5.98673 7.90643 core
8.81472 -6.02449 7.88032 core
8.82065 -5.53706 7.62859 core
8.83741 -5.64743 7.92668 core
9.16614 -6.09262 7.90927 core
8.80959 -5.75476 7.73303 core
8.40609 -5.93585 7.68297 core
8.37219 -5.99991 7.34081 core
8.3256 -6.01209 8.10142 core
8.66415 -6.08087 7.80513 core
8.66669 -3.81494 9.36278 core
8.92823 -4.76789 8.47365 core
9.27166 -4.62986 8.42266 core
9.25733 -4.70114 8.97731 core
8.68051 -5.81028 9.01436 core
8.98935 -5.70972 8.97215 core
8.92689 -4.74019 8.52629 core
8.76379 -4.10853 7.38191 core
8.30241 -4.63098 7.16491 core
8.08103 -4.50807 6.85809 core
8.13501 -4.87473 7.09181 core
7.66882 -5.12232 7.04632 core
8.33893 -4.54074 6.69038 core
8.02106 -4.61729 7.39784 core
9.32936 -6.24903 8.16198 core
9.63623 -5.77883 8.47728 core
8.23333 -5.34882 8.26633 core
8.37356 -5.93236 8.11517 core
8.56269 -4.49032 8.2677 core
8.81504 -4.6964 8.50082 core
8.61291 -4.29537 8.3685 core
8.80037 -5.42656 8.13886 core
8.79835 -4.28274 7.51481 core
8.39672 -5.21388 7.07022 core
8.5499 -4.8372 7.63797 core
8.77904 -4.35838 7.78959 core
8.91094 -4.6407 7.60735 core
9.05669 -4.10672 7.64522 core
9.26614 -4.00708 8.10283 core
8.4206 -4.7646 7.32772 core
8.51274 -4.94151 6.92982 core
8.93185 -4.3895 7.53926 core
8.29612 -4.75973 7.32902 core
8.81581 -3.61172 7.71439 core
8.40876 -5.34388 8.60711 core
8.44286 -4.33306 8.96891 core
9.09361 -4.93036 7.00614 core
9.03369 -4.30053 6.76654 core
9.46218 -5.15218 7.26066 core
9.19445 -4.56733 7.5464 core
8.995 -4.42226 6.74947 core
8.96074 -4.88713 6.95131 core
9.39759 -3.99349 6.91637 core
9.19798 -4.33075 6.47506 core
7.96731 -4.64677 7.11297 core
8.67222 -4.86623 8.94393 core
8.38833 -5.25007 8.57955 core
9.15831 -4.81828 7.52163 core
9.17509 -4.52376 7.54946 core
9.17689 -4.76633 7.63246 core
9.22436 -4.83336 7.87105 core
9.25949 -4.99667 7.06139 core
8.69593 -5.34837 8.51314 core
8.77925 -5.30067 8.36521 core
8.84957 -4.68377 7.99834 core
8.90932 -4.98378 8.74479 core
8.57061 -4.68003 7.71634 core
8.46111 -3.85807 7.67523 core
8.44538 -5.55992 8.23071 core
8.57247 -3.66754 8.60004 core
8.69707 -4.45784 8.43945 core
8.4554 -4.73269 8.37812 core
8.38404 -4.01061 7.53363 core
9.47664 -5.05865 8.58354 core
9.25029 -5.37707 8.89656 core
9.37966 -6.21049 8.15947 core
9.71245 -6.41059 8.43332 core
9.20858 -6.1743 8.29469 core
9.81704 -5.89701 8.08425 core
9.69606 -6.21481 8.83195 core
8.5453 -4.46565 8.10021 core
9.234 -5.83534 8.71603 core
9.0746 -5.65106 8.28807 core
9.02574 -5.93825 8.38616 core
9.4217 -5.95785 9.06808 core
9.45664 -6.08026 9.34652 core
9.38364 -5.76398 8.24468 core
8.80931 -4.02844 8.97912 core
9.05188 -4.34564 8.76216 core
9.50541 -5.34083 9.06968 core
8.29857 -4.68438 7.2277 core
9.50604 -5.75904 5.99207 core
10.0182 -5.76521 6.11734 core
9.76539 -5.94398 6.4474 core
10.4702 -5.30264 5.07858 border
10.1441 -6.11205 6.18514 core
10.1549 -6.04475 6.10515 core
9.92414 -5.9487 6.12749 core
9.7492 -6.35641 6.20252 core
9.41876 -6.54864 5.66272 core
10.4533 -6.05676 6.40761 core
10.0931 -5.83922 5.61707 core
9.49843 -6.62873 8.15027 core
9.94458 -7.70953 8.97764 core
9.87523 -6.80389 8.55781 core
10.0032 -5.07564 7.0538 core
9.68596 -4.13468 7.91268 core
11.4339 -5.16413 7.69031 core
10.3634 -4.13169 7.75173 core
11.5691 -5.15283 7.5282 border
10.3115 -4.23623 8.21111 core
10.7317 -4.8616 8.38504 core
10.4446 -4.90781 8.24905 core
10.5905 -5.11197 7.92458 core
10.1124 -4.48424 8.59564 core
10.0072 -3.83903 8.23823 core
10.6145 -4.95628 8.13598 core
9.96656 -4.56009 8.40056 core
10.4314 -3.62002 8.10745 core
10.4382 -5.06179 7.70779 core
10.1094 -4.42612 7.86256 core
10.5418 -4.80696 7.98585 core
9.9712 -4.58226 7.84498 core
9.91608 -4.09746 8.03009 core
7.70049 -4.76795 8.6965 core
8.18127 -5.00355 9.19508 core
6.80478 -4.08881 9.24796 border
7.96369 -4.46802 8.74498 core
7.15633 -5.05685 8.64223 core
7.57191 -4.22256 8.13061 core
7.77571 -4.63298 8.80248 core
8.27328 -3.99725 8.09979 core
7.56452 -2.87077 7.30064 border
7.12515 -5.48549 9.52853 core
7.45954 -4.09022 8.67639 core
7.6425 -3.39952 8.08338 core
7.45544 -5.22074 10.046 core
6.84872 -5.47678 8.88073 core
7.86635 -3.47052 8.31871 core
7.73753 -5.04741 8.76688 core
7.63579 -5.31015 9.41267 core
7.2672 -4.68854 8.57109 core
8.03034 -4.63677 8.99233 core
7.92502 -5.65784 9.1842 core
7.66965 -5.30753 8.61528 core
7.82858 -4.88093 9.32153 core
8.19344 -4.84653 8.82907 core
7.93723 -4.31395 8.36627 core
6.60627 -4.88855 8.97595 core
7.69602 -5.41828 8.78528 core
7.81592 -5.35859 9.48064 core
7.5767 -5.5407 9.12144 core
7.26966 -4.67105 10.13 border
8.57272 -4.42797 8.56394 core
8.89092 -4.2112 8.34423 core
8.64455 -4.42891 7.79568 core
9.24335 -4.49542 8.14726 core
8.24238 -4.07112 8.2334 core
8.19904 -4.16254 8.77595 core
8.05301 -3.7895 7.62972 core
8.39528 -3.41504 7.70649 core
7.21594 -3.38673 7.91588 border
8.24825 -3.50048 7.86154 core
7.80223 -3.98129 7.57544 core
8.58803 -3.68037 8.44204 core
7.85897 -4.23967 8.03165 core
8.01254 -3.46773 8.0657 core
8.18581 -4.10803 7.99669 core
7.41938 -4.9625 9.27085 core
7.0185 -4.32746 8.86224 core
7.4944 -5.19344 8.86036 core
8.2165 -5.57687 7.19762 core
8.25662 -5.86452 8.87419 core
8.61487 -7.06439 9.13872 core
8.74283 -6.24482 10.3505 core
8.50234 -6.75464 8.93117 core
8.69532 -6.39028 9.53791 core
8.06137 -6.49548 9.97503 core
9.39691 -4.6372 6.82689 core
10.7095 -5.20182 7.12181 core
9.73863 -3.6702 6.70001 core
10.288 -5.05821 6.04224 core
9.04366 -5.69371 6.77167 core
7.74161 -5.85613 5.95937 core
8.56228 -6.32888 6.54591 core
9.3616 -6.93532 6.96964 core
8.80024 -5.67319 6.74742 core
8.36796 -5.33853 6.53675 core
9.29944 -5.06094 6.88466 core
8.5556 -4.97443 6.89226 core
7.62892 -5.64328 6.31234 core
8.87325 -5.38803 6.30579 core
8.51644 -5.78721 8.27109 core
9.24729 -6.17345 8.85653 core
8.81084 -5.83461 7.96225 core
9.00443 -6.00006 8.73207 core
9.02593 -6.09632 8.16895 core
8.87641 -6.51532 6.27265 core
8.57321 -5.64597 6.15601 core
8.60366 -6.44621 6.86265 core
10.2357 -5.64639 6.73122 core
7.81919 -5.70047 6.30617 core
6.39798 -6.31369 5.93453 border
9.53001 -4.52612 6.41788 core
9.62697 -2.8831 6.56219 border
9.22091 -5.4273 7.64309 core
9.53272 -7.30269 6.66526 core
9.08721 -5.80153 7.31608 core
8.90014 -5.8744 7.34048 core
8.8293 -5.8783 7.60392 core
7.69224 -5.28126 6.76123 core
8.32121 -5.3116 6.3151 core
8.55866 -6.58417 6.54548 core
8.97523 -5.98774 7.62497 core
8.92175 -6.44742 8.08071 core
9.98585 -5.79575 7.58318 core
8.79467 -5.96968 6.87197 core
9.82908 -6.46675 6.74877 core
8.98979 -7.62016 6.3283 border
10.1446 -7.51463 6.14099 border
9.83336 -7.95457 6.91509 border
9.81048 -6.06326 7.46618 core
9.43455 -6.0599 7.76058 core
8.54006 -5.48223 6.60635 core
8.78247 -5.48931 6.48065 core
9.49803 -5.30806 7.08828 core
9.02831 -5.91271 7.52626 core
8.71761 -6.05257 7.50802 core
9.35338 -6.64218 7.90161 core
9.17778 -6.08919 7.16157 core
8.96344 -6.2653 6.41437 core
8.67946 -6.37743 6.6431 core
9.46728 -5.86547 8.18126 core
9.20991 -5.62269 8.38045 core
9.17679 -5.91852 7.81261 core
7.75348 -5.47273 6.38193 core
8.61888 -5.36409 7.14912 core
8.12329 -4.76328 6.99012 core
9.88342 -6.90846 7.95844 core
9.42398 -5.94733 7.23012 core
9.25094 -6.0243 7.48049 core
7.50292 -5.65783 5.91596 core
8.58056 -6.73491 5.92968 core
8.40578 -5.58856 7.09968 core
7.61877 -5.59678 6.3425 core
7.84078 -5.62433 6.90916 core
7.95931 -6.28394 6.23343 core
8.35709 -5.29786 6.42768 core
9.15046 -6.36167 6.47119 core
9.6647 -7.00474 5.09535 border
9.11898 -6.51246 6.92051 core
9.40925 -5.35348 7.44136 core
8.25543 -4.94843 7.61442 core
9.14767 -6.91883 7.12339 core
9.58612 -6.75893 7.24865 core
9.03457 -6.00649 6.99359 core
8.37795 -5.95127 6.53123 core
9.0271 -5.94178 6.90386 core
9.4243 -6.80677 6.82329 core
9.27998 -7.06297 7.38452 core
8.15951 -5.81577 6.86565 core
8.26833 -5.68347 6.29652 core
8.23801 -5.67553 5.54865 core
8.8564 -6.11044 7.18559 core
9.37715 -6.49163 7.56648 core
8.80792 -5.73536 6.86547 core
7.10327 -5.90734 7.19647 core
9.05348 -6.37262 6.76988 core
8.69212 -5.46573 6.94412 core
8.41833 -5.60174 6.83119 core
9.7173 -6.80332 7.54764 core
9.3401 -6.29513 7.00001 core
8.68655 -6.54159 5.97321 core
8.25008 -5.5628 6.79667 core
8.53206 -5.40931 6.90418 core
9.60932 -5.55452 7.36311 core
8.97872 -6.24422 7.21954 core
9.03391 -6.81712 6.54004 core
8.97256 -6.18385 6.68305 core
8.79208 -6.07768 6.20947 core
8.47077 -7.43939 6.34377 border
8.7462 -5.73702 7.42807 core
8.3921 -6.25795 6.487 core
9.13894 -6.57163 6.9664 core
9.61481 -6.28373 7.26062 core
9.17514 -6.71147 6.70095 core
8.14123 -5.59618 7.24653 core
8.03004 -5.75183 7.61608 core
8.47315 -5.75457 6.10924 core
8.06253 -5.80471 7.43326 core
9.95478 -5.74688 6.99073 core
8.66889 -4.65813 6.62264 core
8.47292 -5.21564 7.34212 core
8.56309 -5.60234 7.3266 core
10.0983 -4.6162 7.15531 core
9.85162 -4.92047 7.38831 core
8.46721 -4.45129 7.26506 core
10.0852 -4.96769 7.72951 core
10.1405 -5.15608 6.7366 core
9.67443 -4.53546 7.2403 core
10.3438 -4.734 6.74039 core
9.33527 -4.33101 7.07935 core
9.35559 -4.15767 7.27894 core
9.11884 -4.17166 7.43817 core
9.51579 -4.23838 7.78629 core
9.87232 -3.75397 7.41514 core
9.95893 -4.50692 6.6778 core
9.12472 -4.02431 5.94589 core
9.05264 -4.71151 7.86571 core
9.16454 -4.06699 7.79529 core
9.0376 -4.79991 7.79996 core
10.0174 -5.19598 6.21205 core
9.29229 -4.54833 6.28147 core
9.88887 -4.08982 6.79237 core
9.53257 -4.93019 6.83189 core
8.96519 -5.17954 6.25753 core
9.1693 -4.9349 4.89968 border
10.1852 -4.75413 5.12963 border
9.1437 -3.90872 8.14221 core
8.81512 -4.28727 5.83789 core
9.21273 -3.8737 6.64176 core
9.56841 -3.66307 7.82422 core
9.62808 -5.39621 5.93419 core
10.6792 -4.92639 6.57716 core
10.1682 -4.15738 7.15414 core
10.0406 -5.5653 7.56403 core
9.69731 -5.51031 7.63688 core
9.955 -6.05391 7.72792 core
9.77908 -6.12538 7.60603 core
9.98051 -6.21099 7.4428 core
9.99697 -4.56862 7.33459 core
10.272 -3.78605 7.44075 core
9.46053 -5.31425 5.34711 core
11.0243 -4.57097 6.04386 border
10.2466 -4.40238 7.67092 core
9.37545 -4.82227 6.02835 core
8.7381 -5.73883 4.81503 border
8.94595 -5.13634 6.18102 core
8.65202 -3.92252 6.54445 core
9.3643 -4.58095 7.31723 core
9.89245 -4.75764 7.72409 core
9.67546 -5.17467 7.08907 core
9.67497 -5.64011 7.84262 core
9.57414 -5.35752 7.78902 core
9.26963 -6.00454 8.00067 core
8.39648 -5.25159 7.80541 core
8.56946 -5.44398 7.75946 core
10.2936 -5.00688 7.03341 core
11.2193 -5.43693 7.17414 core
11.2613 -5.48126 6.77426 core
8.80791 -5.41831 6.53918 core
9.79706 -5.21071 5.84589 core
8.74686 -4.91882 6.77525 core
8.88122 -5.43057 6.14501 core
10.1426 -4.94769 5.61779 core
8.57177 -5.37067 6.20897 core
9.12299 -3.74544 6.39657 core
10.8324 -4.95456 6.97128 core
9.45417 -5.3329 7.3368 core
10.1468 -5.36137 6.39548 core
9.82073 -4.03382 6.94944 core
9.31489 -3.94126 6.34713 core
10.4992 -5.3586 6.94594 core
9.4132 -4.18451 7.80515 core
9.44388 -5.56118 8.26203 core
9.28514 -5.5474 6.23221 core
9.10883 -5.13344 6.6627 core
9.44555 -5.14713 6.77739 core
9.30348 -5.55939 6.20522 core
8.83648 -4.80233 6.65036 core
9.23165 -4.86588 6.22314 core
8.52474 -5.46347 6.3508 core
8.61105 -6.05058 6.02739 core
8.93282 -5.25266 6.36424 core
9.44303 -5.74622 6.53347 core
9.34434 -5.18403 6.63771 core
8.47958 -5.13416 6.58884 core
8.78574 -5.83288 6.5975 core
8.34951 -5.60044 6.12882 core
8.65366 -5.12755 6.05464 core
8.59603 -4.84895 7.69563 core
10.4216 -5.24665 6.74255 core
9.95596 -4.53865 6.76645 core
9.89633 -3.87561 6.67806 core
10.3274 -5.47984 6.23451 core
8.85408 -3.81264 7.23086 core
10.0463 -4.74543 7.19011 core
9.75862 -4.56307 6.73974 core
9.51523 -5.32482 5.56894 core
8.99612 -4.90651 5.91848 core
10.4122 -4.56897 7.687 core
8.80945 -4.2326 8.03685 core
10.2061 -5.0266 6.65396 core
9.04373 -5.15274 5.88776 core
9.40331 -3.97795 5.96247 core
10.3132 -5.06366 6.21964 core
8.95293 -4.05078 7.19004 core
9.20021 -3.26404 6.48048 core
9.42093 -3.05271 7.3653 core
8.55255 -4.93632 6.95015 core
8.42378 -5.67449 7.07029 core
9.02532 -5.29378 6.84907 core
8.49308 -4.79554 7.34942 core
8.00968 -5.21934 7.26694 core
7.91693 -4.98739 6.63444 core
8.51119 -4.92406 7.14293 core
8.06739 -5.07634 7.37832 core
8.23779 -4.344 7.16333 core
8.80554 -4.83568 7.42447 core
8.62887 -5.43135 5.99013 core
9.57799 -4.45456 5.4661 core
8.67029 -4.64806 6.38147 core
8.52288 -4.99589 7.7374 core
9.23429 -4.79905 8.17532 core
9.14605 -5.04311 7.89366 core
8.97484 -4.85858 7.75622 core
9.55718 -3.98833 7.9619 core
9.76834 -5.95506 6.69584 core
9.29434 -3.83312 7.27498 core
9.16236 -4.87147 6.76899 core
9.0847 -4.99741 7.43572 core
9.03211 -4.43119 7.48512 core
9.79068 -5.70186 7.37457 core
9.50976 -5.63314 7.5609 core
9.13665 -5.32005 7.29449 core
9.92907 -5.27177 7.80042 core
9.12483 -4.90952 7.4637 core
9.84556 -5.72279 7.77889 core
9.39837 -5.39042 7.47503 core
9.37773 -5.12961 7.33194 core
8.72089 -5.06633 6.80428 core
9.92051 -5.40425 7.34913 core
9.05722 -5.60163 7.30301 core
8.85375 -4.10589 6.15187 core
8.6678 -5.15498 7.83207 core
9.97515 -4.34304 7.38089 core
9.21983 -4.3546 6.38296 core
9.14008 -4.83181 8.27988 core
8.62699 -4.70329 6.85491 core
8.73338 -4.44236 7.63893 core
8.9074 -4.19709 7.42568 core
8.64454 -3.40181 7.11617 core
8.27994 -2.91575 7.15938 border
8.65886 -4.19976 7.69849 core
8.76546 -4.34756 7.18477 core
8.32016 -4.18409 7.80181 core
8.86932 -3.62018 8.28019 core
8.67553 -3.66632 6.49707 core
8.50862 -4.31929 7.16107 core
8.55641 -4.36995 6.8553 core
8.41259 -3.63944 7.39529 core
8.98297 -4.29225 7.66352 core
8.6809 -3.30245 6.80591 core
9.30059 -3.53206 7.67362 core
8.18633 -3.89106 6.74492 core
8.41211 -3.27023 7.39942 core
981
9.66191 -2.55585 -9.79674 core
9.32495 -4.24754 -10.0679 core
10.0362 -3.35743 -10.4691 core
10.0969 -3.23071 -10.4905 core
9.87921 -3.48295 -11.1839 core
9.28168 -2.48 -9.0091 core
9.55373 -3.52632 -10.9844 core
9.49912 -3.60818 -11.5749 core
8.79862 -3.01747 -11.4897 core
9.3661 -2.20909 -9.41503 core
9.59689 -2.26083 -9.28143 core
9.5144 -2.95992 -9.37638 core
9.88246 -2.36021 -9.56147 core
9.59172 -2.46216 -9.94126 core
8.84804 -1.08932 -10.0445 core
9.71571 -1.97183 -8.53635 core
9.1804 -1.74516 -8.9685 core
8.94365 -1.37608 -8.92627 core
8.85229 -0.428943 -10.2711 core
8.37632 -1.03359 -11.1035 core
9.38785 -0.439674 -10.2853 core
8.98771 -1.85612 -10.013 core
9.94056 -0.77022 -10.3473 core
9.31879 -0.634834 -9.35486 core
9.25782 -0.641269 -9.25051 core
10.0797 0.409435 -10.9373 border
9.92906 -1.83796 -9.8749 core
9.54117 -2.54761 -10.5066 core
9.64148 -1.93251 -10.7894 core
9.76672 -2.25246 -10.1039 core
9.9224 -1.71466 -9.00196 core
9.6006 -1.53217 -9.20709 core
8.25124 -1.19324 -10.3791 core
9.2154 -0.557429 -9.80942 core
8.74683 -0.206981 -8.47054 core
8.76753 0.22754 -8.4186 border
8.6263 0.252043 -9.40112 border
8.23898 -0.791147 -9.1945 core
9.20864 -1.57849 -9.62236 core
9.3732 -1.32944 -9.50762 core
9.37918 -1.22118 -10.3588 core
8.56424 -1.34139 -10.6429 core
8.52316 -3.18521 -10.3672 core
8.70717 -2.4175 -10.4684 core
8.58514 -2.34848 -10.4286 core
7.10731 -3.24199 -10.2288 border
8.00221 -2.87679 -11.8808 border
9.0294 -0.8264 -10.4658 core
8.65647 -0.586354 -10.1337 core
9.20269 -0.343126 -10.0088 core
9.45121 -0.648813 -10.2115 core
9.65049 -0.807843 -10.9357 core
8.76027 -1.53882 -9.48283 core
9.33838 -1.70328 -9.71649 core
8.41174 -1.92719 -9.54863 core
9.00496 -0.78901 -10.7212 core
9.57283 -1.40986 -10.8323 core
9.28646 -1.44224 -10.398 core
9.46099 -1.57293 -9.07991 core
9.22092 -1.05916 -9.68497 core
9.99451 0.248135 -10.244 border
9.1505 -1.39342 -9.44842 core
8.92901 -1.12477 -9.33811 core
9.1704 -0.529097 -9.11355 core
9.12876 0.0166659 -9.23501 core
8.9369 -1.16329 -9.35584 core
9.1094 -1.36575 -9.71748 core
8.88025 -0.866892 -8.82984 core
8.7994 -1.31006 -9.65534 core
8.71296 -0.852087 -8.85697 core
8.66178 -1.16033 -9.24976 core
10.1278 -1.63161 -9.74685 core
9.46931 -1.63913 -9.69859 core
9.50029 -0.936305 -9.01596 core
9.79804 -1.19662 -8.28366 core
10.1277 0.308456 -9.05351 border
9.29458 -0.557721 -8.66244 core
9.09833 -0.552466 -8.75396 core
10.3443 -0.296625 -8.83513 core
9.13639 -0.452621 -8.42258 core
8.08448 -0.500764 -10.6858 border
9.3905 -1.4186 -9.08388 core
8.87247 -1.43648 -8.62397 core
8.83459 -1.15802 -8.6862 core
9.7913 -1.09205 -10.7576 core
8.59064 -1.09271 -10.0359 core
9.903 -1.34392 -9.13346 core
10.4309 -1.37515 -9.36428 core
10.8811 -1.70405 -8.94349 core
9.76912 -0.945312 -9.54326 core
9.93561 -0.844138 -8.86227 core
9.82897 -1.05015 -10.3937 core
10.9436 -1.02127 -10.5763 core
9.86915 -1.4878 -10.7511 core
10.2775 -1.00456 -11.0774 core
10.4174 -1.30467 -10.9858 core
10.5338 -1.79812 -10.8832 core
10.8634 -0.875936 -10.7445 core
10.2638 -1.10477 -11.086 core
10.0699 -0.122474 -10.3859 core
9.76013 -1.73333 -10.8497 core
10.1779 -1.10665 -10.6044 core
10.8015 -0.901138 -10.2558 core
9.48034 -2.94288 -9.37314 core
9.2535 -2.57978 -9.6135 core
8.79609 -3.59228 -9.96954 core
7.94465 -3.61437 -10.1451 core
8.3493 -3.59732 -9.93874 core
8.04877 -3.72521 -10.7972 core
7.72907 -3.03554 -10.4456 core
8.62391 -3.14041 -10.5368 core
8.49399 -4.6422 -9.94818 core
10.182 -2.51717 -10.2856 core
9.36239 -2.26961 -11.7067 core
9.1227 -2.25288 -10.5551 core
9.06542 -2.30537 -11.3875 core
9.67061 -2.73396 -10.7664 core
9.44649 -2.32032 -11.6784 core
8.7414 -3.69964 -11.4057 core
8.84524 -4.42271 -10.2694 core
7.66054 -4.39844 -10.1838 core
8.1453 -3.67191 -10.3501 core
9.38016 -3.86391 -10.6499 core
8.4961 -3.5118 -10.105 core
9.10319 -3.39157 -10.1712 core
8.70378 -3.81969 -10.6216 core
8.18152 -3.92097 -10.5101 core
7.9328 -4.48943 -10.261 core
8.51845 -3.79274 -10.6239 core
8.95598 -3.44485 -11.0246 core
8.75491 -3.72456 -11.0238 core
8.78245 -4.45054 -10.2256 core
8.95453 -3.97462 -10.4232 core
7.82222 -3.22688 -10.7573 core
8.73315 -3.7779 -10.05 core
8.47815 -3.23866 -11.0052 core
9.435 -2.06815 -10.3691 core
9.54074 -2.46081 -10.1356 core
9.37258 -1.82458 -9.5789 core
10.132 -1.91405 -10.2016 core
10.0895 -1.79887 -9.97556 core
10.2679 -1.8093 -9.78574 core
10.196 -1.77651 -10.3355 core
8.64331 -2.09033 -9.28119 core
9.01351 -1.87934 -9.50097 core
8.81726 -2.01219 -9.48518 core
8.94499 -1.98648 -9.26587 core
8.8594 -1.77932 -9.58513 core
8.63931 -2.02553 -8.84996 core
8.80392 -1.65912 -9.48413 core
9.15554 -1.70803 -10.1859 core
9.99237 -1.55843 -10.0465 core
10.597 -1.03609 -9.60072 core
9.96082 -0.921434 -9.34776 core
9.36184 -1.39152 -9.99913 core
10.3481 -1.19172 -9.58575 core
9.69716 -2.70465 -11.0959 core
9.58658 -3.33331 -10.1855 core
9.25452 -2.47714 -10.107 core
8.46573 -2.04671 -9.92239 core
8.3688 -2.59131 -9.87968 core
8.42903 -2.43399 -10.0175 core
8.04748 -2.42804 -9.87387 core
9.69378 -3.29839 -11.1418 core
9.76796 -2.03939 -9.80036 core
8.41844 -1.45353 -9.46137 core
9.6936 -3.76262 -10.7469 core
9.2498 -3.47481 -12.4288 border
8.50131 -2.58267 -10.0676 core
8.02401 -1.96915 -10.2301 core
8.72284 -2.02867 -9.77584 core
9.20228 -2.73878 -10.7075 core
9.51454 -2.65459 -10.9545 core
8.09468 -1.94472 -9.3269 core
9.36578 -2.2228 -10.6872 core
9.66329 -2.09901 -11.9537 border
9.43353 -1.34977 -12.0194 border
9.31244 -2.98031 -10.6965 core
8.30652 -1.56951 -9.78805 core
8.87891 -2.09547 -9.78883 core
8.74941 -2.18474 -9.28299 core
8.32671 -2.31386 -9.12934 core
8.82365 -1.96726 -9.93194 core
9.07165 -2.25166 -9.81914 core
9.13895 -2.25358 -9.8185 core
8.67131 -2.46393 -9.70977 core
8.26201 -1.81853 -10.0567 core
8.98954 -1.7885 -9.94157 core
9.40609 -2.97854 -10.8159 core
9.77195 -2.13362 -9.96324 core
9.64929 -2.55655 -10.6117 core
9.96995 -1.8704 -9.64553 core
10.088 -2.02161 -9.92731 core
9.6577 -1.95288 -10.4711 core
10.2368 -2.41289 -9.88423 core
10.0527 -1.73586 -9.9021 core
10.655 -1.34989 -9.06166 core
9.83328 -1.32627 -9.08135 core
9.72671 -1.92873 -9.97851 core
9.61105 -1.71894 -9.61518 core
8.45903 -1.78087 -9.6737 core
9.8306 -1.78636 -9.24998 core
9.7073 -1.82098 -9.2022 core
9.99076 -2.10083 -10.0604 core
9.41748 -1.58537 -9.55904 core
9.99146 -2.21206 -9.08648 core
9.61293 -2.63215 -10.873 core
9.75157 -2.42681 -10.1975 core
9.51068 -2.93629 -10.8294 core
9.77257 -2.23692 -9.91687 core
8.98394 -2.11446 -10.1638 core
9.64334 -2.52156 -9.89277 core
9.26984 -2.64355 -9.99822 core
9.35373 -2.69528 -9.86695 core
10.1364 -1.40419 -9.95698 core
10.206 -1.0044 -8.99844 core
9.90592 -0.387094 -9.81999 core
10.2752 -0.397494 -9.54649 core
10.2009 -0.856709 -9.14251 core
9.97536 0.0357934 -9.67743 core
9.9884 -0.870396 -9.61574 core
10.4985 -0.414149 -9.19266 core
9.86303 -3.40889 -8.58028 core
9.79833 -3.7865 -8.53944 core
9.02416 -2.40325 -9.26407 core
8.27767 -3.22243 -8.77541 core
7.23103 -2.49454 -8.59505 core
7.5409 -2.77671 -8.87756 core
7.41696 -3.2004 -9.4791 core
9.05323 -2.74807 -8.1382 core
9.46217 -2.31615 -7.77488 core
10.0073 -3.58993 -9.11124 core
10.3622 -2.86664 -9.43152 core
9.13416 -2.59556 -10.0715 core
9.00691 -2.52255 -9.90677 core
9.53533 -4.02117 -8.31586 core
9.62659 -2.57218 -8.35804 core
9.13921 -2.71908 -8.33839 core
9.13413 -1.66506 -8.46968 core
9.67314 -2.59623 -8.65361 core
8.42438 -2.16996 -7.69816 core
9.67678 -3.297 -8.74364 core
9.33825 -3.53754 -7.79113 core
8.85041 -2.72554 -8.49506 core
8.52996 -2.7177 -8.63516 core
8.80287 -1.97353 -8.25777 core
9.30588 -2.74288 -8.38141 core
8.74767 -3.51589 -8.2186 core
9.18745 -2.87124 -8.51938 core
9.29397 -2.21505 -7.30485 core
8.8598 -3.99927 -8.0265 core
8.58881 -2.5825 -7.54845 core
7.85615 -2.40789 -6.28155 border
8.6168 -2.09147 -6.06176 border
7.36324 -2.88737 -7.55666 core
8.84132 -2.76162 -6.20339 border
7.26002 -2.11053 -7.37464 border
9.81533 -1.87828 -8.27883 core
9.02447 -2.64912 -8.36068 core
8.49025 -2.10489 -7.44528 core
8.25366 -2.33879 -7.99801 core
8.50974 -2.80326 -7.73396 core
10.4493 -2.9385 -7.0942 core
9.08584 -2.29515 -8.5222 core
9.35398 -1.48772 -7.84688 core
9.40541 -2.03978 -8.68578 core
9.34924 -1.75544 -8.39232 core
9.21684 -3.40187 -8.93805 core
8.34857 -3.39088 -8.86502 core
9.94687 -3.36638 -9.53151 core
10.1927 -2.39945 -8.93255 core
9.70716 -3.0917 -7.49067 core
9.38652 -3.54803 -8.21308 core
7.83087 -2.15324 -7.80688 core
8.99315 -2.86703 -6.73225 core
9.24416 -3.19932 -8.4529 core
7.92032 -3.53569 -8.23922 core
10.2346 -1.94776 -9.22701 core
8.24216 -3.71079 -7.03408 border
8.10383 -4.18744 -8.52815 core
8.86442 -5.34284 -7.97703 border
8.00541 -2.88363 -8.18647 core
7.62332 -2.43985 -8.13451 core
8.87958 -3.03297 -7.8495 core
8.86456 -3.47502 -10.0195 core
9.69757 -2.52639 -9.51994 core
9.71753 -2.61745 -9.15633 core
9.99119 -2.20615 -9.35967 core
9.53957 -1.76072 -9.34489 core
9.19967 -4.21461 -9.69973 core
8.96457 -3.37483 -7.66881 core
10.6113 -2.37592 -7.51182 core
11.2369 -1.9285 -6.4356 border
9.42184 -2.75747 -7.68587 core
8.91816 -2.57922 -8.00676 core
9.89068 -3.92195 -8.09066 core
9.03142 -2.84312 -8.76357 core
9.26783 -3.17042 -9.14619 core
8.33795 -2.93199 -9.10668 core
8.72562 -1.93247 -7.64321 core
9.14153 -2.62866 -9.90122 core
8.87614 -2.53542 -9.68029 core
8.23258 -3.70732 -8.26394 core
8.83882 -2.31646 -8.24776 core
8.22097 -1.98643 -7.92377 core
9.02263 -1.78248 -8.73827 core
8.91187 -1.71027 -8.87643 core
8.3127 -2.1581 -7.21117 core
8.6867 -2.83528 -8.37423 core
8.27176 -1.86037 -8.59673 core
9.67487 -2.58384 -8.92373 core
8.40504 -2.44671 -9.05497 core
8.3712 -3.62006 -7.23023 core
9.35306 -1.55044 -10.0379 core
8.47138 -1.30994 -10.0499 core
9.08975 -2.42922 -8.33462 core
8.38828 -2.82337 -7.43122 core
9.31651 -3.23462 -9.29378 core
8.72685 -2.71205 -8.98359 core
9.85145 -2.90839 -9.31406 core
9.42345 -2.18364 -7.70549 core
8.46071 -2.92472 -7.7551 core
9.30639 -2.90357 -9.19633 core
9.08654 -2.47987 -9.70326 core
9.13728 -2.51508 -9.59205 core
9.06291 -2.27857 -7.41863 core
9.15259 -2.20163 -9.61799 core
9.38878 -1.95709 -9.22812 core
8.91448 -2.20519 -9.0173 core
8.18973 -2.96785 -8.6236 core
10.0047 -2.83596 -9.08801 core
10.0318 -2.75568 -9.32637 core
9.85252 -2.63019 -8.93815 core
8.39065 -2.78815 -7.89699 core
10.5987 -1.31008 -9.68549 core
10.461 -1.53093 -8.61147 core
9.44446 -3.9802 -8.57241 core
8.84579 -3.50151 -7.04881 core
9.18665 -3.59753 -7.90383 core
10.0821 -3.21644 -7.50208 core
8.86645 -2.31458 -8.48452 core
8.72593 -1.63914 -8.69931 core
9.03573 -2.27476 -8.49754 core
9.48208 -3.59945 -6.82238 border
9.36045 -3.92008 -7.92777 core
9.40649 -2.4066 -8.6606 core
9.05607 -2.46564 -8.83672 core
9.01793 -2.2685 -8.76947 core
10.0758 -2.87032 -8.25508 core
10.1413 -2.92554 -8.19421 core
9.9983 -3.198 -7.77633 core
9.36328 -2.70685 -8.98072 core
9.07021 -1.94287 -9.25927 core
9.68356 -2.49425 -9.1269 core
9.34278 -2.21937 -8.98569 core
10.3243 -3.63773 -7.80881 core
9.36404 -3.60546 -7.35048 core
9.04947 -2.36918 -9.59093 core
8.85479 -2.47163 -9.89041 core
8.89923 -1.6525 -9.26237 core
9.24307 -2.14768 -8.57695 core
8.52989 -2.91648 -8.56118 core
8.56341 -3.27413 -7.61089 core
9.8497 -3.27649 -8.07284 core
9.648 -3.24634 -8.4908 core
9.92653 -3.87315 -8.82235 core
9.08117 -2.88107 -7.78676 core
8.84774 -3.59238 -8.62094 core
9.94783 -1.86992 -8.38737 core
9.76174 -1.87029 -8.65394 core
8.88073 -2.7092 -9.14599 core
8.6123 -2.15685 -9.16664 core
9.61756 -1.98615 -8.59418 core
9.64867 -1.81626 -8.67897 core
9.43117 -1.42568 -8.99286 core
9.96276 -1.85351 -8.8256 core
10.1628 -1.51872 -8.91619 core
9.90072 -1.42467 -8.75332 core
9.14745 -2.41139 -7.78356 core
10.3234 -3.4488 -7.79055 core
9.35983 -3.18532 -7.76777 core
8.60294 -3.51644 -7.00055 core
9.38603 -3.2927 -8.41812 core
8.63537 -2.87009 -8.6761 core
9.16812 -2.78793 -8.66337 core
8.32134 -2.93341 -9.21386 core
8.8797 -2.9157 -8.79929 core
7.94882 -3.01174 -8.05242 core
8.691 -1.93384 -7.58094 core
10.0548 -2.78371 -8.87551 core
9.60541 -3.58479 -8.17805 core
9.36237 -2.78118 -7.42865 core
10.1769 -3.11303 -7.56723 core
8.50576 -2.25987 -9.58395 core
8.87419 -2.42576 -9.57522 core
8.6201 -3.74025 -8.82692 core
8.68772 -3.66638 -7.45757 core
9.02784 -3.2597 -8.13294 core
9.40187 -1.78406 -9.08761 core
9.46601 -1.92395 -9.28296 core
9.52218 -1.88765 -9.1644 core
10.0445 -2.38655 -9.21106 core
10.223 -2.57105 -9.26089 core
10.0104 -2.47031 -9.4236 core
9.77457 -2.85031 -7.4946 core
8.92367 -4.09637 -9.10086 core
8.74845 -2.70033 -8.40565 core
8.408 -2.41151 -9.28188 core
7.93057 -2.30501 -7.61944 core
9.48852 -2.83443 -9.3015 core
8.91938 -2.67651 -9.58094 core
9.19135 -2.68154 -9.37355 core
8.36744 -2.86741 -8.27645 core
10.2283 -3.62212 -8.03134 core
9.02736 -3.04637 -8.98382 core
9.49812 -2.44232 -8.67452 core
8.79534 -2.46223 -8.91258 core
9.70351 -2.74615 -8.63977 core
9.0328 -2.52652 -8.9624 core
9.20656 -2.34403 -8.8868 core
9.57647 -2.55985 -8.89852 core
8.19318 -2.25778 -7.89608 core
9.86208 -3.53331 -7.82724 core
10.4261 -4.4141 -8.42897 core
11.0196 -4.03797 -7.47416 border
10.8852 -3.68877 -8.17358 core
10.7266 -3.92469 -7.96474 core
10.2206 -4.02267 -8.42522 core
10.0071 -3.81312 -8.43416 core
9.52964 -3.78794 -8.26866 core
10.4893 -3.89508 -8.32149 core
7.83277 -2.45214 -7.03384 core
10.335 -1.95274 -9.4806 core
10.0925 -2.2224 -8.94526 core
10.1643 -3.28382 -8.331 core
9.67951 -3.09864 -7.96476 core
10.0713 -1.45897 -8.60689 core
9.56217 -1.606 -7.82695 core
9.643 -1.01887 -8.08108 core
9.40578 0.158007 -7.18714 border
8.6103 -0.910888 -8.90063 core
9.81187 -0.459576 -7.53412 core
9.66105 -0.970375 -7.5228 core
10.0631 -0.602096 -8.55643 core
10.2431 -0.769568 -8.81511 core
10.1388 -0.821798 -7.90926 core
9.83725 -0.242291 -8.29437 core
9.68968 -1.35444 -7.61783 core
10.128 -0.595024 -7.16739 border
10.4732 -0.0165543 -7.95356 border
9.90431 -0.434403 -8.43 core
9.71408 -1.46249 -8.44934 core
10.2133 -0.823947 -8.20473 core
9.76923 -1.02491 -7.77473 core
10.8365 -0.861191 -7.51553 border
9.37102 -0.594591 -8.26011 core
10.4527 -1.47146 -8.34251 core
10.7897 -0.521615 -7.80553 core
9.06699 -2.44865 -9.63516 core
10.0357 -2.40847 -8.11053 core
10.4671 -2.40737 -8.47705 core
10.517 -2.34639 -6.56351 core
10.1096 -1.84309 -7.0959 core
10.5322 -2.27212 -7.49209 core
11.4015 -2.49597 -7.90583 core
10.5526 -3.08175 -7.83968 core
10.6464 -3.39771 -8.04225 core
10.0668 -1.89025 -7.45235 core
10.5835 -1.8735 -6.6352 border
9.68779 -2.61581 -7.95673 core
9.64759 -2.9664 -8.13431 core
9.94092 -2.31582 -8.08778 core
10.2892 -2.80663 -8.48275 core
11.1775 -1.95457 -8.11139 core
10.3282 -2.74207 -7.9418 core
10.7713 -2.46479 -7.42803 core
9.73686 -2.07609 -7.36699 core
9.77998 -2.01632 -7.86489 core
11.176 -1.93353 -7.52852 core
10.0931 -1.82787 -7.19514 core
8.65947 -3.35266 -8.57284 core
8.1624 -2.91784 -8.99738 core
9.00017 -4.46366 -8.32294 core
8.18857 -3.15544 -9.15959 core
7.6584 -2.4265 -9.05281 core
7.86171 -2.77604 -9.18219 core
7.34028 -4.34923 -9.3391 border
8.94125 -3.2906 -9.64569 core
8.17991 -3.63982 -9.0294 core
8.03739 -2.96852 -9.32582 core
7.96186 -3.73434 -9.00295 core
8.40461 -3.50107 -9.30153 core
8.53944 -4.81498 -9.06482 core
7.98073 -2.76997 -8.13766 core
7.56178 -3.47477 -8.34909 core
8.57527 -4.67652 -8.19581 core
7.84009 -3.42423 -8.9269 core
8.4444 -4.40626 -8.74968 core
8.43654 -3.88809 -9.98732 core
8.60938 -5.13853 -10.0494 border
7.76725 -4.38798 -7.97564 border
7.78995 -4.18739 -7.91441 core
9.01213 -4.03641 -8.64637 core
8.80823 -4.55842 -8.85479 core
9.55532 -4.38417 -8.76727 core
8.84968 -3.85485 -8.92461 core
8.48482 -4.00344 -9.09304 core
7.28299 -3.27603 -8.98738 core
8.81113 -4.90178 -9.3787 core
7.5733 -3.41844 -8.31459 core
8.51198 -3.98843 -9.15933 core
8.0923 -4.16184 -8.14682 core
8.66498 -4.01324 -9.49643 core
8.06568 -2.8842 -9.17048 core
8.42192 -2.12329 -9.12053 core
8.39763 -2.11097 -9.67406 core
8.34666 -2.78339 -8.91259 core
8.59634 -4.05963 -9.0783 core
7.38855 -3.58637 -9.23653 core
7.61537 -3.72389 -8.71209 core
8.13298 -3.20419 -8.84392 core
8.63668 -4.10654 -8.94556 core
8.19619 -4.11423 -9.53767 core
7.58375 -3.43302 -7.86664 core
8.0181 -2.2239 -8.84362 core
8.43415 -3.53583 -9.256 core
7.8657 -2.67991 -8.61397 core
7.33198 -3.35507 -8.52108 core
8.47939 -4.04557 -7.5537 core
8.17996 -3.76365 -9.58403 core
8.3203 -3.89339 -9.10254 core
9.24424 -3.33495 -9.53837 core
10.2485 -3.30648 -7.70478 core
10.5923 -3.25265 -8.9916 core
10.6041 -3.5639 -9.09102 core
10.3986 -3.34782 -8.58351 core
10.4028 -3.60966 -9.03895 core
9.62968 -3.12108 -8.75839 core
10.5993 -3.81599 -9.13374 core
10.038 -4.42929 -9.51492 core
10.5414 -3.56623 -9.79448 core
10.8241 -3.95699 -10.7294 core
10.9846 -3.69433 -10.3287 core
10.5878 -3.37659 -9.81197 core
11.1115 -3.94799 -10.4418 core
10.2375 -4.21875 -10.7276 core
9.74459 -4.33535 -9.04651 core
9.88259 -3.43032 -10.0099 core
9.66189 -3.19007 -9.75365 core
9.01841 -3.1906 -9.72963 core
9.82999 -3.12292 -10.552 core
9.48332 -3.11192 -9.74659 core
10.2304 -3.20573 -10.5055 core
9.40019 -3.41667 -9.56389 core
8.94378 -3.25812 -9.83325 core
9.58163 -3.86854 -10.166 core
8.50161 -2.96996 -9.24853 core
8.50504 -2.83448 -9.24653 core
8.70657 -3.00803 -9.23716 core
9.19203 -3.11781 -9.3794 core
10.3297 -2.78812 -9.45469 core
10.5867 -3.11064 -9.82387 core
10.2266 -2.96658 -9.57994 core
10.3351 -3.34722 -9.84101 core
10.2372 -3.34563 -9.81168 core
8.83914 -1.84393 -9.92357 core
8.88564 -2.28864 -10.0182 core
8.28961 -1.74627 -9.69222 core
10.0598 -4.17751 -9.44922 core
10.0878 -3.30146 -9.82433 core
9.33282 -3.40576 -9.51363 core
9.58518 -4.07408 -10.2538 core
9.61899 -3.50123 -9.37651 core
9.57306 -3.97404 -9.74229 core
10.6596 -3.75938 -10.0292 core
11.4794 -3.75258 -10.5799 border
8.47623 -2.62904 -9.71597 core
8.53654 -2.85711 -9.46713 core
9.30898 -3.06436 -9.84431 core
8.85062 -2.87275 -9.45094 core
9.89444 -4.06101 -9.50217 core
9.33378 -3.40062 -9.58494 core
9.79585 -4.15001 -10.5132 core
8.07412 -3.24002 -9.18747 core
9.18501 -3.0332 -9.81753 core
9.74396 -3.99476 -9.83299 core
9.84124 -4.03438 -10.3203 core
9.14819 -3.52337 -9.88497 core
8.87296 -3.23704 -9.7525 core
9.77877 -3.13919 -8.50414 core
9.78019 -3.21199 -8.76409 core
9.85949 -4.70796 -8.396 border
9.88162 -3.92391 -9.05291 core
8.51726 -3.90621 -9.31707 core
9.8826 -4.49645 -9.69647 core
9.27259 -3.14305 -8.62826 core
8.99386 -3.27919 -9.00043 core
9.06876 -3.2249 -8.99182 core
9.35987 -3.32453 -9.2183 core
8.9939 -3.40483 -8.97834 core
10.1118 -3.7671 -8.80566 core
9.58865 -3.44963 -8.85487 core
9.25889 -3.20158 -8.7557 core
10.0448 -3.07475 -9.79406 core
9.89698 -4.48891 -10.5216 core
9.71711 -3.91428 -10.7171 core
10.0251 -3.77661 -10.5229 core
10.185 -3.80127 -10.6953 core
8.87336 -4.01505 -9.48135 core
9.67593 -4.9236 -9.74193 core
8.13227 -3.46965 -9.61575 core
9.07029 -2.98913 -9.62968 core
8.97893 -3.30391 -8.62114 core
8.84754 -3.15514 -9.2729 core
9.94385 -2.96491 -10.4283 core
9.63029 -3.18568 -10.8104 core
10.2579 -3.07915 -10.019 core
9.52982 -3.11672 -10.4413 core
8.05855 -2.4807 -9.63232 core
9.0593 -4.52918 -9.55103 core
9.84946 -3.31378 -10.1933 core
9.60282 -3.95845 -9.8062 core
8.66623 -3.10008 -9.90818 core
8.94821 -3.81153 -8.99365 core
9.26498 -3.07139 -9.40836 core
9.41712 -3.16851 -9.40531 core
9.13031 -3.28872 -9.58186 core
9.12807 -3.21387 -8.88293 core
9.52748 -3.18985 -10.3724 core
9.82745 -4.13737 -10.238 core
9.15961 -1.70914 -8.61537 core
9.09868 -1.46116 -8.05748 core
9.5115 -1.48258 -7.68544 core
8.26155 -1.22475 -8.5541 core
8.49404 -1.60675 -8.82048 core
8.74253 -1.52872 -8.62463 core
9.4511 -1.87348 -9.2854 core
8.91184 -2.31771 -9.33701 core
9.31371 -2.346 -9.14775 core
9.78489 -2.50862 -8.92866 core
8.60817 -2.56198 -9.05952 core
10.1352 -1.52799 -10.223 core
10.1707 -2.22322 -10.9228 core
9.63077 -1.75709 -9.98526 core
11.0575 -1.6765 -10.5846 core
10.468 -0.58068 -9.85398 core
9.37248 -1.55574 -8.70569 core
10.5475 -0.956621 -10.1054 core
10.1964 -2.27713 -9.3862 core
9.78514 -2.41731 -10.4772 core
10.3352 -1.34879 -10.2937 core
10.634 -1.8424 -9.76859 core
10.3481 -3.42251 -10.323 core
9.70049 -1.34904 -9.73081 core
10.6884 -2.11991 -10.5087 core
10.8485 -1.05612 -9.63776 core
9.40518 -1.68679 -9.78752 core
9.60176 -1.72382 -9.48345 core
10.0619 -1.83678 -9.84777 core
10.0757 -2.00671 -9.61955 core
10.5253 -2.54296 -9.61519 core
10.2451 -2.43978 -9.4835 core
10.0647 -2.53314 -10.6681 core
10.2454 -2.98757 -10.062 core
10.2356 -2.49189 -8.87831 core
9.45844 -3.10137 -10.4211 core
10.131 -4.08586 -11.8596 border
10.4933 -2.79441 -9.82351 core
9.6843 -3.1265 -9.69073 core
9.7855 -2.80834 -9.73141 core
10.2685 -1.11436 -8.66841 core
10.8028 -2.3878 -10.5293 core
11.4651 -1.06307 -10.0777 core
10.0971 -2.96648 -9.15838 core
10.5076 -2.92155 -10.1354 core
11.4283 -1.48492 -11.0735 border
10.4918 -2.08683 -9.71965 core
11.2306 -2.02959 -9.90408 core
11.0508 -1.9338 -9.78177 core
10.4738 -2.36505 -10.4084 core
11.4536 -1.95553 -9.88098 core
11.0114 -1.26917 -9.57047 core
10.6119 -2.58936 -11.397 border
9.96935 -2.21156 -10.2493 core
10.7271 -2.4083 -9.83492 core
11.0308 -1.49801 -10.4137 core
9.98093 -2.34454 -10.0707 core
10.3347 -1.55452 -9.80992 core
10.4304 -1.43516 -9.31424 core
11.0987 -1.7696 -9.51255 core
9.49379 -2.93451 -10.3413 core
10.4022 -1.50061 -9.14847 core
10.476 -2.21388 -10.2142 core
10.6377 -3.18137 -10.5666 core
11.1639 -3.22455 -10.5418 core
11.8829 -2.28745 -10.6797 border
10.6293 -2.75206 -10.1601 core
9.40399 -1.77306 -9.30755 core
9.31689 -2.17873 -10.2968 core
10.8708 -0.742576 -9.62503 core
10.2898 -0.628406 -9.08677 core
11.3424 -1.29421 -10.4488 core
9.90915 -2.27536 -9.82931 core
9.42719 -2.99401 -10.572 core
10.163 -3.74398 -9.39527 core
9.57495 -3.30792 -10.076 core
9.93453 -3.33495 -9.81498 core
10.0467 -1.10679 -9.06692 core
9.90081 -2.51142 -9.98675 core
10.5245 -2.79014 -10.1673 core
10.7023 -1.04787 -9.44853 core
10.0758 -1.31425 -10.6997 core
10.4495 -1.99836 -9.95783 core
10.5164 -2.99829 -10.4531 core
11.1019 -2.41711 -9.75653 core
10.916 -1.87457 -10.4442 core
9.13461 -2.30975 -9.16671 core
10.6518 -1.75843 -9.52366 core
9.60988 -2.81933 -8.62536 core
9.80314 -2.59346 -8.84158 core
9.62326 -3.09338 -8.7644 core
9.56274 -2.91947 -8.82649 core
9.72799 -2.6235 -8.6502 core
11.1144 -2.1531 -8.9906 core
10.495 -2.57311 -9.29197 core
10.5006 -2.68674 -9.12988 core
10.7903 -1.62181 -9.14895 core
10.4433 -1.22305 -9.7756 core
11.2602 -1.56181 -8.83036 core
12.2455 -1.0484 -9.23412 border
10.7799 -2.76495 -8.30445 core
10.6359 -1.97907 -7.84377 core
10.6851 -1.98349 -7.9475 core
11.2591 -2.74481 -6.78351 border
9.90178 -2.00153 -7.51112 core
10.9899 -1.89633 -7.99948 core
9.84033 -2.42612 -7.61428 core
10.8779 -1.72275 -9.25872 core
11.2306 -1.90983 -9.31089 core
10.9017 -2.28669 -9.25937 core
10.0624 -2.39099 -7.99809 core
10.0411 -2.04754 -7.76486 core
9.7745 -1.63453 -7.45312 core
9.86502 -1.60159 -8.07275 core
9.93855 -1.67941 -7.53889 core
9.25909 -2.16443 -7.34752 core
9.57632 -1.63039 -7.60866 core
11.2336 -1.37994 -8.93414 core
10.0439 -2.68455 -8.15846 core
10.1505 -3.702 -8.13597 core
9.9553 -1.94827 -7.83896 core
10.7638 -2.8305 -8.36572 core
10.3461 -1.91552 -8.87299 core
9.84677 -1.29273 -8.71088 core
10.2995 -1.50404 -8.41842 core
10.1403 -2.36802 -8.61037 core
11.0361 -2.48773 -8.61172 core
11.0736 -3.12729 -9.78557 core
10.9398 -2.91416 -8.57047 core
11.0549 -3.16763 -8.27954 core
10.651 -3.12505 -8.98291 core
10.9235 -3.39992 -9.21295 core
10.7932 -3.07421 -9.08683 core
10.884 -3.44894 -9.22571 core
10.8979 -3.31343 -9.06698 core
11.4986 -2.71163 -9.37061 core
11.1119 -0.876622 -8.51141 core
10.0365 -3.68016 -9.13214 core
10.5498 -1.42627 -8.43721 core
11.041 -1.84248 -8.56023 core
10.4077 -1.19861 -8.84018 core
10.3492 -2.36584 -8.44802 core
11.0723 -1.20601 -7.49707 core
10.6676 -1.72395 -8.30831 core
11.3544 -1.3782 -7.59804 core
11.9443 -1.55909 -8.24712 border
10.7244 -2.54659 -10.1796 core
11.212 -2.29758 -8.72436 core
11.3417 -2.81487 -8.69038 core
12.3576 -2.00579 -9.71 border
11.7214 -2.90092 -8.69637 core
11.6233 -2.92229 -8.93145 core
10.9861 -2.33194 -9.31626 core
11.2243 -1.26607 -8.33482 core
10.9477 -1.42635 -9.24477 core
11.92 -2.58614 -9.16379 core
11.9184 -1.42513 -9.13444 core
10.9126 -1.60191 -8.4033 core
10.8715 -0.860218 -8.48006 core
10.4494 -1.30196 -7.99424 core
11.3798 -1.52092 -9.01351 core
10.8326 -1.17526 -8.81199 core
11.4859 -2.78995 -9.29304 core
11.2109 -2.13606 -9.17215 core
9.99806 -2.66272 -8.53476 core
10.5319 -2.27642 -8.93091 core
10.4963 -3.19453 -9.17111 core
10.4391 -2.48072 -8.99409 core
10.7497 -3.56622 -8.83791 core
10.141 -2.62114 -8.42378 core
9.3442 -2.36644 -8.32433 core
10.8967 -2.23102 -8.20413 core
11.4202 -1.8733 -8.90695 core
10.8815 -1.80828 -9.75835 core
10.1079 -2.71427 -8.56627 core
11.1233 -2.4895 -10.1821 core
9.25059 -2.23692 -7.99874 core
8.41933 -1.81876 -7.5544 core
9.15435 -1.93667 -8.02129 core
9.73343 -1.55213 -7.81402 core
8.58338 -2.55916 -7.76631 core
9.45219 -2.06192 -7.76452 core
9.48281 -1.77791 -8.17784 core
9.18377 -1.92031 -8.30165 core
9.10061 -2.12408 -8.01119 core
8.59409 -1.59847 -8.38551 core
7.93235 -1.35369 -7.72048 core
9.99197 -1.88424 -7.92327 core
8.51279 -1.87993 -6.67907 border
9.66655 -2.27067 -7.82616 core
10.1753 -1.40496 -8.23241 core
9.46973 -1.94064 -8.09248 core
8.61577 -2.08222 -6.71407 core
8.16258 -1.06107 -8.27198 core
8.12036 -1.23248 -7.50284 core
8.77494 -1.186 -7.18773 core
9.01838 -1.6185 -9.91795 core
8.90682 -1.66648 -10.3892 core
8.92701 -1.83353 -11.3984 core
8.94716 -1.93457 -10.9522 core
8.75439 -1.88964 -10.268 core
9.90816 -3.61669 -9.68534 core
9.74664 -4.12586 -9.19322 core
9.49039 -5.03055 -9.65577 core
9.60399 -3.95649 -9.14373 core
10.0089 -3.89899 -9.11813 core
10.1515 -3.83626 -10.0238 core
8.7954 -1.16737 -10.7511 core
8.71432 -1.89831 -10.1975 core
8.5999 -1.98012 -10.69 core
7.60848 -1.13218 -9.88198 core
8.8547 -2.32583 -10.5037 core
7.04349 -1.49297 -10.2376 core
8.0888 -2.3613 -10.1357 core
8.65092 -0.140773 -9.53343 core
8.28262 -1.73193 -9.40511 core
7.54354 -1.17181 -9.50361 core
8.53525 -1.21614 -9.42445 core
7.18615 -1.76963 -9.48928 core
9.27345 -1.01119 -9.96911 core
8.06282 -1.84579 -10.3438 core
7.86378 -1.52798 -10.3928 core
7.68153 -2.05973 -10.3409 core
7.76606 -2.15394 -10.7521 core
9.35159 -0.398515 -9.75859 core
9.02481 -0.676295 -9.3606 core
7.75877 -1.43621 -11.6594 border
9.24719 -1.22018 -10.1959 core
7.66805 -1.62642 -11.2212 core
8.87378 -1.28109 -10.4285 core
7.79073 -1.95128 -10.4981 core
7.98326 -1.06456 -10.8878 core
7.96121 -1.1695 -10.3061 core
8.82556 -0.522199 -9.64193 core
8.24039 -1.87663 -10.737 core
9.41376 -2.00751 -9.21449 core
9.53978 -2.50288 -9.17858 core
10.1043 -1.75977 -8.70339 core
9.52166 -2.1446 -9.3732 core
9.92497 -2.20209 -8.8694 core
10.08 -1.80053 -8.30698 core
9.87948 -1.10123 -8.46775 core
8.68981 -1.10472 -8.1467 core
9.11486 -2.36911 -7.95295 core
10.5242 -2.08133 -8.79931 core
10.2956 -2.19546 -8.49014 core
9.02308 -1.61321 -8.49304 core
8.82303 -1.88438 -8.21189 core
9.92861 -1.77251 -8.66401 core
9.56513 -1.72424 -8.42306 core
10.5713 -1.38238 -8.0196 core
9.81159 -1.55442 -8.02888 core
9.31165 -1.25536 -8.21381 core
9.34969 -0.92704 -9.24363 core
8.88732 -0.975295 -7.80685 core
8.63788 -1.93118 -8.03442 core
8.38733 -2.2071 -7.85279 core
7.64063 -1.71667 -8.44139 core
8.00929 -2.45059 -8.32396 core
7.72744 -1.29415 -8.16405 core
9.28464 -3.09927 -10.5127 core
7.90246 -2.76138 -10.8035 core
8.09266 -2.8546 -10.9779 core
9.9983 -1.659 -10.0926 core
9.42383 -1.90274 -11.1811 core
9.56968 -1.21439 -10.0689 core
9.64186 -0.847746 -10.1817 core
9.27811 -1.63276 -10.3421 core
8.72701 -2.13147 -8.99815 core
8.68331 -1.86405 -9.772 core
7.60253 -1.98192 -9.27398 core
8.45422 -1.9508 -10.495 core
8.06662 -1.76096 -9.23129 core
7.84147 -1.65116 -9.85985 core
8.18465 -1.39303 -9.91577 core
7.5822 -2.4757 -9.45329 core
7.7107 -2.6846 -9.86533 core
8.47912 -1.84227 -10.4583 core
7.79094 -1.79104 -9.8039 core
8.88346 -1.46775 -9.62871 core
8.42587 -1.17338 -8.51786 core
9.14425 -1.39298 -9.03828 core
8.59095 -1.28128 -8.48614 core
8.5913 -2.31807 -9.8347 core
8.71647 -2.80198 -8.44475 core
8.10166 -2.93796 -9.06711 core
7.93575 -3.09452 -9.03127 core
8.12837 -2.25141 -8.59259 core
8.5133 -2.2857 -8.67509 core
8.53624 -3.11008 -8.55595 core
8.26433 -3.15514 -8.83018 core
7.22436 -3.1287 -9.0483 core
7.01046 -2.80332 -8.80871 core
6.80916 -3.04285 -8.58752 core
7.36647 -1.37228 -9.57625 core
7.58653 -2.66136 -9.89789 core
8.53068 -2.3936 -8.79607 core
8.11465 -2.90178 -8.94302 core
7.8856 -3.06511 -9.55819 core
7.7268 -2.70583 -9.40411 core
7.56439 -2.93119 -9.648 core
7.75998 -2.68039 -9.56673 core
8.50379 -1.98469 -9.87602 core
8.46506 -2.4837 -10.2955 core
8.37106 -1.97873 -10.1634 core
8.16828 -2.31011 -10.357 core
9.25082 -2.20966 -8.42054 core
8.57036 -1.94563 -8.93162 core
8.5504 -1.98544 -8.8044 core
8.04692 -1.85669 -9.0376 core
8.31886 -2.43335 -9.94103 core
7.66939 -2.99274 -9.01166 core
6.80968 -3.73153 -9.30269 border
6.67833 -2.44514 -9.13492 core
8.14856 -1.73014 -9.03701 core
7.92531 -2.7175 -9.32287 core
7.29232 -2.3769 -9.60128 core
9.06361 -0.668978 -8.39536 core
7.68356 -0.661645 -7.27095 core
8.563 -0.572201 -7.72833 core
8.28381 -0.596411 -7.90102 core
7.63109 -0.631301 -7.92964 core
8.47152 -1.26231 -8.01636 core
8.39148 -0.757307 -6.9073 border
8.45196 -1.2121 -8.32757 core
7.94893 -0.685439 -7.45136 core
8.9381 -0.895115 -8.29159 core
7.79822 -0.967594 -8.14502 core
8.68884 -2.06236 -9.85958 core
8.54129 -1.50493 -8.3649 core
7.84366 -1.82071 -9.26798 core
8.47546 -1.57478 -8.04166 core
7.94167 -1.19735 -8.863 core
7.20865 -0.613955 -7.95087 border
7.64689 -1.97969 -8.8633 core
8.05952 -1.49954 -8.57093 core
6.98268 -1.76654 -8.80071 core
7.35832 -1.27141 -8.69507 core
7.68233 -1.56277 -8.65647 core
7.0604 -1.90663 -8.9159 core
7.59172 -1.46682 -8.7638 core
8.48842 -1.37362 -8.45288 core
8.11582 -2.12947 -10.6508 core
8.67882 -1.64593 -8.73987 core
8.54089 -1.99987 -8.99338 core
7.94372 -1.3208 -9.60038 core
7.02235 -1.92607 -9.88277 core
8.39574 -3.1017 -9.5307 core
8.38615 -3.03239 -9.93092 core
9.46894 -1.95267 -9.29441 core
9.63967 -2.34499 -9.60608 core
986
-3.53258 0.403621 3.06276 core
-3.65557 0.804628 3.21416 core
-3.12067 0.629841 3.1407 core
-3.33193 1.10446 1.94572 core
-4.51237 0.967094 2.06935 core
-3.94603 1.41888 1.42586 core
-3.92116 1.5905 2.32749 core
-3.50346 1.1298 0.890016 core
-3.7277 1.6629 2.1158 core
-4.41273 2.11939 1.62142 core
-3.89409 1.6865 1.26823 core
-4.23419 1.53986 1.94067 core
-4.47159 2.66834 2.19534 core
-3.47767 1.4824 2.39867 core
-3.69724 1.36792 1.42377 core
-3.64629 1.3261 2.35638 core
-3.528 1.01542 1.26161 core
-4.32468 1.6735 1.49034 core
-3.31202 1.35367 1.35699 core
-3.24492 1.99016 1.26324 core
-3.74125 0.645387 1.80105 core
-4.21729 1.18578 1.97009 core
-4.12529 1.59643 1.37813 core
-4.3466 1.58917 1.90201 core
-3.78437 1.46325 2.32272 core
-4.16529 1.45847 3.73499 core
-3.81323 3.01458 3.56653 core
-4.57469 1.67988 3.73598 core
-3.7388 1.48056 4.06994 core
-4.00236 1.91057 4.67366 core
-2.88263 1.68862 4.49628 core
-2.64086 2.05033 5.51617 border
-2.65445 2.58356 4.3868 border
-2.63879 2.29918 5.33366 border
-3.84462 2.28742 3.56502 core
-3.65329 2.03949 2.01849 core
-3.15146 2.05713 2.51227 core
-2.14678 2.10163 1.85031 core
-3.91986 2.35325 2.02584 core
-3.13808 1.95357 1.23885 core
-3.39366 2.12641 2.19311 core
-2.21785 1.96831 1.98039 core
-3.54157 2.4874 3.01167 core
-3.26755 1.50712 1.73621 core
-3.89777 2.8896 2.73901 core
-3.18805 2.5065 3.4621 core
-4.28889 2.84362 3.50899 core
-3.45743 1.89312 3.45612 core
-3.30524 1.7476 4.08089 core
-3.76641 0.987353 4.28647 core
-3.78662 1.68899 4.0231 core
-2.9958 1.28511 3.96268 core
-3.51229 1.9058 3.59304 core
-4.16295 2.04306 3.13596 core
-3.42672 1.83571 2.79516 core
-2.04788 2.16766 3.04744 core
-2.72924 2.0644 3.77728 core
-3.67993 1.79454 4.06535 core
-3.81171 0.941432 3.93863 core
-4.03142 0.675164 3.86948 core
-3.56527 0.763283 4.20359 core
-3.84005 1.10462 4.22185 core
-3.72484 1.36623 3.74189 core
-4.08064 2.00935 3.83746 core
-4.11118 1.47947 3.27855 core
-3.46389 2.4859 4.25749 core
-3.03015 1.99884 3.21669 core
-3.99132 1.87642 4.04472 core
-3.71956 1.43595 2.91546 core
-2.97119 1.7871 2.77673 core
-3.55183 0.88688 3.93207 core
-3.48436 0.0655526 3.93182 core
-3.19868 0.888898 3.46544 core
-1.99307 1.44484 4.08713 core
-4.18342 0.316787 3.79346 core
-2.29631 0.756857 3.59853 core
-3.80717 0.0536422 4.15352 core
-3.6715 1.25119 3.95899 core
-4.29198 1.44635 3.47543 core
-4.581 1.58862 4.73578 core
-5.63413 1.03119 4.52773 core
-4.66351 1.54975 3.06972 core
-4.35284 1.94929 3.50395 core
-3.44699 1.29433 3.76417 core
-3.85092 1.5304 3.19762 core
-4.77527 1.28132 2.76667 core
-5.55549 2.52453 3.74572 core
-5.17243 2.3242 2.62031 core
-4.42804 2.08486 2.2441 core
-5.55925 2.305 2.81362 core
-4.55228 2.15655 2.89042 core
-5.13115 3.0727 3.3287 border
-4.45714 2.24257 2.71589 core
-3.09581 1.99522 3.90977 core
-3.42988 1.4126 3.32703 core
-3.12854 1.07235 3.533 core
-2.90522 1.68655 2.46945 core
-3.40379 1.74792 3.41524 core
-3.32904 1.23153 3.20666 core
-2.48731 1.39215 3.56834 core
-2.96897 1.87754 3.3178 core
-3.19517 1.83363 2.02235 core
-2.95505 2.36353 1.9355 core
-3.00448 2.73848 3.19774 core
-3.14598 2.63991 2.13787 core
-3.64429 2.24259 1.89616 core
-3.892 2.40757 2.38957 core
-3.72393 2.68804 2.65203 core
-3.05048 1.62764 2.5224 core
-2.98259 2.57935 2.36977 core
-3.01701 2.74174 2.76258 core
-2.84818 2.47174 2.59304 core
-3.85274 2.8601 2.57927 core
-3.43281 2.04041 2.32224 core
-2.72867 2.11018 2.62278 core
-3.01628 2.25237 2.76106 core
-3.04977 2.13529 3.04699 core
-2.78355 2.53136 2.97754 core
-3.08351 2.28744 1.63034 core
-2.94967 2.11938 1.56628 core
-3.56004 3.23205 2.6766 core
-4.70681 3.07716 4.15457 border
-4.14944 1.97186 3.61113 core
-3.84129 1.93584 3.30724 core
-3.77156 0.996546 4.36375 core
-3.31523 1.39584 4.05294 core
-3.96143 1.39561 2.4182 core
-5.08087 0.949545 2.31205 core
-2.57964 1.02523 2.91417 core
-4.33351 1.69669 3.27047 core
-5.51192 2.99944 3.29232 border
-3.27554 1.62103 2.9902 core
-4.35619 1.71149 1.69241 core
-4.11043 1.63547 2.40856 core
-4.84961 1.05334 2.37033 core
-4.53386 1.80504 2.19378 core
-3.39773 0.758439 2.31863 core
-3.94387 0.724649 2.27991 core
-3.94842 1.06355 2.58099 core
-4.83375 2.33523 3.15424 core
-4.86233 1.38493 2.31711 core
-2.38908 0.483999 3.20521 core
-3.92263 1.73575 2.82134 core
-4.22248 1.68612 2.48882 core
-3.88282 1.05948 2.4647 core
-4.02708 0.692174 2.95109 core
-3.70803 1.62652 2.97453 core
-4.34574 0.652122 2.9732 core
-4.27858 0.542751 2.58864 core
-4.57484 1.21564 2.59296 core
-4.06652 1.79575 2.25128 core
-3.32547 0.831373 2.68953 core
-3.45966 1.31927 2.5965 core
-3.08724 0.778871 2.61999 core
-5.1861 2.10708 2.14955 core
-3.2555 1.27637 2.05962 core
-3.78267 0.833246 3.0783 core
-3.41907 0.923017 2.89309 core
-3.69884 2.17924 2.86948 core
-4.37284 0.540579 3.68433 core
-4.27884 0.594427 3.61813 core
-3.6328 0.886297 3.3728 core
-2.66095 1.48817 2.28858 core
-4.66109 0.320767 2.96268 core
-3.72521 1.79968 2.49706 core
-4.92063 1.40711 2.71289 core
-3.0942 0.96726 2.70243 core
-4.42723 0.853454 2.26301 core
-4.54081 0.888352 3.17195 core
-4.39575 1.27511 1.84912 core
-3.61511 1.14355 2.36169 core
-4.59936 0.573822 2.3323 core
-3.75523 1.30471 3.09149 core
-3.47425 1.17515 2.08004 core
-5.00479 0.753834 2.40124 core
-4.98424 1.49429 1.65546 core
-6.34427 2.08916 1.45125 border
-4.72832 0.984487 1.80964 core
-3.35569 0.92138 2.58115 core
-3.92027 1.7393 1.72628 core
-3.86696 2.32944 2.98328 core
-3.98093 1.11153 1.97075 core
-4.21044 0.931098 1.51457 core
-3.67274 2.21351 2.8726 core
-4.39953 1.48829 1.91873 core
-3.2993 1.25654 3.02766 core
-3.90131 1.52647 2.07372 core
-4.754 1.25366 2.48901 core
-4.22773 1.2607 2.10403 core
-3.51641 2.55231 2.29312 core
-4.00441 1.99327 2.88306 core
-4.65811 2.80454 1.86682 border
-4.16382 1.26177 3.30405 core
-2.60762 1.02912 2.54903 core
-4.44049 0.83893 2.64762 core
-3.81705 1.85285 2.64784 core
-3.66549 1.83725 2.28243 core
-3.96194 1.28452 2.52066 core
-3.08496 1.47553 1.83747 core
-3.59266 0.658126 2.91926 core
-4.02863 1.31876 2.69641 core
-4.04732 1.0518 3.08003 core
-3.80962 0.732906 2.98648 core
-3.91514 1.27463 3.3188 core
-4.07045 0.413231 3.14209 core
-2.81914 1.7379 2.91996 core
-2.50261 1.49622 2.93964 core
-2.00509 2.03232 3.0182 core
-1.56578 1.88439 3.51489 core
-2.5835 1.42421 2.84063 core
-5.28571 1.21252 2.49567 core
-5.98059 1.2113 1.96269 core
-5.73774 1.78694 2.61241 core
-5.4322 1.41202 1.72956 core
-6.33208 1.76059 2.43421 core
-5.94432 1.1323 2.82545 core
-6.25582 0.497305 1.66463 border
-5.58666 0.498854 2.3966 core
-5.91731 1.8349 1.57948 core
-5.37352 1.78407 2.32543 core
-6.34996 1.27791 2.59589 core
-5.29512 0.738447 2.46125 core
-5.56053 1.31204 2.00993 core
-5.30272 1.50008 1.44989 core
-5.44865 1.20143 1.25592 core
-3.22775 -0.572008 3.06787 core
-3.40869 -0.779188 3.40143 core
-3.17803 -0.829968 3.63312 core
-3.84935 -1.04529 2.75732 core
-3.53857 -1.80989 3.73479 core
-2.74805 -1.1062 2.89065 core
-2.54043 -1.2144 2.82983 core
-4.157 0.93184 3.47108 core
-4.4933 1.2263 3.23997 core
-3.90866 2.03998 3.06795 core
-3.98503 1.33709 4.22057 core
-3.8875 2.24367 3.72278 core
-4.52414 0.926253 3.54903 core
-4.36064 1.48679 3.54546 core
-4.18192 1.61639 3.75526 core
-4.28725 2.27367 3.85117 core
-4.40487 2.15812 3.37097 core
-4.12145 1.82787 3.45094 core
-4.21841 1.6272 3.07349 core
-4.05454 1.68412 3.76744 core
-4.61904 1.80589 3.6101 core
-4.32568 1.27461 3.28795 core
-3.85861 1.93305 3.52291 core
-4.44862 2.30332 3.68228 core
-4.94624 1.96499 2.9917 core
-3.06852 0.0213739 3.3316 core
-3.80612 0.589526 3.48148 core
-3.82323 0.734505 3.29312 core
-3.60815 0.809394 3.3933 core
-2.87017 -0.397653 3.37406 core
-3.30958 -0.373751 2.67819 core
-2.99375 0.111248 2.68392 core
-1.78105 1.04623 3.54351 core
-2.99428 -0.0635777 3.4873 core
-2.19285 -0.267572 3.35018 core
-3.50471 0.0739394 3.92701 core
-2.36228 -0.253792 3.74312 core
-3.25877 0.638033 3.34954 core
-2.40477 1.21367 3.07068 core
-1.27395 0.416608 2.90988 border
-2.66483 0.65812 2.73054 core
-2.63151 0.449944 3.02817 core
-2.74663 0.502711 3.28636 core
-3.0831 0.438714 3.69321 core
-1.90156 0.136272 3.56844 core
-3.35122 0.190765 3.69723 core
-3.8684 0.370408 3.63513 core
-3.79847 0.544651 3.42414 core
-4.18879 0.628833 3.22027 core
-3.94511 0.0876721 3.51585 core
-3.42525 0.569634 3.46397 core
-3.34443 0.207047 3.60733 core
-2.85676 -0.54909 3.63711 core
-3.37943 1.5826 2.34546 core
-2.61178 1.26511 2.6073 core
-2.43511 -0.278072 4.00402 core
-2.49004 -0.727009 3.61812 core
-3.35111 0.861662 3.99014 core
-2.63494 0.544292 3.79782 core
-2.84555 0.766156 4.2142 core
-3.72199 0.344836 4.07726 core
-2.62239 -0.0779109 3.372 core
-2.33482 0.357212 3.8828 core
-2.96379 0.0572212 4.04432 core
-3.46391 0.802749 1.81597 core
-2.58181 0.927751 2.29107 core
-3.3424 -0.0359308 3.04836 core
-2.29722 -0.463778 4.67465 border
-2.55236 1.56942 2.1224 core
-2.09317 1.63834 2.20183 core
-1.89045 2.79281 2.48516 border
-1.88387 1.57815 2.41713 core
-2.10235 1.68806 2.68771 core
-2.23456 1.57929 2.07796 core
-2.39917 1.21492 3.07627 core
-1.71852 1.05724 3.3283 core
-2.25697 0.0322516 4.07826 core
-2.21393 0.408007 3.37642 core
-2.05816 0.914045 2.9987 core
-1.90709 0.21659 3.08901 core
-2.88262 -0.381855 3.39367 core
-3.10014 0.735248 3.46569 core
-3.08327 0.837358 3.40671 core
-2.76701 0.637619 3.44247 core
-2.25823 -0.666396 4.22999 core
-2.71797 1.20347 3.50049 core
-2.12958 0.113243 3.55944 core
-3.18941 0.447748 3.51118 core
-3.38983 0.117179 3.87605 core
-2.79315 0.907395 3.25341 core
-2.95262 0.0406753 3.70696 core
-2.48847 0.536658 2.50962 core
-2.63806 0.0676822 3.33199 core
-3.66715 -0.291169 4.01427 core
-3.21242 1.28696 2.85912 core
-3.7529 0.691607 2.80865 core
-1.9766 1.09874 3.06943 core
-2.82446 0.04587 3.96063 core
-2.51615 -0.302768 3.91247 core
-2.58866 0.328905 2.8332 core
-3.54469 1.04496 3.816 core
-2.67354 1.18894 3.86378 core
-2.35281 0.625339 3.47008 core
-3.19352 1.07827 4.01666 core
-3.02138 0.962404 3.63415 core
-3.44506 1.22541 3.48369 core
-3.1377 1.09707 3.2946 core
-2.76509 -0.129033 3.85931 core
-4.0327 -0.383695 3.61295 core
-3.48978 -0.368481 4.12829 core
-2.63866 0.356839 2.29493 core
-3.44335 0.277333 3.14158 core
-3.01563 -0.701357 3.86193 core
-3.20863 1.15406 3.50189 core
-2.59047 1.16736 3.10633 core
-3.01455 1.21358 3.27161 core
-1.61474 0.485343 2.71805 core
-2.84908 -0.269696 3.84246 core
-2.93073 0.468081 4.01873 core
-1.9949 -0.289794 4.13568 core
-2.58794 0.840165 3.64288 core
-2.73997 0.376581 3.4996 core
-1.7601 -0.199713 3.69364 core
-3.22409 0.639189 3.16245 core
-3.15745 -0.555311 2.90031 core
-2.6553 1.23504 1.60544 core
-2.16416 0.861931 0.848526 border
-2.73365 1.34925 2.26227 core
-2.5146 0.874386 1.77538 core
-2.36742 1.46982 2.6171 core
-2.17385 1.04746 2.36561 core
-2.77687 0.842155 3.41587 core
-2.44416 0.317661 2.68945 core
-2.56095 0.624168 3.09946 core
-2.90792 0.446266 3.66136 core
-3.98143 1.01014 3.46043 core
-4.07271 0.89697 3.08375 core
-2.48675 -0.0885203 3.11471 core
-2.71961 1.0835 2.37162 core
-2.28613 1.50875 2.50036 core
-1.85226 1.1557 2.80913 core
-2.05056 0.807767 2.50228 core
-3.62162 0.835628 3.64713 core
-3.83505 0.337934 3.22629 core
-4.14672 0.127931 4.09653 core
-3.43642 0.285795 4.25669 core
-4.52382 -1.82576 3.69043 core
-3.90033 -0.820003 3.3182 core
-3.6239 -0.478733 4.38497 core
-4.70694 0.0352433 3.77805 core
-4.65757 -1.31535 3.29009 core
-4.88967 -0.280153 3.75622 core
-4.74656 -0.872255 3.10715 core
-4.46404 -0.740747 3.50465 core
-4.08195 -1.28556 4.09069 core
-4.57863 -0.847623 3.95726 core
-4.48617 -1.30601 4.01954 core
-4.41244 -0.387485 3.3984 core
-3.94728 0.251128 4.32821 core
-3.82377 -0.956564 4.03307 core
-3.86461 -1.67172 4.91922 border
-3.94134 -0.897534 4.12374 core
-3.66748 0.413453 4.29858 core
-4.77576 -0.778877 4.77052 core
-3.89324 -0.214851 3.55547 core
-3.21976 0.0845686 4.26583 core
-3.92452 -1.20552 4.36415 core
-4.37561 -0.865944 3.99767 core
-3.30382 0.292636 4.72324 core
-3.60828 -0.890772 4.20051 core
-5.49606 -0.0832553 5.13516 border
-3.48479 -1.18312 4.34427 core
-2.99429 -0.0529639 4.47116 core
-4.18713 -1.11735 3.75433 core
-5.11458 -2.31028 3.2663 border
-3.23743 -0.0609783 4.0742 core
-3.65176 -0.859613 2.71578 core
-3.89006 -1.02051 3.3178 core
-3.4535 -0.835882 2.93292 core
-3.77435 -1.06594 3.33038 core
-3.29004 -1.53604 2.98817 core
-4.91933 -0.754375 3.96625 core
-3.42766 -0.73987 4.67448 core
-4.10541 -0.849337 4.22964 core
-3.11175 -0.306683 4.69735 core
-4.06845 -0.572304 3.96697 core
-3.51861 -0.678987 4.61437 core
-3.88169 -0.377798 4.75638 core
-3.12011 0.66162 3.27163 core
-3.25759 1.5193 3.64649 core
-3.70817 1.54043 4.17631 core
-2.78463 2.1872 3.70252 core
-2.46912 1.3967 3.45685 core
-2.4665 0.617398 3.56638 core
-2.73202 1.79116 3.60569 core
-2.16616 1.4063 4.51933 core
-2.81317 0.882486 3.87396 core
-2.54798 0.992516 3.33269 core
-3.06105 1.19858 3.65187 core
-2.49176 1.22008 3.37471 core
-2.44308 1.15347 4.2991 core
-2.79899 1.04011 4.22477 core
-1.76323 1.55701 4.29777 core
-2.77202 1.04594 4.19543 core
-3.87079 1.65137 4.42222 core
-2.83973 0.833203 4.6288 core
-3.37909 1.76478 4.81527 core
-3.43381 2.08534 3.84437 core
-3.10887 0.604832 4.37895 core
-1.80419 1.46731 5.10459 border
-2.08774 0.656805 4.34923 core
-3.04559 1.72894 3.7541 core
-2.53809 1.5774 3.73042 core
-2.27056 1.04321 4.10384 core
-2.76711 2.26055 4.79794 core
-1.95384 1.3224 3.1259 core
-2.14632 0.834733 3.49184 core
-0.85894 0.59913 3.88964 border
-1.20329 0.662619 4.53454 border
-3.35227 1.97565 4.55695 core
-2.94369 1.08099 3.46725 core
-3.06747 1.083 3.1867 core
-3.42046 1.87845 3.83172 core
-2.38943 1.68932 4.78685 core
-2.08987 1.76542 2.71443 core
-1.51938 1.28597 3.10816 core
-0.866818 2.13914 3.67262 border
-1.37637 1.18717 3.85381 core
-1.40307 1.51756 3.71683 core
-3.08735 0.715861 2.38585 core
-3.63029 0.944924 2.85438 core
-3.45733 0.552513 2.87792 core
-3.53003 0.844807 4.24076 core
-2.69141 1.07284 5.02881 core
-3.12811 1.11055 5.3482 core
-3.2429 -0.119852 5.16269 core
-3.24061 -0.0116878 4.53487 core
-2.78057 0.667326 4.93856 core
-2.18403 0.954757 5.05609 core
-2.79088 0.551776 4.19033 core
-3.34473 1.42295 4.99064 core
-3.03513 -0.283129 4.88118 core
-3.7147 0.42118 4.95971 core
-3.66421 0.615231 4.801 core
-3.38432 0.842276 5.36925 core
-3.02586 0.676561 5.08309 core
-2.61128 1.00718 5.50181 core
-2.33309 0.494804 4.45605 core
-2.56949 0.734224 4.49838 core
-3.43583 1.38752 4.64504 core
-3.64381 0.52544 5.23904 core
-3.41352 0.432878 5.85005 border
-4.8402 0.745602 3.27424 core
-5.47004 -0.0569117 3.51355 core
-5.00164 0.404876 3.36897 core
-4.7192 0.937561 3.02462 core
-5.05508 -0.226126 3.29667 core
-5.28379 0.533824 2.80834 core
-6.01404 1.1327 3.12519 core
-5.39461 -0.0585406 3.36299 core
-5.09349 -0.33084 2.52041 core
-4.80812 0.476996 3.75478 core
-5.81846 0.142886 3.71172 core
-6.25895 0.477039 3.86008 core
-6.24561 0.792608 3.48465 core
-4.60071 0.558464 2.88809 core
-5.99548 0.802276 3.66526 core
-5.68143 -0.883964 3.5097 core
-6.12335 0.53721 3.08615 core
-5.02457 -0.779363 3.12704 core
-5.70725 -0.0931439 2.75791 core
-5.02491 0.595423 3.26528 core
-6.07546 0.110184 3.01623 core
-5.87162 1.07491 3.05961 core
-5.03052 0.530049 2.74639 core
-4.4228 0.571186 3.28548 core
-5.52681 0.295639 2.89836 core
-4.66295 0.0824671 3.85779 core
-5.57398 -0.0374705 3.63507 core
-4.8363 -0.164824 2.99953 core
-5.04682 -0.273782 3.84302 core
-5.41986 -0.206728 3.17236 core
-5.16486 0.839143 2.88555 core
-5.41794 0.17973 2.46418 core
-5.33153 0.272836 3.40699 core
-5.11355 1.08163 2.9884 core
-5.46049 1.44253 2.23657 core
-5.66273 0.774978 3.20909 core
-5.52948 0.0263927 2.63621 core
-5.3331 0.198147 2.65171 core
-4.83006 0.0467738 3.17856 core
-4.88647 -0.0109983 2.48222 core
-6.46364 -0.411561 3.25823 core
-5.22745 1.07152 2.47928 core
-4.78195 1.10416 3.18278 core
-5.3874 1.90495 3.46825 core
-5.19481 1.50257 3.73136 core
-5.07766 2.13506 2.99702 core
-4.8646 0.881122 3.02764 core
-5.27588 1.74827 4.15857 core
-5.03462 0.920638 4.28507 core
-5.55052 1.12827 4.12829 core
-4.6346 1.29162 3.27283 core
-4.97186 1.0113 4.3479 core
-5.6022 2.04198 3.56815 core
-4.30617 1.67316 3.51477 core
-5.16138 1.60546 4.66443 core
-4.64425 1.85597 3.13522 core
-5.1289 1.49251 3.92566 core
-5.37417 1.46423 3.68118 core
-5.73698 0.785662 3.9764 core
-4.92239 1.85018 3.26854 core
-5.50416 2.12378 4.02692 border
-5.0355 0.918919 3.03554 core
-4.77597 1.27873 3.00121 core
-5.33201 1.27473 3.19917 core
-4.12691 1.50061 2.6083 core
-4.02594 2.1294 3.07336 core
-4.54349 0.917166 2.07358 core
-4.69691 1.28543 2.66938 core
-4.36061 2.27534 2.6594 core
-4.88956 1.44231 2.29323 core
-4.11426 2.66756 2.81536 core
-4.25062 2.83351 2.44262 core
-3.19804 -0.491692 3.55362 core
-2.55816 -1.92204 3.78603 border
-4.03996 -1.47724 3.78278 core
-3.51868 -0.536449 3.50954 core
-3.67001 -0.755422 3.33781 core
-3.27354 -0.225315 3.43414 core
-2.51203 -1.51821 3.66224 core
-4.03092 -0.844263 3.30134 core
-3.04485 -0.351473 3.35637 core
-3.35085 -1.12588 3.37182 core
-4.06908 -0.448332 4.30196 core
-3.21557 -1.32152 4.08752 core
-2.56027 -0.989955 4.34528 core
-3.82677 -0.928057 3.56052 core
-4.29434 -1.60151 3.81165 core
-2.90439 -2.01267 4.13827 border
-4.15329 -0.59265 3.69181 core
-4.07641 -1.98035 3.58738 core
-2.56871 -0.69359 3.70962 core
-4.0962 -1.53043 3.62437 core
-3.49857 -0.45081 3.38397 core
-3.7887 -0.591811 3.39571 core
-3.64468 -0.94265 3.77898 core
-3.43163 -0.298861 3.58689 core
-2.91336 -0.571234 3.29946 core
-3.49059 0.730764 3.18269 core
-4.93838 0.281447 3.14597 core
-5.55361 -1.12491 2.86858 core
-6.4536 0.350472 3.88531 core
-6.5055 0.351021 2.87515 core
-4.72999 0.28427 2.72683 core
-6.60284 0.609622 3.33186 core
-5.32179 -1.05794 2.87548 core
-3.99299 0.588494 2.00466 core
-4.77185 0.951278 0.855292 border
-4.46714 0.825495 0.741209 border
-4.86663 0.0792145 1.56597 core
-4.44722 0.604504 1.12608 core
-3.51506 0.622467 1.79418 core
-3.18383 -0.188359 1.613 core
-3.7219 0.14868 0.797378 core
-3.17531 0.763376 1.72679 core
-3.78686 0.43256 1.54045 core
-2.7765 0.409832 0.836355 core
-3.75354 0.311573 1.58883 core
-2.84709 0.537123 1.37964 core
-3.64107 0.0622023 0.708041 core
-3.94142 0.636666 1.35924 core
-2.38939 0.329636 0.796824 core
-3.44651 -0.458913 2.0703 core
-2.20379 0.150654 2.16288 core
-5.17325 -0.109543 1.4726 core
-3.95249 -0.927957 2.00056 core
-4.96414 -0.446453 0.884503 border
-4.89117 -0.391102 1.0934 core
-4.96252 -0.496214 0.816074 border
-3.92249 -1.58697 0.829884 border
-4.89742 -1.05321 2.2463 core
-2.84738 -0.657325 2.31005 core
-4.61613 -0.83821 1.93564 core
-4.26137 0.0503238 2.16637 core
-4.90331 -0.278705 2.12677 core
-4.38791 0.549246 1.96661 core
-4.25482 0.357412 2.26123 core
-4.64508 -0.266758 1.92471 core
-4.30189 0.116163 2.00783 core
-4.39271 0.324273 1.84996 core
-4.35974 0.377094 2.24181 core
-3.93286 1.20994 2.68714 core
-3.77449 0.856102 2.55062 core
-4.14161 0.893825 2.66089 core
-3.69065 0.067353 2.50901 core
-3.47385 0.359365 2.73059 core
-4.12247 0.0656773 2.51849 core
-3.27556 0.247458 3.14672 core
-4.19154 0.0197944 2.89595 core
-2.40742 -0.0632761 3.01261 core
-4.02286 0.109195 2.67028 core
-4.28694 -0.0219786 2.42227 core
-3.62281 0.175457 2.55308 core
-3.7282 0.0539732 2.38187 core
-4.15681 0.227784 2.90421 core
-3.92078 -0.164819 2.25104 core
-4.55905 -0.635773 2.73782 core
-4.42817 -2.12586 2.11152 border
-2.64305 0.618347 3.06636 core
-3.51844 1.41767 1.86479 core
-3.14573 2.02062 0.82197 core
-2.09555 1.66596 1.72401 core
-2.16919 1.82136 1.55733 core
-2.81752 1.326 1.28732 core
-2.97941 1.33044 1.33377 core
-2.37184 1.72481 1.3592 core
-2.71532 1.21227 1.5739 core
-3.78303 0.471495 1.58253 core
-3.49726 0.407945 2.66484 core
-3.6352 0.33037 2.73481 core
-3.25432 0.528715 2.67545 core
-3.90226 -1.2213 1.88067 core
-4.18496 0.0895335 1.40074 core
-5.54745 -0.0499837 0.899061 border
-5.55078 -0.509918 1.05444 border
-3.80449 -0.313296 1.73466 core
-4.2027 -0.44578 2.21713 core
-3.40208 -0.647355 1.92325 core
-2.89413 -0.0268652 2.14799 core
-2.81904 -0.600611 2.15712 core
-3.8614 0.131785 2.52652 core
-4.26516 -0.0979831 2.86564 core
-3.84978 0.286735 2.76025 core
-4.21471 0.109815 2.24117 core
-3.67698 0.202161 2.46738 core
-3.15473 -0.154111 1.22408 core
-3.22701 -1.77038 1.76668 border
-4.74207 -0.560319 2.96974 core
-5.9233 -1.78553 3.44207 border
-5.83911 -1.24632 2.09784 border
-5.06371 -1.52806 1.58281 border
-6.07661 -1.13812 3.38058 border
-3.64118 -0.40081 2.03355 core
-2.78935 -0.244827 1.55129 core
-4.22566 0.940832 2.17949 core
-4.37893 0.579942 1.94362 core
-4.47441 0.140574 1.66113 core
-4.40619 0.712063 1.84892 core
-4.04123 -0.0913219 2.0863 core
-4.19354 0.198874 1.66064 core
-4.23673 0.163615 1.6449 core
-4.2216 -0.471696 1.87178 core
-4.23169 0.227249 2.99408 core
-3.61566 0.535752 1.42569 core
-3.5869 -0.174658 3.43492 core
-3.56162 -0.725882 3.14094 core
-2.69531 -0.48645 3.07802 core
-3.71329 -0.170896 3.31493 core
-3.4809 0.318254 3.83087 core
-4.05325 -0.464415 2.94352 core
-3.51617 -0.0308722 2.6638 core
-2.18551 -0.35304 2.83089 core
-3.56419 -0.431877 2.65497 core
-2.82727 -0.297738 1.98525 core
-3.94362 -0.657071 2.8907 core
-2.27166 -0.741023 2.44532 core
-2.99433 -0.106301 2.45291 core
-2.96132 -1.0649 2.36425 core
-4.38312 -0.219112 2.03142 core
-4.15786 -0.300609 2.06576 core
-2.85475 -0.553189 2.50328 core
-3.75514 -0.121926 2.46955 core
-4.25532 -0.33868 2.70947 core
-2.16245 -1.4695 2.34004 border
-3.15496 -0.681981 2.47424 core
-3.22385 -0.555316 3.17817 core
-4.20932 -0.0760805 2.43309 core
-4.34265 -0.497271 2.51771 core
-3.03385 -0.28107 2.83309 core
-3.20176 -0.742815 2.41765 core
-2.3542 0.339181 2.07302 core
-3.30578 0.427175 2.07546 core
-3.27408 -0.205463 1.87416 core
-2.81354 0.323865 2.3269 core
-3.82726 0.288036 1.48584 core
-3.83531 0.146668 1.6201 core
-2.97835 -0.158381 1.85506 core
-3.18535 1.1419 1.74555 core
-3.91048 -0.472895 2.25091 core
-3.99866 -1.91878 2.22691 border
-2.45045 0.03815 2.78327 core
-2.10623 -0.532182 2.8536 core
-4.11617 0.770978 2.55521 core
-2.63435 -0.0912862 1.83843 core
-2.93077 -0.81416 1.86162 core
-4.07748 -0.144093 3.52703 core
-4.44821 0.505957 3.26059 core
-4.51412 -0.0579823 2.33044 core
-3.92055 0.00493447 3.43812 core
-2.6674 -0.0601845 3.01365 core
-3.90308 0.419621 2.56019 core
-3.54486 0.876337 2.68482 core
-3.83016 0.477455 2.72965 core
-3.31304 0.887427 2.48162 core
-3.69784 -0.979071 2.94798 core
-3.91003 -1.08882 1.2896 core
-2.53179 -0.0622647 2.3887 core
-3.75495 0.0130337 1.59883 core
-1.73183 -0.779054 3.16246 core
-4.79106 -0.278454 2.90475 core
-3.02231 -0.222906 3.09747 core
-2.59569 -0.453691 2.34119 core
-3.06213 0.0596248 2.42619 core
-2.96069 -0.555109 2.21106 core
-2.58041 -0.522157 2.76145 core
-4.56551 0.407846 1.8104 core
-5.88821 0.20139 1.00736 border
-3.39306 0.679773 1.75627 core
-3.21503 0.49657 0.986984 core
-2.91228 1.30751 1.35957 core
-3.49442 0.95065 1.38788 core
-3.12049 0.35055 0.767834 core
-3.57963 1.45741 1.15036 core
-3.20903 0.607946 0.933306 core
-3.42894 1.82765 0.31201 border
-3.90312 1.18636 1.31084 core
-2.06346 -0.362471 3.43763 core
-1.13649 -1.02434 3.43593 border
-3.72139 -1.63781 2.6804 core
-2.67582 0.40107 1.6701 core
-2.61146 1.14983 0.254837 border
-4.51703 -0.44511 2.01567 core
-4.15505 -1.57227 1.0347 border
-2.52687 0.340191 0.857246 core
-4.59416 0.405957 2.52126 core
-4.93025 0.422067 2.32358 core
-5.02405 -0.0237104 3.48992 core
-4.66434 0.700922 2.49454 core
-6.24217 -0.00790391 1.97532 border
-4.74738 0.416743 2.25672 core
-4.85686 1.35436 2.37401 core
-5.63325 -0.275626 2.6663 core
-4.58637 0.992153 2.64009 core
-4.48427 -0.174056 2.42103 core
-4.53463 0.369104 2.42846 core
-5.09677 1.33458 2.20045 core
-4.52378 0.53932 2.87176 core
-4.84464 0.785802 2.55821 core
-4.53683 1.11638 2.14894 core
-6.20047 0.22146 1.95648 border
-5.02368 0.239384 2.64681 core
-5.25062 1.0053 2.01932 core
-4.38196 -0.0189396 2.86992 core
-4.08861 -1.02307 2.30463 core
-3.09842 0.568846 1.90948 core
-3.50937 0.107693 1.93791 core
-3.41128 0.413168 1.94411 core
-2.88959 0.767344 1.65121 core
-3.06436 0.287299 1.42189 core
-2.50203 1.13387 2.30577 core
-2.98248 -0.626152 0.544191 border
-2.4544 0.877537 2.16518 core
-4.41895 -0.438306 2.68095 core
-4.30567 -0.467992 2.02736 core
-4.19142 0.60209 2.46633 core
-3.8361 0.511592 2.55941 core
-3.78858 0.28113 2.34761 core
-3.84328 0.295443 2.54404 core
-4.13516 0.516107 2.44082 core
-4.05682 0.492301 2.55038 core
-3.93275 0.550613 2.49265 core
-3.91171 0.993458 2.33697 core
-3.9215 -0.274871 2.46116 core
-4.4402 -0.553152 2.53134 core
-3.35086 -0.306518 2.5042 core
-4.48837 -0.193874 2.36612 core
-4.31231 -0.291706 3.06406 core
-4.37149 -0.204912 2.86724 core
-3.96629 -0.203516 2.98856 core
-3.32776 -0.102933 3.24713 core
-3.51212 -1.05475 2.3739 core
-3.0778 0.0774928 3.03783 core
-3.51132 0.648845 3.05483 core
-2.79822 -0.726292 1.67878 core
-4.53229 0.0424647 3.06545 core
-4.2502 -0.214744 3.42982 core
-2.59013 0.077228 3.78526 core
-3.87146 -0.944491 2.60838 core
-2.50386 0.611105 1.91591 core
-4.31319 0.036465 3.69853 core
-4.44193 0.27766 3.60318 core
-4.40064 -0.0478905 3.52966 core
-3.85436 -0.208128 2.06332 core
-4.16278 -0.279007 1.91117 core
-3.57375 -0.157537 1.4524 core
-3.16453 -0.177521 1.75001 core
-3.10263 0.334631 2.44103 core
-3.0917 0.436932 2.59479 core
-3.89497 -0.616514 2.13082 core
-4.07944 0.441366 2.16335 core
-3.84213 1.41668 1.66331 core
-2.97194 1.15083 1.7654 core
-4.06761 -2.06768 2.2085 border
-3.72347 -0.959621 2.32233 core
-3.70203 0.886563 2.27695 core
-3.22158 0.761127 2.50431 core
-2.53079 1.31567 2.5993 core
-3.37007 0.830873 2.61888 core
-3.21797 0.315033 2.45038 core
-3.23796 0.343249 2.58904 core
-3.56598 -0.905098 2.6465 core
-3.91058 -0.325689 2.37416 core
-2.81082 0.18285 1.01829 core
-3.78562 -1.19126 2.60017 core
-3.69864 -0.869685 1.36285 core
-3.13501 -0.0518256 2.76189 core
-2.66399 0.384276 2.56487 core
-3.79882 0.205154 2.37566 core
-3.70976 -0.288636 1.69419 core
-2.43555 0.600217 1.43031 core
-2.51642 -0.437568 1.56279 core
-3.51373 0.00732718 1.71922 core
-3.97641 0.141406 3.05246 core
-3.59872 0.229868 2.157 core
-2.64771 0.165662 3.69688 core
-4.47608 0.305047 2.74409 core
-4.58671 -0.302314 3.11566 core
-3.86556 0.81639 2.69438 core
-3.36523 -0.166021 1.62744 core
-2.69189 -0.998891 1.75515 core
-3.19869 -0.69754 2.96274 core
-2.02508 -1.37359 3.54686 border
-3.3674 -0.148189 1.99727 core
-2.41412 0.215575 3.762 core
-2.06303 0.348245 3.15802 core
-2.54914 0.203758 3.32326 core
-2.05281 -1.2394 3.78334 border
-1.81736 0.135514 3.09678 core
-3.45331 -0.631706 1.73864 core
-3.35384 -1.16974 1.68032 core
-4.57662 -0.384018 2.50138 core
-3.95739 -0.299548 1.80227 core
-3.07061 0.188007 2.23204 core
-2.03893 0.456712 2.33766 core
-2.6873 0.561727 2.52317 core
-4.25176 -0.805745 1.13341 core
-3.43295 1.56639 1.93521 core
-3.83343 1.15161 1.91831 core
-2.89718 0.0901616 2.05658 core
-1.90954 -0.804062 0.967845 border
-3.33784 0.275569 1.01871 core
-4.96172 -1.41194 2.36859 core
-4.37302 -1.09954 2.70943 core
-3.94192 -0.50138 1.80915 core
-4.06261 -0.611307 3.17532 core
-4.37927 0.72105 3.65305 core
-4.96703 1.10829 3.42661 core
-5.12046 0.563867 4.25951 core
-3.95867 1.01244 3.667 core
-4.6165 0.907607 2.86857 core
-5.79806 0.489616 3.49926 core
-4.27204 0.891663 3.1551 core
-4.08812 0.865589 3.61638 core
-3.94213 1.15897 3.69463 core
-4.27243 1.04803 3.10172 core
-4.88122 0.712763 3.66216 core
-4.34473 0.452022 4.07415 core
-4.56575 0.156499 4.40775 core
-3.81963 0.524033 5.5037 core
-4.57647 0.114688 3.91367 core
-3.84774 0.637405 4.64345 core
-4.10978 1.60474 3.82145 core
-5.36534 0.55999 4.44077 core
-4.18988 0.566389 4.58051 core
-4.11364 0.991419 4.46157 core
-4.64395 0.495333 5.65095 border
-5.18276 0.502128 3.55761 core
-4.76103 0.301526 3.78924 core
-5.88273 0.717459 4.2702 core
-5.19953 0.117994 4.48299 core
-4.67827 0.71099 4.06922 core
-4.75964 0.154219 3.98082 core
-4.15606 -0.043885 4.48606 core
-3.82994 0.367361 4.19768 core
-3.96313 0.875787 3.95859 core
-3.87717 1.88368 3.9369 core
-5.34645 0.525027 3.3731 core
-6.65852 -0.512347 2.57814 border
-4.48668 1.87255 3.59464 core
-4.4422 0.317439 3.3633 core
-3.43343 1.04269 4.96456 core
-2.37999 0.247038 5.89978 border
-1.82486 0.817481 5.72322 border
-3.68674 0.495673 3.95495 core
-3.7761 1.78288 3.91804 core
-5.32824 0.0826976 4.42276 core
-4.59703 -0.67226 3.91894 core
-5.52546 -0.8088 5.06242 border
-5.67893 -1.03962 4.63643 border
-4.18956 -1.47386 4.92698 border
-4.5581 0.472144 4.21684 core
-4.31777 0.50746 4.56381 core
-4.13555 0.201248 4.20323 core
-3.77911 0.0973917 3.69233 core
-3.53259 0.614388 3.20011 core
-3.34441 0.570607 3.21122 core
-4.18963 1.74903 4.5074 core
-4.47072 0.597207 5.15979 core
-4.05267 0.46594 4.02641 core
-4.30418 0.236169 4.53891 core
-4.07336 1.00428 3.0315 core
-4.89101 0.508654 4.24212 core
-4.6853 0.235026 3.96833 core
-3.66554 1.04719 4.08886 core
-4.92608 1.34199 3.49601 core
-4.38255 -0.292697 4.76503 core
-4.07094 0.418312 3.94983 core
-4.61364 -0.178318 3.71702 core
-3.37244 0.453625 3.29918 core
-5.15256 0.159389 3.98821 core
-4.80941 1.2727 3.9697 core
-5.03109 0.802881 3.77465 core
-4.4674 -0.283935 4.97526 core
-4.19387 1.10151 3.46488 core
-3.92864 0.610466 3.85601 core
-5.3728 0.557973 3.47657 core
-6.65423 -0.0269517 3.91796 border
-4.42904 0.883515 4.56238 core
-4.05935 0.344139 3.12343 core
-3.82655 0.446105 3.61892 core
-3.81685 0.184866 3.62185 core
-3.65975 0.696376 3.50547 core
-4.43364 1.45993 4.08603 core
-3.01342 0.573737 4.50623 core
-4.29247 0.201672 4.61339 core
-4.29292 1.0625 3.47549 core
-4.76435 -0.102333 4.47616 core
-4.96602 0.0532709 4.53203 core
-4.27372 0.164552 4.31595 core
-4.2411 0.654967 4.0627 core
-4.48491 1.08972 3.97592 core
-4.84448 1.93498 4.94165 border
-5.05458 1.7766 5.34282 border
-4.56665 1.56897 3.70009 core
-3.19635 1.09904 2.36152 core
-1.83555 0.26908 2.01365 core
-2.35375 0.598494 2.3103 core
-2.72877 -0.164475 2.39541 core
-2.24523 0.414647 2.75253 core
-1.99923 0.224908 2.15809 core
-1.92383 0.056549 2.25106 core
-2.31313 0.487864 2.37229 core
-3.4072 0.358356 4.35955 core
-3.15897 -0.248588 4.23061 core
-3.26018 0.759008 4.79403 core
-3.70699 0.182282 4.392 core
-3.69561 0.690193 3.18394 core
-3.65537 1.48654 2.10032 core
-4.14373 0.892155 1.43114 core
-4.42875 1.00989 1.33759 core
49
7.17311 -4.91632 -8.6053 noise
9.42212 -4.36712 -5.51852 noise
8.7543 -5.95209 -8.53969 noise
6.54056 -5.29796 -10.5718 noise
-4.55045 2.28749 5.4596 noise
7.32647 1.28259 -8.85072 noise
10.8661 -3.94067 6.30788 noise
10.3328 -4.42196 10.8204 noise
12.2455 -6.2389 7.70426 noise
6.47851 -3.17925 -10.9115 noise
12.3393 -4.25131 -8.84004 noise
7.22797 -4.37274 -11.4418 noise
-6.15337 -1.90362 3.21698 noise
11.7519 -6.79651 9.12557 noise
8.53096 -4.78852 -11.1818 noise
12.099 -3.67638 -10.3814 noise
6.86228 -2.84354 5.59211 noise
11.4993 -7.4143 7.25187 noise
6.51708 -3.34774 9.05319 noise
7.46299 -8.35531 9.12405 noise
-4.76687 1.15971 0.312077 noise
9.92394 -7.15337 10.2816 noise
12.0285 -3.11719 -11.2625 noise
7.71509 0.320404 -9.07865 noise
-2.20741 2.87579 0.1577 noise
-1.85282 -2.54173 3.01038 noise
-1.65405 0.155786 5.87887 noise
7.40669 -3.92287 10.6863 noise
-5.19557 2.59177 5.27391 noise
-2.25053 3.41263 3.84939 noise
7.88019 -2.35015 6.67785 noise
-6.52256 0.361221 5.37668 noise
9.12229 -0.785587 -6.23608 noise
10.1705 -0.0596121 -6.46828 noise
12.2218 -3.81564 -10.0971 noise
-3.13046 -2.80195 2.75476 noise
10.5405 1.70516 -9.91442 noise
9.64395 -1.18072 -11.9242 noise
7.76838 -8.55463 7.77952 noise
-5.97621 -1.77172 0.603128 noise
-3.75867 -2.14549 4.67825 noise
10.9437 -4.86822 -10.0605 noise
11.7455 -6.60908 7.51167 noise
11.4265 -4.25677 9.72206 noise
9.43247 -2.85345 10.5672 noise
-1.51415 3.16544 1.50293 noise
7.58994 -8.0279 6.02486 noise
-5.35171 -1.85373 1.48186 noise
9.00362 -0.448811 -6.12948 noise
