non_text 15 2
-11.004161206558486 -10.24530372973464 
3.1768184552599394 -9.006254703405759 
-8.357174823998038 -8.854391074446012 
-8.435048195710767 -7.806762293952905 
-7.393981404723236 1.028497940990529 
-6.465388143821774 0.4870595871129323 
1.7378505231503554 -9.575283879631659 
1.1437903454896514 -9.697724553571327 
-6.9145102974713275 3.033882068724556 
-6.570426782705661 1.1091458038063127 
2.6502349385029955 -8.78415509686841 
-9.008866366830741 -8.939591350340011 
-8.198548337708637 -9.689507438131614 
2.294976018616592 -10.504253545393299 
-8.244677296600988 3.2921021434741 

