1529 13656 11148
1449 14656 11108
1649 17656 12908
1529 13652 11124
1529 13660 11096
1529 13788 11216
1529 13660 10972
1529 13792 11052
1529 13660 11252
1529 13792 11344
1529 13788 11060
1529 13784 11276
1529 13788 11052
1529 13788 11028
1529 13660 11148
1529 13552 11264
1529 13780 11300
1529 13780 11216
1529 13472 11004
4999 15636 13176
4999 14148 11544
4999 13624 11244
5124 164412 161920
3635 110560 108292
3635 89648 87352
3635 112208 109808
3635 112524 110000
3635 112340 110060
3635 111336 109048
3635 111908 109544
3635 122472 120276
