1412 17952 15572
1412 17228 14856
1412 18356 15980
1366 18576 16272
3504 30112 27500
3131 27248 24748
2000 20068 17436
2993 26976 24612
3204 27848 25408
1939 20292 17788
2907 26112 23920
1719 18520 16180
1578 17308 14892
2817 24772 22412
2550 22760 20052
2928 25672 23340
2034 19584 17008
2399 21804 19308
2050 19628 17188
2004 19548 17188
3223 43708 40900
1041 15452 12996
693 14728 12324
671 14772 12476
665 14668 12444
610 14520 12224
667 14728 12416
668 14680 12304
583 14572 12272
579 14648 12324
640 14656 12256
614 14664 12236
605 14828 12376
1259 16544 14032
621 17272 14508
845 13300 10800
2901 23436 20924
894 13424 10804
941 13704 11012
933 13700 11060
908 13552 10908
1615 16652 14192
361 12932 10436
414 14960 12620
530 14988 12484
335 12948 10532
307 12860 10420
350 12852 10404
4967 432236 429540
4755 294696 292080
3257 190788 188320
4816 214048 211556
4157 128884 126292
4791 204692 202232
4244 200556 198072
4426 214708 212272
2512 45056 42728
1587 26820 24524
5000 63892 61368
5000 60408 57800
5000 66364 63716
5000 63096 60592
5000 62064 59464
5000 66708 64220
3952 49764 47412
5000 64768 62160
5000 67180 64784
5000 63968 61444
743 16964 14592
4969 38024 35708
869 17284 14908
4527 40584 38076
4527 40188 37684
4527 39852 37416
2865 52352 49980
1190 18808 16108
4592 40224 37772
4595 39636 36852
4510 39532 36928
4522 39732 36920
1743 15940 13636
1891 16572 14124
3011 28492 25852
3442 52520 50104
1989 28520 26280
1995 27112 24840
4636 38912 36292
4649 40340 37812
4511 38176 35428
0 33488 31080
2788 43692 40920
2788 43200 40440
2785 46336 43684
2776 54396 51924
2782 49756 47448
2779 49088 46340
2776 52220 49488
